Current(mA),Voltage(mV),dI(mA),dV(mV),Power(W),RawCapacity(mAh),T(C),SOC
0,4197.9,0,0,0,0,39.8,1
0,4197.5,0,-0.4,0,0,39.8,1
0,4197.2,0,-0.3,0,0,39.8,1
0,4196.9,0,-0.3,0,0,39.8,1
0,4196.7,0,-0.2,0,0,39.8,1
0,4196.5,0,-0.2,0,0,39.8,1
0,4196.3,0,-0.2,0,0,39.8,1
0,4196.1,0,-0.2,0,0,39.8,1
0,4195.9,0,-0.2,0,0,39.8,1
0,4195.7,0,-0.2,0,0,39.8,1
0,4195.6,0,-0.1,0,0,39.8,1
0,4195.4,0,-0.2,0,0,39.8,1
0,4195.3,0,-0.1,0,0,39.8,1
0,4195.1,0,-0.2,0,0,39.8,1
0,4194.9,0,-0.2,0,0,39.8,1
0,4194.8,0,-0.1,0,0,39.8,1
0,4194.7,0,-0.1,0,0,39.8,1
0,4194.5,0,-0.2,0,0,39.8,1
0,4194.4,0,-0.1,0,0,39.8,1
0,4194.2,0,-0.2,0,0,39.8,1
0,4194.1,0,-0.1,0,0,39.8,1
0,4194,0,-0.1,0,0,39.8,1
0,4193.9,0,-0.1,0,0,39.8,1
0,4193.7,0,-0.2,0,0,39.8,1
0,4193.6,0,-0.1,0,0,39.8,1
0,4193.5,0,-0.1,0,0,39.8,1
0,4193.4,0,-0.1,0,0,39.8,1
0,4193.3,0,-0.1,0,0,39.8,1
0,4193.1,0,-0.2,0,0,39.8,1
0,4193.1,0,0,0,0,39.8,1
0,4192.9,0,-0.2,0,0,39.8,1
0,4192.8,0,-0.1,0,0,39.8,1
0,4192.7,0,-0.1,0,0,39.8,1
0,4192.6,0,-0.1,0,0,39.8,1
0,4192.5,0,-0.1,0,0,39.8,1
0,4192.4,0,-0.1,0,0,39.8,1
0,4192.2,0,-0.2,0,0,39.8,1
0,4192.2,0,0,0,0,39.8,1
0,4192.1,0,-0.1,0,0,39.8,1
0,4192,0,-0.1,0,0,39.8,1
0,4191.9,0,-0.1,0,0,39.8,1
0,4191.8,0,-0.1,0,0,39.8,1
0,4191.6,0,-0.2,0,0,39.8,1
0,4191.5,0,-0.1,0,0,39.8,1
0,4191.5,0,0,0,0,39.8,1
0,4191.4,0,-0.1,0,0,39.8,1
0,4191.3,0,-0.1,0,0,39.8,1
0,4191.2,0,-0.1,0,0,39.8,1
0,4191.1,0,-0.1,0,0,39.8,1
0,4191,0,-0.1,0,0,39.8,1
0,4190.9,0,-0.1,0,0,39.8,1
0,4190.8,0,-0.1,0,0,39.8,1
0,4190.7,0,-0.1,0,0,39.8,1
0,4190.6,0,-0.1,0,0,39.8,1
0,4190.6,0,0,0,0,39.8,1
0,4190.4,0,-0.2,0,0,39.8,1
0,4190.3,0,-0.1,0,0,39.8,1
0,4190.3,0,0,0,0,39.8,1
0,4190.2,0,-0.1,0,0,39.8,1
0,4190.1,0,-0.1,0,0,39.8,1
0,4190,0,-0.1,0,0,39.8,1
0,4189.9,0,-0.1,0,0,39.8,1
0,4189.8,0,-0.1,0,0,39.8,1
0,4189.8,0,0,0,0,39.8,1
0,4189.6,0,-0.2,0,0,39.8,1
0,4189.6,0,0,0,0,39.8,1
0,4189.5,0,-0.1,0,0,39.8,1
0,4189.4,0,-0.1,0,0,39.8,1
0,4189.3,0,-0.1,0,0,39.8,1
0,4189.2,0,-0.1,0,0,39.8,1
0,4189.2,0,0,0,0,39.8,1
0,4189.1,0,-0.1,0,0,39.8,1
0,4189,0,-0.1,0,0,39.8,1
0,4188.9,0,-0.1,0,0,39.8,1
0,4188.8,0,-0.1,0,0,39.8,1
0,4188.8,0,0,0,0,39.8,1
0,4188.7,0,-0.1,0,0,39.8,1
0,4188.6,0,-0.1,0,0,39.8,1
0,4188.5,0,-0.1,0,0,39.8,1
0,4188.5,0,0,0,0,39.8,1
0,4188.3,0,-0.2,0,0,39.8,1
0,4188.3,0,0,0,0,39.8,1
0,4188.2,0,-0.1,0,0,39.8,1
0,4188.1,0,-0.1,0,0,39.8,1
0,4188.1,0,0,0,0,39.8,1
0,4188,0,-0.1,0,0,39.8,1
0,4187.9,0,-0.1,0,0,39.8,1
0,4187.8,0,-0.1,0,0,39.8,1
0,4187.7,0,-0.1,0,0,39.8,1
0,4187.7,0,0,0,0,39.8,1
0,4187.6,0,-0.1,0,0,39.8,1
0,4187.5,0,-0.1,0,0,39.8,1
0,4187.4,0,-0.1,0,0,39.8,1
0,4187.4,0,0,0,0,39.8,1
0,4187.3,0,-0.1,0,0,39.8,1
0,4187.2,0,-0.1,0,0,39.8,1
0,4187.1,0,-0.1,0,0,39.8,1
0,4187.1,0,0,0,0,39.8,1
0,4187,0,-0.1,0,0,39.8,1
0,4186.9,0,-0.1,0,0,39.8,1
0,4186.9,0,0,0,0,39.8,1
0,4186.8,0,-0.1,0,0,39.8,1
0,4186.7,0,-0.1,0,0,39.8,1
0,4186.6,0,-0.1,0,0,39.8,1
0,4186.6,0,0,0,0,39.8,1
0,4186.5,0,-0.1,0,0,39.8,1
0,4186.4,0,-0.1,0,0,39.8,1
0,4186.4,0,0,0,0,39.8,1
0,4186.3,0,-0.1,0,0,39.8,1
0,4186.2,0,-0.1,0,0,39.8,1
0,4186.1,0,-0.1,0,0,39.8,1
0,4186.1,0,0,0,0,39.8,1
0,4186.1,0,0,0,0,39.8,1
0,4185.9,0,-0.2,0,0,39.8,1
0,4185.9,0,0,0,0,39.8,1
0,4185.8,0,-0.1,0,0,39.8,1
0,4185.8,0,0,0,0,39.8,1
0,4185.7,0,-0.1,0,0,39.8,1
0,4185.7,0,0,0,0,39.8,1
0,4185.6,0,-0.1,0,0,39.8,1
0,4185.5,0,-0.1,0,0,39.8,1
0,4185.4,0,-0.1,0,0,39.8,1
0,4185.4,0,0,0,0,39.8,1
0,4185.3,0,-0.1,0,0,39.8,1
0,4185.3,0,0,0,0,39.8,1
0,4185.2,0,-0.1,0,0,39.8,1
0,4185.1,0,-0.1,0,0,39.8,1
0,4185,0,-0.1,0,0,39.8,1
0,4185,0,0,0,0,39.8,1
0,4184.9,0,-0.1,0,0,39.8,1
0,4184.9,0,0,0,0,39.8,1
0,4184.8,0,-0.1,0,0,39.8,1
0,4184.7,0,-0.1,0,0,39.8,1
0,4184.7,0,0,0,0,39.8,1
0,4184.6,0,-0.1,0,0,39.8,1
0,4184.5,0,-0.1,0,0,39.8,1
0,4184.5,0,0,0,0,39.8,1
0,4184.4,0,-0.1,0,0,39.8,1
0,4184.4,0,0,0,0,39.8,1
0,4184.3,0,-0.1,0,0,39.8,1
0,4184.2,0,-0.1,0,0,39.8,1
0,4184.2,0,0,0,0,39.8,1
0,4184.1,0,-0.1,0,0,39.8,1
0,4184,0,-0.1,0,0,39.8,1
0,4184,0,0,0,0,39.8,1
0,4183.9,0,-0.1,0,0,39.8,1
0,4183.8,0,-0.1,0,0,39.8,1
0,4183.8,0,0,0,0,39.8,1
0,4183.7,0,-0.1,0,0,39.8,1
0,4183.7,0,0,0,0,39.8,1
0,4183.7,0,0,0,0,39.8,1
0,4183.5,0,-0.2,0,0,39.8,1
0,4183.5,0,0,0,0,39.8,1
0,4183.5,0,0,0,0,39.8,1
0,4183.4,0,-0.1,0,0,39.8,1
0,4183.3,0,-0.1,0,0,39.7,1
0,4183.3,0,0,0,0,39.7,1
0,4183.2,0,-0.1,0,0,39.7,1
0,4183.2,0,0,0,0,39.7,1
0,4183.1,0,-0.1,0,0,39.7,1
0,4183,0,-0.1,0,0,39.7,1
0,4183,0,0,0,0,39.7,1
0,4182.9,0,-0.1,0,0,39.7,1
0,4182.8,0,-0.1,0,0,39.7,1
0,4182.8,0,0,0,0,39.7,1
0,4182.7,0,-0.1,0,0,39.7,1
0,4182.7,0,0,0,0,39.7,1
0,4182.6,0,-0.1,0,0,39.7,1
0,4182.6,0,0,0,0,39.7,1
0,4182.5,0,-0.1,0,0,39.7,1
0,4182.5,0,0,0,0,39.7,1
0,4182.4,0,-0.1,0,0,39.7,1
0,4182.3,0,-0.1,0,0,39.7,1
0,4182.3,0,0,0,0,39.7,1
0,4182.2,0,-0.1,0,0,39.7,1
0,4182.2,0,0,0,0,39.7,1
0,4182.1,0,-0.1,0,0,39.7,1
0,4182.1,0,0,0,0,39.7,1
0,4182,0,-0.1,0,0,39.7,1
0,4181.9,0,-0.1,0,0,39.7,1
0,4181.9,0,0,0,0,39.7,1
0,4181.8,0,-0.1,0,0,39.7,1
0,4181.8,0,0,0,0,39.7,1
0,4181.7,0,-0.1,0,0,39.7,1
0,4181.7,0,0,0,0,39.7,1
0,4181.6,0,-0.1,0,0,39.7,1
0,4181.6,0,0,0,0,39.7,1
0,4181.5,0,-0.1,0,0,39.7,1
0,4181.5,0,0,0,0,39.7,1
0,4181.4,0,-0.1,0,0,39.7,1
0,4181.4,0,0,0,0,39.7,1
0,4181.3,0,-0.1,0,0,39.7,1
0,4181.2,0,-0.1,0,0,39.7,1
0,4181.2,0,0,0,0,39.7,1
0,4181.2,0,0,0,0,39.7,1
0,4181.1,0,-0.1,0,0,39.7,1
0,4181,0,-0.1,0,0,39.7,1
0,4181,0,0,0,0,39.7,1
0,4180.9,0,-0.1,0,0,39.7,1
0,4180.9,0,0,0,0,39.7,1
0,4180.8,0,-0.1,0,0,39.7,1
0,4180.8,0,0,0,0,39.7,1
0,4180.7,0,-0.1,0,0,39.7,1
0,4180.7,0,0,0,0,39.7,1
0,4180.6,0,-0.1,0,0,39.7,1
0,4180.6,0,0,0,0,39.7,1
0,4180.6,0,0,0,0,39.7,1
0,4180.5,0,-0.1,0,0,39.7,1
0,4180.4,0,-0.1,0,0,39.7,1
0,4180.4,0,0,0,0,39.7,1
0,4180.3,0,-0.1,0,0,39.7,1
0,4180.3,0,0,0,0,39.7,1
0,4180.2,0,-0.1,0,0,39.7,1
0,4180.2,0,0,0,0,39.7,1
0,4180.1,0,-0.1,0,0,39.7,1
0,4180.1,0,0,0,0,39.7,1
0,4180,0,-0.1,0,0,39.7,1
0,4180,0,0,0,0,39.7,1
0,4179.9,0,-0.1,0,0,39.7,1
0,4179.9,0,0,0,0,39.7,1
0,4179.8,0,-0.1,0,0,39.7,1
0,4179.8,0,0,0,0,39.7,1
0,4179.7,0,-0.1,0,0,39.7,1
0,4179.7,0,0,0,0,39.7,1
0,4179.7,0,0,0,0,39.7,1
0,4179.6,0,-0.1,0,0,39.7,1
0,4179.5,0,-0.1,0,0,39.7,1
0,4179.5,0,0,0,0,39.7,1
0,4179.4,0,-0.1,0,0,39.7,1
0,4179.4,0,0,0,0,39.7,1
0,4179.3,0,-0.1,0,0,39.7,1
0,4179.3,0,0,0,0,39.7,1
0,4179.2,0,-0.1,0,0,39.7,1
0,4179.2,0,0,0,0,39.7,1
0,4179.1,0,-0.1,0,0,39.7,1
0,4179.1,0,0,0,0,39.7,1
0,4179,0,-0.1,0,0,39.7,1
0,4179,0,0,0,0,39.7,1
0,4179,0,0,0,0,39.7,1
0,4178.9,0,-0.1,0,0,39.7,1
0,4178.8,0,-0.1,0,0,39.7,1
0,4178.8,0,0,0,0,39.7,1
0,4178.7,0,-0.1,0,0,39.7,1
0,4178.7,0,0,0,0,39.7,1
0,4178.7,0,0,0,0,39.7,1
0,4178.6,0,-0.1,0,0,39.7,1
0,4178.6,0,0,0,0,39.7,1
0,4178.5,0,-0.1,0,0,39.7,1
0,4178.5,0,0,0,0,39.7,1
0,4178.5,0,0,0,0,39.7,1
0,4178.4,0,-0.1,0,0,39.7,1
0,4178.4,0,0,0,0,39.7,1
0,4178.3,0,-0.1,0,0,39.7,1
0,4178.3,0,0,0,0,39.7,1
0,4178.2,0,-0.1,0,0,39.7,1
0,4178.1,0,-0.1,0,0,39.7,1
0,4178.1,0,0,0,0,39.7,1
0,4178.1,0,0,0,0,39.7,1
0,4178,0,-0.1,0,0,39.7,1
0,4178,0,0,0,0,39.7,1
0,4178,0,0,0,0,39.7,1
0,4177.9,0,-0.1,0,0,39.7,1
0,4177.8,0,-0.1,0,0,39.7,1
0,4177.8,0,0,0,0,39.7,1
0,4177.8,0,0,0,0,39.7,1
0,4177.7,0,-0.1,0,0,39.7,1
0,4177.7,0,0,0,0,39.7,1
0,4177.7,0,0,0,0,39.7,1
0,4177.6,0,-0.1,0,0,39.7,1
0,4177.6,0,0,0,0,39.7,1
0,4177.5,0,-0.1,0,0,39.7,1
0,4177.4,0,-0.1,0,0,39.7,1
0,4177.4,0,0,0,0,39.7,1
0,4177.4,0,0,0,0,39.7,1
0,4177.4,0,0,0,0,39.7,1
0,4177.3,0,-0.1,0,0,39.7,1
0,4177.3,0,0,0,0,39.7,1
0,4177.2,0,-0.1,0,0,39.7,1
0,4177.2,0,0,0,0,39.7,1
0,4177.1,0,-0.1,0,0,39.7,1
0,4177.1,0,0,0,0,39.7,1
0,4177,0,-0.1,0,0,39.7,1
0,4177,0,0,0,0,39.7,1
0,4176.9,0,-0.1,0,0,39.7,1
0,4176.9,0,0,0,0,39.7,1
0,4176.9,0,0,0,0,39.7,1
0,4176.8,0,-0.1,0,0,39.7,1
0,4176.8,0,0,0,0,39.7,1
0,4176.7,0,-0.1,0,0,39.7,1
0,4176.7,0,0,0,0,39.7,1
0,4176.6,0,-0.1,0,0,39.7,1
0,4176.6,0,0,0,0,39.7,1
0,4176.6,0,0,0,0,39.7,1
0,4176.5,0,-0.1,0,0,39.7,1
0,4176.5,0,0,0,0,39.7,1
0,4176.4,0,-0.1,0,0,39.7,1
0,4176.4,0,0,0,0,39.7,1
0,4176.4,0,0,0,0,39.7,1
0,4176.3,0,-0.1,0,0,39.7,1
0,4176.3,0,0,0,0,39.7,1
0,4176.3,0,0,0,0,39.7,1
-6,4176.4,-6,0.1,-0.0250584,0,39.7,1
20,4175.4,26,-1,0.083508,0,39.7,1
37,4174.6,17,-0.8,0.1544602,0,39.7,1
42,4174.3,5,-0.3,0.1753206,0,39.7,1
36,4174.2,-6,-0.1,0.1502712,0,39.7,1
40,4174,4,-0.2,0.16696,0,39.7,1
36,4174,-4,0,0.150264,0.1,39.7,0.99993046
35,4173.9,-1,-0.1,0.1460865,0.1,39.7,0.99993046
35,4173.7,0,-0.2,0.1460795,0.1,39.7,0.99993046
33,4173.7,-2,0,0.1377321,0.1,39.7,0.99993046
36,4173.5,3,-0.2,0.150246,0.1,39.7,0.99993046
40,4173.2,4,-0.3,0.166928,0.1,39.7,0.99993046
41,4173.1,1,-0.1,0.1710971,0.1,39.7,0.99993046
37,4173.1,-4,0,0.1544047,0.1,39.7,0.99993046
37,4173,0,-0.1,0.154401,0.1,39.7,0.99993046
38,4172.8,1,-0.2,0.1585664,0.1,39.7,0.99993046
46,4172.4,8,-0.4,0.1919304,0.2,39.7,0.99986092
36,4172.6,-10,0.2,0.1502136,0.2,39.7,0.99986092
38,4172.5,2,-0.1,0.158555,0.2,39.7,0.99986092
33,4172.5,-5,0,0.1376925,0.2,39.7,0.99986092
38,4172.3,5,-0.2,0.1585474,0.2,39.7,0.99986092
36,4172.2,-2,-0.1,0.1501992,0.2,39.7,0.99986092
38,4172.1,2,-0.1,0.1585398,0.2,39.7,0.99986092
35,4172,-3,-0.1,0.14602,0.2,39.7,0.99986092
35,4172,0,0,0.14602,0.2,39.7,0.99986092
34,4172,-1,0,0.141848,0.3,39.7,0.99979138
41,4171.6,7,-0.4,0.1710356,0.3,39.7,0.99979138
41,4171.5,0,-0.1,0.1710315,0.3,39.7,0.99979138
38,4171.5,-3,0,0.158517,0.3,39.7,0.99979138
39,4171.3,1,-0.2,0.1626807,0.3,39.7,0.99979138
39,4171.2,0,-0.1,0.1626768,0.3,39.7,0.99979138
41,4171.1,2,-0.1,0.1710151,0.3,39.7,0.99979138
39,4171,-2,-0.1,0.162669,0.3,39.7,0.99979138
35,4171.1,-4,0.1,0.1459885,0.3,39.7,0.99979138
35,4171,0,-0.1,0.145985,0.3,39.7,0.99979138
31,4171,-4,0,0.129301,0.4,39.7,0.99972184
34,4170.9,3,-0.1,0.1418106,0.4,39.7,0.99972184
34,4170.8,0,-0.1,0.1418072,0.4,39.7,0.99972184
36,4170.6,2,-0.2,0.1501416,0.4,39.7,0.99972184
36,4170.5,0,-0.1,0.150138,0.4,39.7,0.99972184
33,4170.6,-3,0.1,0.1376298,0.4,39.7,0.99972184
40,4170.3,7,-0.3,0.166812,0.4,39.7,0.99972184
37,4170.2,-3,-0.1,0.1542974,0.4,39.7,0.99972184
35,4170.2,-2,0,0.145957,0.4,39.7,0.99972184
41,4170,6,-0.2,0.17097,0.4,39.7,0.99972184
38,4169.9,-3,-0.1,0.1584562,0.5,39.7,0.99965229
35,4170,-3,0.1,0.14595,0.5,39.7,0.99965229
37,4169.8,2,-0.2,0.1542826,0.5,39.7,0.99965229
35,4169.8,-2,0,0.145943,0.5,39.7,0.99965229
40,4169.6,5,-0.2,0.166784,0.5,39.7,0.99965229
34,4169.7,-6,0.1,0.1417698,0.5,39.7,0.99965229
33,4169.6,-1,-0.1,0.1375968,0.5,39.7,0.99965229
41,4169.3,8,-0.3,0.1709413,0.5,39.7,0.99965229
33,4169.4,-8,0.1,0.1375902,0.5,39.7,0.99965229
30,4169.5,-3,0.1,0.125085,0.5,39.7,0.99965229
35,4169.3,5,-0.2,0.1459255,0.6,39.7,0.99958275
33,4169.3,-2,0,0.1375869,0.6,39.7,0.99958275
33,4169.2,0,-0.1,0.1375836,0.6,39.7,0.99958275
42,4168.8,9,-0.4,0.1750896,0.6,39.7,0.99958275
38,4168.8,-4,0,0.1584144,0.6,39.7,0.99958275
42,4168.6,4,-0.2,0.1750812,0.6,39.7,0.99958275
40,4168.6,-2,0,0.166744,0.6,39.7,0.99958275
37,4168.6,-3,0,0.1542382,0.6,39.7,0.99958275
36,4168.6,-1,0,0.1500696,0.6,39.7,0.99958275
36,4168.5,0,-0.1,0.150066,0.6,39.7,0.99958275
37,4168.4,1,-0.1,0.1542308,0.7,39.7,0.99951321
33,4168.4,-4,0,0.1375572,0.7,39.7,0.99951321
39,4168.2,6,-0.2,0.1625598,0.7,39.7,0.99951321
35,4168.2,-4,0,0.145887,0.7,39.7,0.99951321
37,4168.1,2,-0.1,0.1542197,0.7,39.7,0.99951321
34,4168.1,-3,0,0.1417154,0.7,39.7,0.99951321
39,4167.9,5,-0.2,0.1625481,0.7,39.7,0.99951321
32,4168,-7,0.1,0.133376,0.7,39.7,0.99951321
37,4167.8,5,-0.2,0.1542086,0.7,39.7,0.99951321
38,4167.7,1,-0.1,0.1583726,0.8,39.7,0.99944367
36,4167.7,-2,0,0.1500372,0.8,39.7,0.99944367
34,4167.7,-2,0,0.1417018,0.8,39.7,0.99944367
42,4167.3,8,-0.4,0.1750266,0.8,39.7,0.99944367
36,4167.4,-6,0.1,0.1500264,0.8,39.7,0.99944367
36,4167.4,0,0,0.1500264,0.8,39.7,0.99944367
34,4167.4,-2,0,0.1416916,0.8,39.7,0.99944367
36,4167.2,2,-0.2,0.1500192,0.8,39.7,0.99944367
39,4167.1,3,-0.1,0.1625169,0.8,39.7,0.99944367
39,4167,0,-0.1,0.162513,0.8,39.7,0.99944367
34,4167,-5,0,0.141678,0.9,39.7,0.99937413
39,4166.8,5,-0.2,0.1625052,0.9,39.7,0.99937413
32,4167,-7,0.2,0.133344,0.9,39.7,0.99937413
35,4166.8,3,-0.2,0.145838,0.9,39.7,0.99937413
39,4166.6,4,-0.2,0.1624974,0.9,39.7,0.99937413
40,4166.5,1,-0.1,0.16666,0.9,39.7,0.99937413
36,4166.5,-4,0,0.149994,0.9,39.7,0.99937413
40,4166.4,4,-0.1,0.166656,0.9,39.7,0.99937413
37,4166.4,-3,0,0.1541568,0.9,39.7,0.99937413
37,4166.3,0,-0.1,0.1541531,0.9,39.7,0.99937413
37,4166.3,0,0,0.1541531,1,39.7,0.99930459
32,4166.3,-5,0,0.1333216,1,39.7,0.99930459
42,4165.9,10,-0.4,0.1749678,1,39.7,0.99930459
40,4165.9,-2,0,0.166636,1,39.7,0.99930459
36,4166,-4,0.1,0.149976,1,39.7,0.99930459
38,4165.8,2,-0.2,0.1583004,1,39.7,0.99930459
40,4165.7,2,-0.1,0.166628,1,39.7,0.99930459
33,4165.8,-7,0.1,0.1374714,1,39.7,0.99930459
30,4165.9,-3,0.1,0.124977,1,39.7,0.99930459
37,4165.6,7,-0.3,0.1541272,1,39.7,0.99930459
36,4165.6,-1,0,0.1499616,1.1,39.7,0.99923505
40,4165.4,4,-0.2,0.166616,1.1,39.7,0.99923505
35,4165.4,-5,0,0.145789,1.1,39.7,0.99923505
40,4165.2,5,-0.2,0.166608,1.1,39.7,0.99923505
37,4165.3,-3,0.1,0.1541161,1.1,39.7,0.99923505
37,4165.2,0,-0.1,0.1541124,1.1,39.7,0.99923505
34,4165.3,-3,0.1,0.1416202,1.1,39.7,0.99923505
35,4165.2,1,-0.1,0.145782,1.1,39.7,0.99923505
36,4165,1,-0.2,0.14994,1.1,39.7,0.99923505
39,4164.9,3,-0.1,0.1624311,1.1,39.7,0.99923505
37,4164.9,-2,0,0.1541013,1.2,39.7,0.99916551
97,4162.7,60,-2.2,0.4037819,1.2,39.7,0.99916551
109.2,4162,12.2,-0.7,0.4544904,1.2,39.7,0.99916551
221.1,4157.7,111.9,-4.3,0.91926747,1.3,39.7,0.99909597
223.1,4156.9,2,-0.8,0.92740439,1.3,39.7,0.99909597
904.1,4132.4,681,-24.5,3.7361028,1.6,39.7,0.99888734
897.1,4129.6,-7,-2.8,3.7046642,1.8,39.7,0.99874826
899.2,4127.1,2.1,-2.5,3.7110883,2.1,39.7,0.99853964
899.1,4124.9,-0.1,-2.2,3.7086976,2.3,39.7,0.99840056
895.1,4123.1,-4,-1.8,3.6905868,2.6,39.7,0.99819193
902.1,4121.1,7,-2,3.7176443,2.8,39.7,0.99805285
898.2,4119.5,-3.9,-1.6,3.7001349,3.1,39.7,0.99784423
899.1,4117.9,0.9,-1.6,3.7024039,3.3,39.7,0.99770515
898.1,4116.5,-1,-1.4,3.6970287,3.6,39.7,0.99749652
903.1,4114.9,5,-1.6,3.7161662,3.8,39.7,0.99735744
840.1,4115.6,-63,0.7,3.4575156,4.1,39.7,0.99714882
834.2,4114.7,-5.9,-0.9,3.4324827,4.3,39.7,0.99700974
1357.1,4095.9,522.9,-18.8,5.5585459,4.7,39.7,0.99673157
1361.1,4093.2,4,-2.7,5.5712545,5.1,39.7,0.99645341
828.2,4108.9,-532.9,15.7,3.402991,5.3,39.7,0.99631433
812.2,4108.9,-16,0,3.3372486,5.5,39.7,0.99617524
828,4107.7,15.8,-1.2,3.4011756,5.7,39.7,0.99603616
819.1,4107.2,-8.9,-0.5,3.3642075,6,39.7,0.99582754
819.2,4106.4,0.1,-0.8,3.3639629,6.2,39.7,0.99568846
826.1,4105.5,6.9,-0.9,3.3915535,6.4,39.7,0.99554937
818.1,4104.9,-8,-0.6,3.3582187,6.7,39.7,0.99534075
820.1,4104.1,2,-0.8,3.3657724,6.9,39.7,0.99520167
-204.1,4137.9,-1024.2,33.8,-0.84454539,6.8,39.7,0.99527121
-1221,4174.7,-1016.9,36.8,-5.0973087,6.5,39.7,0.99547983
-1227,4179.9,-6,5.2,-5.1287373,6.1,39.7,0.995758
-1228.1,4184.2,-1.1,4.3,-5.138616,5.8,39.7,0.99596662
-1223,4187.8,5.1,3.6,-5.1216794,5.5,39.7,0.99617524
-1230,4191.5,-7,3.7,-5.155545,5.1,39.7,0.99645341
180.9,4145.7,1410.9,-45.8,0.74995713,5.2,39.7,0.99638387
1593,4095.6,1412.1,-50.1,6.5242908,5.6,39.7,0.9961057
1589,4090.4,-4,-5.2,6.4996456,6.1,39.7,0.995758
1591.1,4086.3,2.1,-4.1,6.5017119,6.5,39.7,0.99547983
1587.1,4083.1,-4,-3.2,6.480288,6.9,39.7,0.99520167
1585,4080.3,-2.1,-2.8,6.4672755,7.4,39.7,0.99485396
1590.1,4077.5,5.1,-2.8,6.4836327,7.8,39.7,0.9945758
1290.3,4085.1,-299.8,7.6,5.2710045,8.2,39.7,0.99429764
990.2,4093.7,-300.1,8.6,4.0535817,8.5,39.7,0.99408901
999,4092.8,8.8,-0.9,4.0887072,8.7,39.7,0.99394993
994.1,4092.1,-4.9,-0.7,4.0679566,9,39.8,0.99374131
992.3,4091.3,-1.8,-0.8,4.059797,9.3,39.8,0.99353268
461.2,4108.1,-531.1,16.8,1.8946557,9.4,39.8,0.99346314
-69,4126.5,-530.2,18.4,-0.2847285,9.4,39.8,0.99346314
-68,4128.1,1,1.6,-0.2807108,9.4,39.8,0.99346314
-68,4129.4,0,1.3,-0.2807992,9.4,39.7,0.99346314
-74,4130.7,-6,1.3,-0.3056718,9.3,39.7,0.99353268
-69,4131.5,5,0.8,-0.2850735,9.3,39.8,0.99353268
25,4129,94,-2.5,0.103225,9.3,39.7,0.99353268
27,4129.5,2,0.5,0.1114965,9.3,39.7,0.99353268
22,4130.1,-5,0.6,0.0908622,9.3,39.7,0.99353268
953.1,4099.4,931.1,-30.7,3.9071381,9.6,39.7,0.99332406
958.1,4097,5,-2.4,3.9253357,9.9,39.7,0.99311544
957.1,4095.4,-1,-1.6,3.9197073,10.1,39.7,0.99297636
955.2,4094,-1.9,-1.4,3.9105888,10.4,39.7,0.99276773
504.1,4107.7,-451.1,13.7,2.0706916,10.5,39.7,0.99269819
501.2,4107.9,-2.9,0.2,2.0588795,10.7,39.7,0.99255911
-769.1,4150.2,-1270.3,42.3,-3.1919188,10.5,39.7,0.99269819
-772,4153.8,-2.9,3.6,-3.2067336,10.3,39.7,0.99283727
-771.1,4156.4,0.9,2.6,-3.205,10,39.7,0.9930459
-770,4158.7,1.1,2.3,-3.202199,9.8,39.7,0.99318498
464,4119.1,1234,-39.6,1.9112624,10,39.7,0.9930459
470.1,4117.2,6.1,-1.9,1.9354957,10.1,39.7,0.99297636
2111.9,4061.5,1641.8,-55.7,8.5774818,10.7,39.7,0.99255911
2113.1,4056.3,1.2,-5.2,8.5713675,11.3,39.7,0.99214186
2108.1,4052.5,-5,-3.8,8.5430752,11.8,39.7,0.99179416
2112,4049.1,3.9,-3.4,8.5516992,12.4,39.7,0.99137691
2111,4046.2,-1,-2.9,8.5415282,13,39.7,0.99095967
-997,4145.6,-3108,99.4,-4.1331632,12.7,39.7,0.99116829
-999,4150.9,-2,5.3,-4.1467491,12.5,39.7,0.99130737
230,4113.9,1229,-37,0.946197,12.5,39.7,0.99130737
1450.1,4073.5,1220.1,-40.4,5.9069823,12.9,39.7,0.99102921
1451.1,4070.6,1,-2.9,5.9068477,13.3,39.7,0.99075104
1455.1,4068.2,4,-2.4,5.9196378,13.7,39.7,0.99047288
1457,4066.3,1.9,-1.9,5.9245991,14.1,39.7,0.99019471
1448.2,4064.9,-8.8,-1.4,5.8867882,14.5,39.7,0.98991655
1448.1,4063.4,-0.1,-1.5,5.8842095,14.9,39.7,0.98963839
1445.1,4062.1,-3,-1.3,5.8701407,15.3,39.7,0.98936022
1450.1,4060.7,5,-1.4,5.8884211,15.7,39.7,0.98908206
1774.1,4048.9,324,-11.8,7.1831535,16.2,39.7,0.98873435
1769.2,4047.1,-4.9,-1.8,7.1601293,16.7,39.7,0.98838665
1767.1,4045.5,-2.1,-1.6,7.148803,17.2,39.7,0.98803894
1764.1,4044,-3,-1.5,7.1340204,17.7,39.7,0.98769124
1923,4037.5,158.9,-6.5,7.7641125,18.2,39.7,0.98734353
2068.1,4031.1,145.1,-6.4,8.3367179,18.8,39.8,0.98692629
2076,4029,7.9,-2.1,8.364204,19.4,39.8,0.98650904
2078,4027.2,2,-1.8,8.3685216,20,39.7,0.98609179
2073.1,4025.7,-4.9,-1.5,8.3456787,20.6,39.8,0.98567455
2068.1,4024.4,-5,-1.3,8.3228616,21.1,39.8,0.98532684
424.3,4075.6,-1643.8,51.2,1.7292771,21.2,39.8,0.9852573
-1227.9,4131,-1652.2,55.4,-5.0724549,20.9,39.8,0.98546592
-1233.1,4136.2,-5.2,5.2,-5.1003482,20.6,39.8,0.98567455
-1233.1,4140.2,0,4,-5.1052806,20.2,39.8,0.98595271
-367.1,4115.4,866,-24.8,-1.5107633,20.1,39.8,0.98602225
-371,4116.6,-3.9,1.2,-1.5272586,20,39.8,0.98609179
430.1,4091.6,801.1,-25,1.7597972,20.1,39.8,0.98602225
421.1,4091.2,-9,-0.4,1.7228043,20.2,39.8,0.98595271
426.1,4090.8,5,-0.4,1.7430899,20.4,39.8,0.98581363
1245.1,4064.1,819,-26.7,5.0602109,20.7,39.8,0.98560501
2064,4035.8,818.9,-28.3,8.3298912,21.3,39.8,0.98518776
2065,4032.6,1,-3.2,8.327319,21.9,39.8,0.98477051
2063.1,4030.2,-1.9,-2.4,8.3147056,22.4,39.8,0.98442281
2068.1,4027.8,5,-2.4,8.3298932,23,39.8,0.98400556
2063,4026,-5.1,-1.8,8.305638,23.6,39.8,0.98358832
2068,4024.1,5,-1.9,8.3218388,24.2,39.8,0.98317107
2061.1,4022.7,-6.9,-1.4,8.291187,24.7,39.8,0.98282337
2067.1,4020.9,6,-1.8,8.3116024,25.3,39.8,0.98240612
677.2,4063.8,-1389.9,42.9,2.7520054,25.5,39.8,0.98226704
680.2,4065.1,3,1.3,2.765081,25.7,39.8,0.98212796
681.1,4065.8,0.9,0.7,2.7692164,25.9,39.8,0.98198887
677.1,4066.4,-4,0.6,2.7533594,26.1,39.8,0.98184979
678.2,4066.8,1.1,0.4,2.7581038,26.2,39.8,0.98178025
676.2,4067.1,-2,0.3,2.750173,26.4,39.8,0.98164117
676.1,4067.4,-0.1,0.3,2.7499691,26.6,39.8,0.98150209
679.1,4067.5,3,0.1,2.7622392,26.8,39.8,0.981363
682.1,4067.5,3,0,2.7744418,27,39.8,0.98122392
675.1,4067.8,-7,0.3,2.7461718,27.2,39.8,0.98108484
410.1,4076.4,-265,8.6,1.6717316,27.3,39.8,0.9810153
131.2,4086,-278.9,9.6,0.5360832,27.3,39.8,0.9810153
130.1,4087,-1.1,1,0.5317187,27.4,39.8,0.98094576
126.2,4088,-3.9,1,0.5159056,27.4,39.8,0.98094576
128.1,4088.6,1.9,0.6,0.52374966,27.4,39.8,0.98094576
131.1,4089.2,3,0.6,0.53609412,27.5,39.8,0.98087622
128.2,4089.9,-2.9,0.7,0.52432518,27.5,39.8,0.98087622
131.1,4090.3,2.9,0.4,0.53623833,27.6,39.8,0.98080668
128.1,4090.9,-3,0.6,0.52404429,27.6,39.8,0.98080668
185.1,4089.6,57,-1.3,0.75698496,27.6,39.8,0.98080668
185.1,4089.9,0,0.3,0.75704049,27.7,39.8,0.98073713
185.1,4090.3,0,0.4,0.75711453,27.7,39.8,0.98073713
183.1,4090.6,-2,0.3,0.74898886,27.8,39.8,0.98066759
182.1,4091,-1,0.4,0.7449711,27.8,39.8,0.98066759
188.1,4091.1,6,0.1,0.76953591,27.9,39.8,0.98059805
181.1,4091.5,-7,0.4,0.74097065,27.9,39.8,0.98059805
2548.9,4015.9,2367.8,-75.6,10.236128,28.7,39.8,0.98004172
-786,4118.3,-3334.9,102.4,-3.2369838,28.4,39.8,0.98025035
-782,4121.6,4,3.3,-3.2230912,28.2,39.8,0.98038943
-785.1,4124.1,-3.1,2.5,-3.2378309,28,39.8,0.98052851
-783,4126,2.1,1.9,-3.230658,27.8,39.8,0.98066759
-783,4127.7,0,1.7,-3.2319891,27.6,39.8,0.98080668
-791,4129.6,-8,1.9,-3.2665136,27.3,39.8,0.9810153
-787.1,4130.9,3.9,1.3,-3.2514314,27.1,39.8,0.98115438
-789,4132.4,-1.9,1.5,-3.2604636,26.9,39.8,0.98129346
-786.1,4133.6,2.9,1.2,-3.249423,26.7,39.8,0.98143255
-188.2,4115.3,597.9,-18.3,-0.77449946,26.6,39.8,0.98150209
414,4095.6,602.2,-19.7,1.6955784,26.8,39.8,0.981363
419.1,4094.2,5.1,-1.4,1.7158792,26.9,39.8,0.98129346
414.1,4093.4,-5,-0.8,1.6950769,27,39.8,0.98122392
416,4092.7,1.9,-0.7,1.7025632,27.1,39.8,0.98115438
938.1,4075.3,522.1,-17.4,3.8230389,27.4,39.8,0.98094576
934.1,4073.9,-4,-1.4,3.80543,27.6,39.8,0.98080668
933.1,4072.6,-1,-1.3,3.8001431,27.9,39.8,0.98059805
444.1,4087.3,-489,14.7,1.8151699,28,39.8,0.98052851
445.1,4087.3,1,0,1.8192572,28.1,39.8,0.98045897
448.1,4087.1,3,-0.2,1.8314295,28.2,39.8,0.98038943
444.1,4087,-4,-0.1,1.8150367,28.4,39.8,0.98025035
449.1,4086.6,5,-0.4,1.8352921,28.5,39.8,0.98018081
444.1,4086.6,-5,0,1.8148591,28.6,39.8,0.98011127
439.1,4086.6,-5,0,1.7944261,28.7,39.8,0.98004172
444.1,4086.2,5,-0.4,1.8146814,28.9,39.8,0.97990264
447.1,4085.9,3,-0.3,1.8268059,29,39.8,0.9798331
448.1,4085.7,1,-0.2,1.8308022,29.1,39.8,0.97976356
-522,4116.9,-970.1,31.2,-2.1490218,29,39.8,0.9798331
-518,4118.7,4,1.8,-2.1334866,28.8,39.8,0.97997218
-514,4120,4,1.3,-2.11768,28.7,39.8,0.98004172
-516.1,4121.3,-2.1,1.3,-2.1270029,28.5,39.8,0.98018081
-522.1,4122.6,-6,1.3,-2.1524095,28.4,39.8,0.98025035
-521,4123.5,1.1,0.9,-2.1483435,28.2,39.8,0.98038943
1048,4073.7,1569,-49.8,4.2692376,28.5,39.8,0.98018081
1052,4071,4,-2.7,4.282692,28.8,39.8,0.97997218
1054.1,4069.1,2.1,-1.9,4.2892383,29.1,39.8,0.97976356
1052.1,4067.7,-2,-1.4,4.2796272,29.4,39.8,0.97955494
1049.2,4066.5,-2.9,-1.2,4.2665718,29.7,39.8,0.97934631
1052.2,4065.3,3,-1.2,4.2775087,30,39.8,0.97913769
862.1,4070.2,-190.1,4.9,3.5089194,30.2,39.8,0.97899861
674.1,4075.7,-188,5.5,2.7474294,30.4,39.8,0.97885953
676.1,4075.4,2,-0.3,2.7553779,30.6,39.8,0.97872045
1563,4046.7,886.9,-28.7,6.3249921,31.1,39.8,0.97837274
1564.1,4044.5,1.1,-2.2,6.3260025,31.5,39.8,0.97809458
1566,4042.8,1.9,-1.7,6.3310248,31.9,39.8,0.97781641
1565.2,4041.3,-0.8,-1.5,6.3254428,32.4,39.8,0.97746871
1568.1,4039.8,2.9,-1.5,6.3348104,32.8,39.8,0.97719054
1566.2,4038.6,-1.9,-1.2,6.3252553,33.2,39.8,0.97691238
1566.1,4037.4,-0.1,-1.2,6.3229721,33.7,39.8,0.97656467
1563.1,4036.3,-3,-1.1,6.3091405,34.1,39.8,0.97628651
1567.1,4035.1,4,-1.2,6.3234052,34.5,39.8,0.97600834
1573.1,4033.9,6,-1.2,6.3457281,35,39.8,0.97566064
890.1,4054.6,-683,20.7,3.6089995,35.2,39.8,0.97552156
214.2,4076.4,-675.9,21.8,0.87316488,35.3,39.8,0.97545202
218.2,4077.7,4,1.3,0.88975414,35.3,39.8,0.97545202
1290.1,4044.5,1071.9,-33.2,5.2178095,35.7,39.8,0.97517385
1295,4043,4.9,-1.5,5.235685,36.1,39.8,0.97489569
1103.2,4048.1,-191.8,5.1,4.4658639,36.4,39.8,0.97468707
1101.2,4047.7,-2,-0.4,4.4573272,36.7,39.8,0.97447844
1101.1,4047.2,-0.1,-0.5,4.4563719,37,39.8,0.97426982
1100.1,4046.8,-1,-0.4,4.4518847,37.3,39.8,0.9740612
1102.2,4046.3,2.1,-0.5,4.4598319,37.6,39.8,0.97385257
656.2,4060,-446,13.7,2.664172,37.8,39.8,0.97371349
656.1,4060.4,-0.1,0.4,2.6640284,37.9,39.8,0.97364395
660,4060.5,3.9,0.1,2.67993,38.1,39.8,0.97350487
659.1,4060.7,-0.9,0.2,2.6764074,38.3,39.8,0.97336579
661.2,4060.7,2.1,0,2.6849348,38.5,39.8,0.9732267
2336.9,4007.6,1675.7,-53.1,9.3653604,39.1,39.8,0.97280946
2342.2,4004.4,5.3,-3.2,9.3791057,39.8,39.8,0.97232267
2336.1,4002.4,-6.1,-2,9.3500066,40.4,39.8,0.97190542
2343.1,4000.1,7,-2.3,9.3726343,41.1,39.8,0.97141864
1864.2,4013.4,-478.9,13.3,7.4817803,41.6,39.8,0.97107093
1387.2,4027.6,-477,14.2,5.5870867,42,39.7,0.97079277
1392.1,4027.4,4.9,-0.2,5.6065435,42.4,39.7,0.9705146
1388.1,4027.3,-4,-0.1,5.5902951,42.8,39.7,0.97023644
1386.2,4027,-1.9,-0.3,5.5822274,43.2,39.7,0.96995828
1388.1,4026.6,1.9,-0.4,5.5893235,43.5,39.7,0.96974965
1384.1,4026.3,-4,-0.3,5.5728018,43.9,39.7,0.96947149
1387.1,4025.8,3,-0.5,5.5841872,44.3,39.7,0.96919332
1387.1,4025.4,0,-0.4,5.5836323,44.7,39.7,0.96891516
1386.1,4025,-1,-0.4,5.5790525,45.1,39.7,0.968637
1000.2,4036.8,-385.9,11.8,4.0376074,45.4,39.7,0.96842837
1003.1,4037,2.9,0.2,4.0495147,45.6,39.7,0.96828929
1098.1,4034.1,95,-2.9,4.4298452,45.9,39.8,0.96808067
1203.1,4030.6,105,-3.5,4.8492149,46.3,39.8,0.9678025
1201.1,4030.4,-2,-0.2,4.8409134,46.6,39.8,0.96759388
1196.1,4030.3,-5,-0.1,4.8206418,46.9,39.8,0.96738526
1200.1,4029.9,4,-0.4,4.836283,47.3,39.8,0.96710709
1200.1,4029.6,0,-0.3,4.835923,47.6,39.8,0.96689847
1198.2,4029.4,-1.9,-0.2,4.8280271,47.9,39.8,0.96668985
1191.1,4029.4,-7.1,0,4.7994183,48.3,39.8,0.96641168
253.3,4058.7,-937.8,29.3,1.0280687,48.3,39.8,0.96641168
247.1,4060.3,-6.2,1.6,1.0033001,48.4,39.8,0.96634214
252.1,4061.2,5,0.9,1.0238285,48.5,39.8,0.9662726
255.1,4061.9,3,0.7,1.0361907,48.6,39.8,0.96620306
256.2,4062.7,1.1,0.8,1.0408637,48.6,39.8,0.96620306
251.1,4063.5,-5.1,0.8,1.0203449,48.7,39.8,0.96613352
253.1,4064,2,0.5,1.0285984,48.8,39.8,0.96606398
257,4064.4,3.9,0.4,1.0445508,48.8,39.8,0.96606398
254.1,4065,-2.9,0.6,1.0329165,48.9,39.8,0.96599444
673.2,4052.3,419.1,-12.7,2.7280084,49.1,39.8,0.96585535
674.1,4051.9,0.9,-0.4,2.7313858,49.3,39.8,0.96571627
675.1,4051.7,1,-0.2,2.7353027,49.5,39.8,0.96557719
674.1,4051.6,-1,-0.1,2.7311836,49.7,39.8,0.96543811
674.1,4051.5,0,-0.1,2.7311162,49.8,39.7,0.96536857
674.1,4051.4,0,-0.1,2.7310487,50,39.7,0.96522949
671.1,4051.5,-3,0.1,2.7189617,50.2,39.7,0.9650904
669.1,4051.5,-2,0,2.7108587,50.4,39.7,0.96495132
2060,4007.7,1390.9,-43.8,8.255862,51,39.7,0.96453408
2057.1,4005.3,-2.9,-2.4,8.2393026,51.5,39.7,0.96418637
2060,4003.2,2.9,-2.1,8.246592,52.1,39.7,0.96376912
2065,4001.5,5,-1.7,8.2630975,52.7,39.7,0.96335188
1905.1,4005.1,-159.9,3.6,7.630116,53.2,39.7,0.96300417
1901,4004.2,-4.1,-0.9,7.6119842,53.8,39.7,0.96258693
1900,4003.2,-1,-1,7.60608,54.3,39.7,0.96223922
1903.9,4002.1,3.9,-1.1,7.6195982,54.8,39.7,0.96189152
1905.1,4001.2,1.2,-0.9,7.6226861,55.3,39.7,0.96154381
1900,4000.4,-5.1,-0.8,7.60076,55.9,39.7,0.96112656
1899.1,3999.6,-0.9,-0.8,7.5956404,56.4,39.7,0.96077886
807.2,4033,-1091.9,33.4,3.2554376,56.6,39.7,0.96063978
810.1,4034,2.9,1,3.2679434,56.8,39.7,0.9605007
808.1,4034.7,-2,0.7,3.2604411,57.1,39.7,0.96029207
807.1,4035.2,-1,0.5,3.2568099,57.3,39.7,0.96015299
808,4035.5,0.9,0.3,3.260684,57.5,39.7,0.96001391
809.2,4035.7,1.2,0.2,3.2656884,57.7,39.7,0.95987483
805.1,4036.1,-4.1,0.4,3.2494641,58,39.7,0.9596662
810,4036.1,4.9,0,3.269241,58.2,39.7,0.95952712
808.1,4036.3,-1.9,0.2,3.261734,58.4,39.7,0.95938804
450.2,4047.7,-357.9,11.4,1.8222745,58.5,39.7,0.9593185
99,4059.4,-351.2,11.7,0.4018806,58.6,39.7,0.95924896
101,4060.6,2,1.2,0.4101206,58.6,39.7,0.95924896
99,4061.5,-2,0.9,0.4020885,58.6,39.7,0.95924896
105.1,4062.2,6.1,0.7,0.42693722,58.6,39.7,0.95924896
99,4063.2,-6.1,1,0.4022568,58.7,39.7,0.95917942
100,4063.8,1,0.6,0.40638,58.7,39.7,0.95917942
451.2,4053.4,351.2,-10.4,1.8288941,58.8,39.7,0.95910987
447.1,4053.5,-4.1,0.1,1.8123198,59,39.7,0.95897079
449,4053.5,1.9,0,1.8200215,59.1,39.7,0.95890125
450.1,4053.6,1.1,0.1,1.8245254,59.2,39.7,0.95883171
-626.1,4087.7,-1076.2,34.1,-2.559309,59,39.7,0.95897079
-626.1,4089.7,0,2,-2.5605612,58.9,39.7,0.95904033
-296.1,4080.9,330,-8.8,-1.2083545,58.8,39.7,0.95910987
33,4071.2,329.1,-9.7,0.1343496,58.8,39.7,0.95910987
33,4071.4,0,0.2,0.1343562,58.8,39.7,0.95910987
33,4071.7,0,0.3,0.1343661,58.8,39.7,0.95910987
31,4072.1,-2,0.4,0.1262351,58.8,39.7,0.95910987
36,4072.3,5,0.2,0.1466028,58.8,39.7,0.95910987
37,4072.6,1,0.3,0.1506862,58.8,39.7,0.95910987
37,4072.9,0,0.3,0.1506973,58.8,39.7,0.95910987
34,4073.4,-3,0.5,0.1384956,58.8,39.7,0.95910987
37,4073.6,3,0.2,0.1507232,58.9,39.7,0.95904033
36,4073.9,-1,0.3,0.1466604,58.9,39.7,0.95904033
33,4074.3,-3,0.4,0.1344519,58.9,39.7,0.95904033
37,4074.5,4,0.2,0.1507565,58.9,39.7,0.95904033
31,4074.9,-6,0.4,0.1263219,58.9,39.8,0.95904033
39,4075,8,0.1,0.158925,58.9,39.8,0.95904033
34,4075.4,-5,0.4,0.1385636,58.9,39.7,0.95904033
36,4075.6,2,0.2,0.1467216,58.9,39.7,0.95904033
30,4076,-6,0.4,0.12228,58.9,39.7,0.95904033
33,4076.1,3,0.1,0.1345113,58.9,39.8,0.95904033
33,4076.3,0,0.2,0.1345179,59,39.8,0.95897079
31,4076.6,-2,0.3,0.1263746,59,39.8,0.95897079
42,4076.5,11,-0.1,0.171213,59,39.8,0.95897079
31,4077,-11,0.5,0.126387,59,39.8,0.95897079
36,4077.1,5,0.1,0.1467756,59,39.8,0.95897079
35,4077.3,-1,0.2,0.1427055,59,39.8,0.95897079
35,4077.5,0,0.2,0.1427125,59,39.8,0.95897079
36,4077.6,1,0.1,0.1467936,59,39.8,0.95897079
34,4077.8,-2,0.2,0.1386452,59,39.8,0.95897079
35,4078,1,0.2,0.14273,59,39.8,0.95897079
37,4078.1,2,0.1,0.1508897,59.1,39.8,0.95890125
37,4078.2,0,0.1,0.1508934,59.1,39.8,0.95890125
30,4078.6,-7,0.4,0.122358,59.1,39.8,0.95890125
33,4078.7,3,0.1,0.1345971,59.1,39.8,0.95890125
36,4078.7,3,0,0.1468332,59.1,39.8,0.95890125
34,4078.9,-2,0.2,0.1386826,59.1,39.8,0.95890125
36,4079,2,0.1,0.146844,59.1,39.8,0.95890125
34,4079.2,-2,0.2,0.1386928,59.1,39.8,0.95890125
38,4079.2,4,0,0.1550096,59.1,39.8,0.95890125
35,4079.4,-3,0.2,0.142779,59.1,39.8,0.95890125
41,4079.3,6,-0.1,0.1672513,59.2,39.8,0.95883171
39,4079.5,-2,0.2,0.1591005,59.2,39.8,0.95883171
35,4079.7,-4,0.2,0.1427895,59.2,39.8,0.95883171
33,4079.9,-2,0.2,0.1346367,59.2,39.8,0.95883171
37,4079.9,4,0,0.1509563,59.2,39.8,0.95883171
37,4080,0,0.1,0.15096,59.2,39.8,0.95883171
36,4080.1,-1,0.1,0.1468836,59.2,39.8,0.95883171
32,4080.3,-4,0.2,0.1305696,59.2,39.8,0.95883171
35,4080.4,3,0.1,0.142814,59.2,39.8,0.95883171
34,4080.5,-1,0.1,0.138737,59.2,39.8,0.95883171
38,4080.4,4,-0.1,0.1550552,59.2,39.8,0.95883171
34,4080.7,-4,0.3,0.1387438,59.3,39.8,0.95876217
35,4080.8,1,0.1,0.142828,59.3,39.8,0.95876217
39,4080.7,4,-0.1,0.1591473,59.3,39.8,0.95876217
36,4080.8,-3,0.1,0.1469088,59.3,39.8,0.95876217
37,4080.9,1,0.1,0.1509933,59.3,39.8,0.95876217
31,4081.2,-6,0.3,0.1265172,59.3,39.8,0.95876217
36,4081.1,5,-0.1,0.1469196,59.3,39.8,0.95876217
39,4081,3,-0.1,0.159159,59.3,39.8,0.95876217
35,4081.2,-4,0.2,0.142842,59.3,39.8,0.95876217
36,4081.3,1,0.1,0.1469268,59.3,39.8,0.95876217
36,4081.3,0,0,0.1469268,59.4,39.8,0.95869263
31,4081.6,-5,0.3,0.1265296,59.4,39.8,0.95869263
34,4081.6,3,0,0.1387744,59.4,39.8,0.95869263
40,4081.4,6,-0.2,0.163256,59.4,39.8,0.95869263
33,4081.7,-7,0.3,0.1346961,59.4,39.8,0.95869263
38,4081.6,5,-0.1,0.1551008,59.4,39.8,0.95869263
37,4081.7,-1,0.1,0.1510229,59.4,39.8,0.95869263
39,4081.7,2,0,0.1591863,59.4,39.8,0.95869263
37,4081.8,-2,0.1,0.1510266,59.4,39.8,0.95869263
33,4082,-4,0.2,0.134706,59.4,39.8,0.95869263
40,4081.9,7,-0.1,0.163276,59.5,39.8,0.95862309
33,4082.1,-7,0.2,0.1347093,59.5,39.8,0.95862309
39,4082,6,-0.1,0.159198,59.5,39.8,0.95862309
36,4082.1,-3,0.1,0.1469556,59.5,39.8,0.95862309
37,4082.1,1,0,0.1510377,59.5,39.8,0.95862309
35,4082.2,-2,0.1,0.142877,59.5,39.8,0.95862309
33,4082.4,-2,0.2,0.1347192,59.5,39.8,0.95862309
32,4082.4,-1,0,0.1306368,59.5,39.8,0.95862309
37,4082.3,5,-0.1,0.1510451,59.5,39.8,0.95862309
28,4082.7,-9,0.4,0.1143156,59.5,39.8,0.95862309
36,4082.5,8,-0.2,0.14697,59.6,39.8,0.95855355
33,4082.6,-3,0.1,0.1347258,59.6,39.8,0.95855355
36,4082.6,3,0,0.1469736,59.6,39.8,0.95855355
30,4082.8,-6,0.2,0.122484,59.6,39.8,0.95855355
34,4082.7,4,-0.1,0.1388118,59.6,39.8,0.95855355
35,4082.7,1,0,0.1428945,59.6,39.8,0.95855355
36,4082.7,1,0,0.1469772,59.6,39.8,0.95855355
35,4082.8,-1,0.1,0.142898,59.6,39.8,0.95855355
38,4082.7,3,-0.1,0.1551426,59.6,39.8,0.95855355
27,4083.1,-11,0.4,0.1102437,59.6,39.8,0.95855355
34,4082.9,7,-0.2,0.1388186,59.6,39.8,0.95855355
38,4082.8,4,-0.1,0.1551464,59.7,39.8,0.95848401
34,4083,-4,0.2,0.138822,59.7,39.7,0.95848401
34,4083,0,0,0.138822,59.7,39.7,0.95848401
32,4083.1,-2,0.1,0.1306592,59.7,39.8,0.95848401
33,4083.1,1,0,0.1347423,59.7,39.8,0.95848401
31,4083.2,-2,0.1,0.1265792,59.7,39.8,0.95848401
32,4083.2,1,0,0.1306624,59.7,39.8,0.95848401
36,4083.1,4,-0.1,0.1469916,59.7,39.7,0.95848401
37,4083.1,1,0,0.1510747,59.7,39.7,0.95848401
35,4083.2,-2,0.1,0.142912,59.7,39.7,0.95848401
35,4083.2,0,0,0.142912,59.8,39.7,0.95841446
38,4083.2,3,0,0.1551616,59.8,39.7,0.95841446
40,4083.2,2,0,0.163328,59.8,39.7,0.95841446
38,4083.2,-2,0,0.1551616,59.8,39.7,0.95841446
38,4083.3,0,0.1,0.1551654,59.8,39.7,0.95841446
39,4083.2,1,-0.1,0.1592448,59.8,39.7,0.95841446
41,4083.2,2,0,0.1674112,59.8,39.7,0.95841446
45,4083.1,4,-0.1,0.1837395,59.8,39.7,0.95841446
37,4083.3,-8,0.2,0.1510821,59.8,39.7,0.95841446
36,4083.4,-1,0.1,0.1470024,59.9,39.7,0.95834492
33,4083.5,-3,0.1,0.1347555,59.9,39.7,0.95834492
34,4083.5,1,0,0.138839,59.9,39.7,0.95834492
33,4083.6,-1,0.1,0.1347588,59.9,39.7,0.95834492
36,4083.5,3,-0.1,0.147006,59.9,39.7,0.95834492
33,4083.7,-3,0.2,0.1347621,59.9,39.7,0.95834492
35,4083.6,2,-0.1,0.142926,59.9,39.7,0.95834492
38,4083.5,3,-0.1,0.155173,59.9,39.7,0.95834492
31,4083.8,-7,0.3,0.1265978,59.9,39.7,0.95834492
34,4083.7,3,-0.1,0.1388458,59.9,39.7,0.95834492
37,4083.6,3,-0.1,0.1510932,59.9,39.7,0.95834492
43,4083.4,6,-0.2,0.1755862,60,39.7,0.95827538
33,4083.7,-10,0.3,0.1347621,60,39.7,0.95827538
33,4083.8,0,0.1,0.1347654,60,39.7,0.95827538
32,4083.8,-1,0,0.1306816,60,39.7,0.95827538
2179,4016.1,2147,-67.7,8.7510819,60.6,39.7,0.95785814
2180.1,4012.2,1.1,-3.9,8.7469972,61.2,39.7,0.95744089
2178.2,4009.3,-1.9,-2.9,8.7330573,61.8,39.7,0.95702364
2173.1,4007,-5.1,-2.3,8.7076117,62.4,39.7,0.9566064
2175.1,4004.8,2,-2.2,8.7108405,63,39.7,0.95618915
2182,4002.6,6.9,-2.2,8.7336732,63.6,39.7,0.95577191
2176.1,4001,-5.9,-1.6,8.7065761,64.2,39.7,0.95535466
2177.1,3999.2,1,-1.8,8.7066583,64.8,39.7,0.95493741
2178,3997.6,0.9,-1.6,8.7067728,65.4,39.7,0.95452017
2177.1,3996.1,-0.9,-1.5,8.6999093,66,39.7,0.95410292
1089.2,4028.7,-1087.9,32.6,4.38806,66.3,39.7,0.9538943
1092.1,4029,2.9,0.3,4.4000709,66.6,39.7,0.95368567
1086.2,4029.3,-5.9,0.3,4.3766257,66.9,39.7,0.95347705
796.2,4038.3,-290,9,3.2152945,67.2,39.7,0.95326843
797.1,4038.6,0.9,0.3,3.2191681,67.4,39.7,0.95312935
1973.9,4002,1176.8,-36.6,7.8995478,67.9,39.7,0.95278164
1980,3999.9,6.1,-2.1,7.919802,68.5,39.7,0.95236439
1977.1,3998.5,-2.9,-1.4,7.9054344,69,39.7,0.95201669
1977.1,3997.2,0,-1.3,7.9028641,69.6,39.7,0.95159944
1981,3995.9,3.9,-1.3,7.9158779,70.1,39.7,0.95125174
-66,4059,-2047,63.1,-0.267894,70.1,39.7,0.95125174
-66,4061.4,0,2.4,-0.2680524,70.1,39.7,0.95125174
-63,4062.9,3,1.5,-0.2559627,70.1,39.7,0.95125174
-66,4064.4,-3,1.5,-0.2682504,70.1,39.7,0.95125174
-62,4065.4,4,1,-0.2520548,70,39.7,0.95132128
-67,4066.5,-5,1.1,-0.2724555,70,39.7,0.95132128
-61,4067.2,6,0.7,-0.2480992,70,39.7,0.95132128
1274,4026,1335,-41.2,5.129124,70.4,39.7,0.95104312
2619.1,3982.2,1345.1,-43.8,10.42978,71.1,39.7,0.95055633
2619.1,3978.9,0,-3.3,10.421137,71.8,39.7,0.95006954
2621.1,3976.3,2,-2.6,10.42228,72.5,39.7,0.94958275
2623.2,3974.2,2.1,-2.1,10.425121,73.3,39.7,0.94902643
2624.2,3972.2,1,-2,10.423847,74,39.7,0.94853964
-704,4074.4,-3328.2,102.2,-2.8683776,73.8,39.7,0.94867872
-695.1,4078,8.9,3.6,-2.8346178,73.6,39.7,0.9488178
-701.1,4081,-6,3,-2.8611891,73.4,39.7,0.94895688
-701,4083.1,0.1,2.1,-2.8622531,73.2,39.7,0.94909597
-703,4085.1,-2,2,-2.8718253,73,39.7,0.94923505
-699.1,4086.6,3.9,1.5,-2.8569421,72.8,39.7,0.94937413
-699,4088,0.1,1.4,-2.857512,72.6,39.7,0.94951321
682,4046,1381,-42,2.759372,72.8,39.7,0.94937413
2061,4001.6,1379,-44.4,8.2472976,73.4,39.7,0.94895688
2062,3998.6,1,-3,8.2451132,74,39.7,0.94853964
2061.1,3996.4,-0.9,-2.2,8.23698,74.5,39.7,0.94819193
2064.1,3994.6,3,-1.8,8.2452539,75.1,39.7,0.94777469
1091.2,4023.3,-972.9,28.7,4.390225,75.4,39.7,0.94756606
1091.1,4023.4,-0.1,0.1,4.3899317,75.7,39.8,0.94735744
-31,4058.6,-1122.1,35.2,-0.1258166,75.7,39.8,0.94735744
-35,4060.4,-4,1.8,-0.142114,75.7,39.8,0.94735744
-36,4061.7,-1,1.3,-0.1462212,75.7,39.8,0.94735744
-35,4062.6,1,0.9,-0.142191,75.7,39.8,0.94735744
-36,4063.5,-1,0.9,-0.146286,75.7,39.8,0.94735744
-31,4064.1,5,0.6,-0.1259871,75.7,39.8,0.94735744
-34,4064.8,-3,0.7,-0.1382032,75.7,39.8,0.94735744
-30,4065.3,4,0.5,-0.121959,75.7,39.8,0.94735744
-32,4066,-2,0.7,-0.130112,75.6,39.8,0.94742698
-31,4066.5,1,0.5,-0.1260615,75.6,39.8,0.94742698
521.2,4049.5,552.2,-17,2.1105994,75.8,39.8,0.9472879
523.1,4049,1.9,-0.5,2.1180319,75.9,39.8,0.94721836
520.1,4048.8,-3,-0.2,2.1057809,76.1,39.8,0.94707928
520.1,4048.6,0,-0.2,2.1056769,76.2,39.8,0.94700974
184.1,4059,-336,10.4,0.7472619,76.3,39.8,0.94694019
-153,4070.1,-337.1,11.1,-0.6227253,76.2,39.8,0.94700974
-156.1,4071.1,-3.1,1,-0.63549871,76.2,39.8,0.94700974
-155,4071.8,1.1,0.7,-0.631129,76.1,39.8,0.94707928
-154.1,4072.4,0.9,0.6,-0.62755684,76.1,39.8,0.94707928
-153,4073,1.1,0.6,-0.623169,76.1,39.8,0.94707928
-150.1,4073.4,2.9,0.4,-0.61141734,76,39.8,0.94714882
-152,4074,-1.9,0.6,-0.619248,76,39.8,0.94714882
1541,4021.3,1693,-52.7,6.1968233,76.4,39.8,0.94687065
1542.1,4018.8,1.1,-2.5,6.1973915,76.8,39.8,0.94659249
1542.1,4016.9,0,-1.9,6.1944615,77.3,39.8,0.94624478
-592,4082.3,-2134.1,65.4,-2.4167216,77.1,39.8,0.94638387
-594.1,4084.8,-2.1,2.5,-2.4267797,76.9,39.8,0.94652295
-590,4086.3,4.1,1.5,-2.410917,76.8,39.8,0.94659249
-589,4087.6,1,1.3,-2.4075964,76.6,39.8,0.94673157
-584,4088.5,5,0.9,-2.387684,76.4,39.8,0.94687065
-590,4089.7,-6,1.2,-2.412923,76.3,39.8,0.94694019
1864.9,4013.6,2454.9,-76.1,7.4849626,76.8,39.8,0.94659249
1861.1,4010.3,-3.8,-3.3,7.4635693,77.3,39.8,0.94624478
1863,4007.8,1.9,-2.5,7.4665314,77.8,39.8,0.94589708
1854.1,4006.1,-8.9,-1.7,7.42771,78.3,39.8,0.94554937
1862,4004.2,7.9,-1.9,7.4558204,78.9,39.8,0.94513213
1862.1,4002.6,0.1,-1.6,7.4532415,79.4,39.8,0.94478442
1857.1,4001.4,-5,-1.2,7.4309999,79.9,39.8,0.94443672
1868.1,3999.8,11,-1.6,7.4720264,80.4,39.8,0.94408901
1858.2,3998.9,-9.9,-0.9,7.430756,80.9,39.8,0.94374131
1860.1,3997.7,1.9,-1.2,7.4361218,81.4,39.8,0.9433936
-217,4061.5,-2077.1,63.8,-0.8813455,81.4,39.8,0.9433936
-224.1,4064.2,-7.1,2.7,-0.91078722,81.3,39.8,0.94346314
-224,4065.9,0.1,1.7,-0.9107616,81.3,39.8,0.94346314
-222.1,4067.2,1.9,1.3,-0.90332512,81.2,39.8,0.94353268
-224.1,4068.3,-2,1.1,-0.91170603,81.1,39.8,0.94360223
1811,4005.6,2035.1,-62.7,7.2541416,81.6,39.8,0.94325452
1809.1,4003.1,-1.9,-2.5,7.2420082,82.1,39.8,0.94290682
1809.1,4001.3,0,-1.8,7.2387518,82.6,39.8,0.94255911
1809,3999.8,-0.1,-1.5,7.2356382,83.1,39.8,0.9422114
1815.1,3998.4,6.1,-1.4,7.2574958,83.6,39.8,0.9418637
913.2,4025.3,-901.9,26.9,3.675904,83.9,39.8,0.94165508
18,4053.6,-895.2,28.3,0.0729648,83.9,39.8,0.94165508
25,4055,7,1.4,0.101375,83.9,39.8,0.94165508
17,4056.5,-8,1.5,0.0689605,83.9,39.8,0.94165508
12,4057.5,-5,1,0.04869,83.9,39.8,0.94165508
21,4058.1,9,0.6,0.0852201,83.9,39.8,0.94165508
19,4058.8,-2,0.7,0.0771172,83.9,39.8,0.94165508
24,4059.3,5,0.5,0.0974232,83.9,39.8,0.94165508
19,4060,-5,0.7,0.07714,83.9,39.8,0.94165508
18,4060.5,-1,0.5,0.073089,83.9,39.8,0.94165508
16,4061,-2,0.5,0.064976,84,39.8,0.94158554
17,4061.5,1,0.5,0.0690455,84,39.8,0.94158554
20,4061.8,3,0.3,0.081236,84,39.8,0.94158554
19,4062.2,-1,0.4,0.0771818,84,39.8,0.94158554
16,4062.7,-3,0.5,0.0650032,84,39.8,0.94158554
22,4062.9,6,0.2,0.0893838,84,39.8,0.94158554
15,4063.4,-7,0.5,0.060951,84,39.8,0.94158554
18,4063.7,3,0.3,0.0731466,84,39.8,0.94158554
18,4064,0,0.3,0.073152,84,39.8,0.94158554
20,4064.2,2,0.2,0.081284,84,39.8,0.94158554
21,4064.4,1,0.2,0.0853524,84,39.8,0.94158554
19,4064.8,-2,0.4,0.0772312,84,39.8,0.94158554
17,4065.1,-2,0.3,0.0691067,84,39.8,0.94158554
21,4065.2,4,0.1,0.0853692,84,39.8,0.94158554
26,4065.3,5,0.1,0.1056978,84,39.8,0.94158554
23,4065.6,-3,0.3,0.0935088,84,39.8,0.94158554
17,4066,-6,0.4,0.069122,84,39.8,0.94158554
25,4066,8,0,0.10165,84,39.8,0.94158554
18,4066.4,-7,0.4,0.0731952,84,39.8,0.94158554
19,4066.6,1,0.2,0.0772654,84.1,39.8,0.94151599
22,4066.7,3,0.1,0.0894674,84.1,39.8,0.94151599
19,4066.9,-3,0.2,0.0772711,84.1,39.8,0.94151599
13,4067.3,-6,0.4,0.0528749,84.1,39.8,0.94151599
19,4067.3,6,0,0.0772787,84.1,39.8,0.94151599
17,4067.5,-2,0.2,0.0691475,84.1,39.8,0.94151599
25,4067.4,8,-0.1,0.101685,84.1,39.8,0.94151599
21,4067.7,-4,0.3,0.0854217,84.1,39.8,0.94151599
17,4068,-4,0.3,0.069156,84.1,39.8,0.94151599
15,4068.2,-2,0.2,0.061023,84.1,39.8,0.94151599
18,4068.2,3,0,0.0732276,84.1,39.8,0.94151599
21,4068.3,3,0.1,0.0854343,84.1,39.8,0.94151599
20,4068.4,-1,0.1,0.081368,84.1,39.8,0.94151599
18,4068.6,-2,0.2,0.0732348,84.1,39.8,0.94151599
18,4068.8,0,0.2,0.0732384,84.1,39.8,0.94151599
14,4069,-4,0.2,0.056966,84.1,39.8,0.94151599
24,4068.8,10,-0.2,0.0976512,84.1,39.8,0.94151599
16,4069.2,-8,0.4,0.0651072,84.1,39.8,0.94151599
17,4069.2,1,0,0.0691764,84.1,39.8,0.94151599
23,4069.1,6,-0.1,0.0935893,84.2,39.8,0.94144645
22,4069.3,-1,0.2,0.0895246,84.2,39.8,0.94144645
18,4069.5,-4,0.2,0.073251,84.2,39.8,0.94144645
21,4069.5,3,0,0.0854595,84.2,39.8,0.94144645
20,4069.6,-1,0.1,0.081392,84.2,39.8,0.94144645
21,4069.6,1,0,0.0854616,84.2,39.8,0.94144645
20,4069.8,-1,0.2,0.081396,84.2,39.8,0.94144645
19,4069.9,-1,0.1,0.0773281,84.2,39.8,0.94144645
22,4069.9,3,0,0.0895378,84.2,39.8,0.94144645
22,4069.9,0,0,0.0895378,84.2,39.8,0.94144645
23,4070,1,0.1,0.09361,84.2,39.8,0.94144645
19,4070.2,-4,0.2,0.0773338,84.2,39.8,0.94144645
22,4070.2,3,0,0.0895444,84.2,39.8,0.94144645
21,4070.2,-1,0,0.0854742,84.2,39.8,0.94144645
18,4070.5,-3,0.3,0.073269,84.2,39.8,0.94144645
19,4070.5,1,0,0.0773395,84.2,39.8,0.94144645
14,4070.7,-5,0.2,0.0569898,84.2,39.8,0.94144645
20,4070.6,6,-0.1,0.081412,84.2,39.8,0.94144645
15,4070.8,-5,0.2,0.061062,84.3,39.8,0.94137691
23,4070.6,8,-0.2,0.0936238,84.3,39.8,0.94137691
22,4070.7,-1,0.1,0.0895554,84.3,39.8,0.94137691
21,4070.7,-1,0,0.0854847,84.3,39.8,0.94137691
20,4070.9,-1,0.2,0.081418,84.3,39.8,0.94137691
21,4070.9,1,0,0.0854889,84.3,39.8,0.94137691
20,4070.9,-1,0,0.081418,84.3,39.8,0.94137691
16,4071.1,-4,0.2,0.0651376,84.3,39.8,0.94137691
20,4071.1,4,0,0.081422,84.3,39.8,0.94137691
17,4071.2,-3,0.1,0.0692104,84.3,39.8,0.94137691
24,4071.1,7,-0.1,0.0977064,84.3,39.8,0.94137691
16,4071.4,-8,0.3,0.0651424,84.3,39.8,0.94137691
21,4071.3,5,-0.1,0.0854973,84.3,39.8,0.94137691
20,4071.3,-1,0,0.081426,84.3,39.8,0.94137691
18,4071.4,-2,0.1,0.0732852,84.3,39.8,0.94137691
19,4071.5,1,0.1,0.0773585,84.3,39.8,0.94137691
20,4071.4,1,-0.1,0.081428,84.3,39.8,0.94137691
15,4071.6,-5,0.2,0.061074,84.3,39.8,0.94137691
24,4071.4,9,-0.2,0.0977136,84.4,39.8,0.94130737
20,4071.6,-4,0.2,0.081432,84.4,39.8,0.94130737
23,4071.5,3,-0.1,0.0936445,84.4,39.8,0.94130737
21,4071.7,-2,0.2,0.0855057,84.4,39.8,0.94130737
20,4071.7,-1,0,0.081434,84.4,39.8,0.94130737
19,4071.8,-1,0.1,0.0773642,84.4,39.8,0.94130737
20,4071.8,1,0,0.081436,84.4,39.8,0.94130737
20,4071.8,0,0,0.081436,84.4,39.8,0.94130737
16,4071.9,-4,0.1,0.0651504,84.4,39.8,0.94130737
18,4071.9,2,0,0.0732942,84.4,39.8,0.94130737
22,4071.8,4,-0.1,0.0895796,84.4,39.8,0.94130737
23,4071.8,1,0,0.0936514,84.4,39.8,0.94130737
21,4071.9,-2,0.1,0.0855099,84.4,39.8,0.94130737
14,4072.2,-7,0.3,0.0570108,84.4,39.8,0.94130737
21,4072,7,-0.2,0.085512,84.4,39.8,0.94130737
17,4072.1,-4,0.1,0.0692257,84.4,39.8,0.94130737
20,4072.1,3,0,0.081442,84.4,39.8,0.94130737
18,4072.2,-2,0.1,0.0732996,84.4,39.8,0.94130737
20,4072.1,2,-0.1,0.081442,84.4,39.8,0.94130737
21,4072.1,1,0,0.0855141,84.5,39.8,0.94123783
20,4072.2,-1,0.1,0.081444,84.5,39.8,0.94123783
13,4072.5,-7,0.3,0.0529425,84.5,39.8,0.94123783
23,4072.1,10,-0.4,0.0936583,84.5,39.8,0.94123783
22,4072.2,-1,0.1,0.0895884,84.5,39.8,0.94123783
20,4072.3,-2,0.1,0.081446,84.5,39.8,0.94123783
21,4072.3,1,0,0.0855183,84.5,39.8,0.94123783
18,4072.4,-3,0.1,0.0733032,84.5,39.8,0.94123783
21,4072.3,3,-0.1,0.0855183,84.5,39.8,0.94123783
16,4072.5,-5,0.2,0.06516,84.5,39.8,0.94123783
22,4072.4,6,-0.1,0.0895928,84.5,39.8,0.94123783
16,4072.6,-6,0.2,0.0651616,84.5,39.8,0.94123783
19,4072.5,3,-0.1,0.0773775,84.5,39.8,0.94123783
18,4072.6,-1,0.1,0.0733068,84.5,39.8,0.94123783
17,4072.6,-1,0,0.0692342,84.5,39.8,0.94123783
23,4072.5,6,-0.1,0.0936675,84.5,39.8,0.94123783
22,4072.5,-1,0,0.089595,84.5,39.8,0.94123783
19,4072.6,-3,0.1,0.0773794,84.5,39.8,0.94123783
20,4072.6,1,0,0.081452,84.6,39.8,0.94116829
32,4072.3,12,-0.3,0.1303136,84.6,39.8,0.94116829
35,4072.2,3,-0.1,0.142527,84.6,39.8,0.94116829
38,4072.1,3,-0.1,0.1547398,84.6,39.8,0.94116829
34,4072.2,-4,0.1,0.1384548,84.6,39.8,0.94116829
40,4072,6,-0.2,0.16288,84.6,39.8,0.94116829
31,4072.3,-9,0.3,0.1262413,84.6,39.8,0.94116829
35,4072.2,4,-0.1,0.142527,84.6,39.8,0.94116829
40,4072,5,-0.2,0.16288,84.6,39.8,0.94116829
35,4072.2,-5,0.2,0.142527,84.6,39.8,0.94116829
38,4072.1,3,-0.1,0.1547398,84.7,39.8,0.94109875
36,4072.2,-2,0.1,0.1465992,84.7,39.8,0.94109875
37,4072.2,1,0,0.1506714,84.7,39.8,0.94109875
36,4072.2,-1,0,0.1465992,84.7,39.8,0.94109875
37,4072.1,1,-0.1,0.1506677,84.7,39.8,0.94109875
35,4072.2,-2,0.1,0.142527,84.7,39.8,0.94109875
33,4072.3,-2,0.1,0.1343859,84.7,39.8,0.94109875
37,4072.1,4,-0.2,0.1506677,84.7,39.8,0.94109875
34,4072.3,-3,0.2,0.1384582,84.7,39.8,0.94109875
38,4072.2,4,-0.1,0.1547436,84.7,39.8,0.94109875
35,4072.3,-3,0.1,0.1425305,84.8,39.8,0.94102921
32,4072.3,-3,0,0.1303136,84.8,39.8,0.94102921
42,4072.1,10,-0.2,0.1710282,84.8,39.7,0.94102921
32,4072.3,-10,0.2,0.1303136,84.8,39.7,0.94102921
35,4072.3,3,0,0.1425305,84.8,39.7,0.94102921
36,4072.2,1,-0.1,0.1465992,84.8,39.7,0.94102921
32,4072.4,-4,0.2,0.1303168,84.8,39.7,0.94102921
37,4072.3,5,-0.1,0.1506751,84.8,39.7,0.94102921
31,4072.4,-6,0.1,0.1262444,84.8,39.7,0.94102921
42,4072.1,11,-0.3,0.1710282,84.8,39.7,0.94102921
37,4072.3,-5,0.2,0.1506751,84.9,39.7,0.94095967
40,4072.1,3,-0.2,0.162884,84.9,39.7,0.94095967
41,4072.2,1,0.1,0.1669602,84.9,39.7,0.94095967
34,4072.4,-7,0.2,0.1384616,84.9,39.7,0.94095967
33,4072.4,-1,0,0.1343892,84.9,39.7,0.94095967
34,4072.4,1,0,0.1384616,84.9,39.7,0.94095967
41,4072.2,7,-0.2,0.1669602,84.9,39.7,0.94095967
36,4072.3,-5,0.1,0.1466028,84.9,39.7,0.94095967
37,4072.3,1,0,0.1506751,84.9,39.7,0.94095967
30,4072.5,-7,0.2,0.122175,84.9,39.7,0.94095967
33,4072.5,3,0,0.1343925,84.9,39.7,0.94095967
38,4072.3,5,-0.2,0.1547474,85,39.7,0.94089013
31,4072.5,-7,0.2,0.1262475,85,39.7,0.94089013
38,4072.3,7,-0.2,0.1547474,85,39.7,0.94089013
40,4072.3,2,0,0.162892,85,39.7,0.94089013
42,4072.2,2,-0.1,0.1710324,85,39.7,0.94089013
36,4072.4,-6,0.2,0.1466064,85,39.7,0.94089013
35,4072.4,-1,0,0.142534,85,39.7,0.94089013
36,4072.4,1,0,0.1466064,85,39.7,0.94089013
37,4072.4,1,0,0.1506788,85,39.7,0.94089013
38,4072.3,1,-0.1,0.1547474,85.1,39.7,0.94082058
40,4072.3,2,0,0.162892,85.1,39.7,0.94082058
35,4072.5,-5,0.2,0.1425375,85.1,39.7,0.94082058
33,4072.5,-2,0,0.1343925,85.1,39.7,0.94082058
38,4072.4,5,-0.1,0.1547512,85.1,39.7,0.94082058
42,4072.3,4,-0.1,0.1710366,85.1,39.7,0.94082058
33,4072.5,-9,0.2,0.1343925,85.1,39.7,0.94082058
37,4072.4,4,-0.1,0.1506788,85.1,39.7,0.94082058
41,4072.3,4,-0.1,0.1669643,85.1,39.7,0.94082058
36,4072.4,-5,0.1,0.1466064,85.1,39.7,0.94082058
34,4072.5,-2,0.1,0.138465,85.2,39.7,0.94075104
36,4072.5,2,0,0.14661,85.2,39.7,0.94075104
37,4072.4,1,-0.1,0.1506788,85.2,39.7,0.94075104
35,4072.5,-2,0.1,0.1425375,85.2,39.7,0.94075104
38,4072.4,3,-0.1,0.1547512,85.2,39.7,0.94075104
38,4072.4,0,0,0.1547512,85.2,39.7,0.94075104
33,4072.6,-5,0.2,0.1343958,85.2,39.7,0.94075104
39,4072.4,6,-0.2,0.1588236,85.2,39.7,0.94075104
34,4072.6,-5,0.2,0.1384684,85.2,39.7,0.94075104
36,4072.6,2,0,0.1466136,85.2,39.7,0.94075104
39,4072.4,3,-0.2,0.1588236,85.3,39.7,0.9406815
30,4072.7,-9,0.3,0.122181,85.3,39.7,0.9406815
36,4072.5,6,-0.2,0.14661,85.3,39.7,0.9406815
38,4072.5,2,0,0.154755,85.3,39.7,0.9406815
32,4072.7,-6,0.2,0.1303264,85.3,39.7,0.9406815
34,4072.6,2,-0.1,0.1384684,85.3,39.7,0.9406815
37,4072.6,3,0,0.1506862,85.3,39.7,0.9406815
38,4072.5,1,-0.1,0.154755,85.3,39.7,0.9406815
35,4072.6,-3,0.1,0.142541,85.3,39.7,0.9406815
35,4072.6,0,0,0.142541,85.3,39.7,0.9406815
37,4072.5,2,-0.1,0.1506825,85.4,39.7,0.94061196
34,4072.6,-3,0.1,0.1384684,85.4,39.7,0.94061196
37,4072.5,3,-0.1,0.1506825,85.4,39.7,0.94061196
39,4072.4,2,-0.1,0.1588236,85.4,39.7,0.94061196
38,4072.5,-1,0.1,0.154755,85.4,39.7,0.94061196
34,4072.6,-4,0.1,0.1384684,85.4,39.7,0.94061196
34,4072.6,0,0,0.1384684,85.4,39.7,0.94061196
33,4072.7,-1,0.1,0.1343991,85.4,39.7,0.94061196
33,4072.7,0,0,0.1343991,85.4,39.7,0.94061196
33,4072.7,0,0,0.1343991,85.4,39.7,0.94061196
40,4072.5,7,-0.2,0.1629,85.5,39.7,0.94054242
37,4072.6,-3,0.1,0.1506862,85.5,39.7,0.94054242
32,4072.7,-5,0.1,0.1303264,85.5,39.7,0.94054242
41,4072.5,9,-0.2,0.1669725,85.5,39.7,0.94054242
33,4072.7,-8,0.2,0.1343991,85.5,39.7,0.94054242
29,4072.8,-4,0.1,0.1181112,85.5,39.7,0.94054242
33,4072.7,4,-0.1,0.1343991,85.5,39.7,0.94054242
33,4072.7,0,0,0.1343991,85.5,39.7,0.94054242
36,4072.6,3,-0.1,0.1466136,85.5,39.7,0.94054242
40,4072.5,4,-0.1,0.1629,85.5,39.7,0.94054242
38,4072.6,-2,0.1,0.1547588,85.6,39.7,0.94047288
34,4072.7,-4,0.1,0.1384718,85.6,39.7,0.94047288
40,4072.5,6,-0.2,0.1629,85.6,39.7,0.94047288
39,4072.5,-1,0,0.1588275,85.6,39.7,0.94047288
43,4072.4,4,-0.1,0.1751132,85.6,39.7,0.94047288
37,4072.6,-6,0.2,0.1506862,85.6,39.7,0.94047288
41,4072.5,4,-0.1,0.1669725,85.6,39.7,0.94047288
37,4072.6,-4,0.1,0.1506862,85.6,39.7,0.94047288
32,4072.8,-5,0.2,0.1303296,85.6,39.7,0.94047288
35,4072.7,3,-0.1,0.1425445,85.6,39.7,0.94047288
42,4072.5,7,-0.2,0.171045,85.7,39.7,0.94040334
35,4072.7,-7,0.2,0.1425445,85.7,39.7,0.94040334
34,4072.7,-1,0,0.1384718,85.7,39.7,0.94040334
42,4072.5,8,-0.2,0.171045,85.7,39.7,0.94040334
36,4072.7,-6,0.2,0.1466172,85.7,39.7,0.94040334
38,4072.6,2,-0.1,0.1547588,85.7,39.7,0.94040334
35,4072.7,-3,0.1,0.1425445,85.7,39.7,0.94040334
35,4072.7,0,0,0.1425445,85.7,39.7,0.94040334
34,4072.7,-1,0,0.1384718,85.7,39.7,0.94040334
36,4072.7,2,0,0.1466172,85.7,39.7,0.94040334
42,4072.5,6,-0.2,0.171045,85.8,39.7,0.9403338
37,4072.6,-5,0.1,0.1506862,85.8,39.7,0.9403338
43,4072.4,6,-0.2,0.1751132,85.8,39.7,0.9403338
40,4072.5,-3,0.1,0.1629,85.8,39.7,0.9403338
39,4072.5,-1,0,0.1588275,85.8,39.7,0.9403338
36,4072.6,-3,0.1,0.1466136,85.8,39.7,0.9403338
35,4072.7,-1,0.1,0.1425445,85.8,39.7,0.9403338
41,4072.5,6,-0.2,0.1669725,85.8,39.7,0.9403338
35,4072.7,-6,0.2,0.1425445,85.8,39.7,0.9403338
33,4072.8,-2,0.1,0.1344024,85.9,39.7,0.94026426
35,4072.7,2,-0.1,0.1425445,85.9,39.7,0.94026426
38,4072.6,3,-0.1,0.1547588,85.9,39.7,0.94026426
37,4072.6,-1,0,0.1506862,85.9,39.7,0.94026426
36,4072.7,-1,0.1,0.1466172,85.9,39.7,0.94026426
36,4072.7,0,0,0.1466172,85.9,39.7,0.94026426
30,4072.9,-6,0.2,0.122187,85.9,39.7,0.94026426
15,4073.3,-15,0.4,0.0610995,85.9,39.7,0.94026426
16,4073.3,1,0,0.0651728,85.9,39.7,0.94026426
16,4073.4,0,0.1,0.0651744,85.9,39.7,0.94026426
10,4073.6,-6,0.2,0.040736,85.9,39.7,0.94026426
15,4073.5,5,-0.1,0.0611025,85.9,39.7,0.94026426
14,4073.5,-1,0,0.057029,85.9,39.7,0.94026426
16,4073.5,2,0,0.065176,85.9,39.7,0.94026426
13,4073.6,-3,0.1,0.0529568,85.9,39.7,0.94026426
21,4073.3,8,-0.3,0.0855393,85.9,39.7,0.94026426
11,4073.7,-10,0.4,0.0448107,86,39.7,0.94019471
18,4073.5,7,-0.2,0.073323,86,39.7,0.94019471
18,4073.5,0,0,0.073323,86,39.7,0.94019471
9,4073.8,-9,0.3,0.0366642,86,39.7,0.94019471
17,4073.6,8,-0.2,0.0692512,86,39.7,0.94019471
17,4073.6,0,0,0.0692512,86,39.7,0.94019471
11,4073.7,-6,0.1,0.0448107,86,39.7,0.94019471
18,4073.6,7,-0.1,0.0733248,86,39.7,0.94019471
15,4073.7,-3,0.1,0.0611055,86,39.7,0.94019471
14,4073.7,-1,0,0.0570318,86,39.7,0.94019471
15,4073.7,1,0,0.0611055,86,39.7,0.94019471
19,4073.6,4,-0.1,0.0773984,86,39.7,0.94019471
17,4073.7,-2,0.1,0.0692529,86,39.7,0.94019471
20,4073.5,3,-0.2,0.08147,86,39.7,0.94019471
14,4073.7,-6,0.2,0.0570318,86,39.7,0.94019471
16,4073.7,2,0,0.0651792,86,39.7,0.94019471
19,4073.6,3,-0.1,0.0773984,86,39.7,0.94019471
17,4073.7,-2,0.1,0.0692529,86,39.7,0.94019471
17,4073.7,0,0,0.0692529,86,39.7,0.94019471
17,4073.7,0,0,0.0692529,86,39.7,0.94019471
13,4073.8,-4,0.1,0.0529594,86,39.7,0.94019471
14,4073.8,1,0,0.0570332,86,39.7,0.94019471
20,4073.6,6,-0.2,0.081472,86.1,39.7,0.94012517
12,4073.9,-8,0.3,0.0488868,86.1,39.7,0.94012517
17,4073.7,5,-0.2,0.0692529,86.1,39.7,0.94012517
15,4073.8,-2,0.1,0.061107,86.1,39.7,0.94012517
19,4073.7,4,-0.1,0.0774003,86.1,39.7,0.94012517
19,4073.7,0,0,0.0774003,86.1,39.7,0.94012517
14,4073.9,-5,0.2,0.0570346,86.1,39.7,0.94012517
10,4074,-4,0.1,0.04074,86.1,39.7,0.94012517
17,4073.8,7,-0.2,0.0692546,86.1,39.7,0.94012517
17,4073.8,0,0,0.0692546,86.1,39.7,0.94012517
17,4073.8,0,0,0.0692546,86.1,39.7,0.94012517
17,4073.8,0,0,0.0692546,86.1,39.7,0.94012517
9,4074.1,-8,0.3,0.0366669,86.1,39.7,0.94012517
16,4073.9,7,-0.2,0.0651824,86.1,39.7,0.94012517
17,4073.8,1,-0.1,0.0692546,86.1,39.7,0.94012517
15,4073.9,-2,0.1,0.0611085,86.1,39.7,0.94012517
15,4073.9,0,0,0.0611085,86.1,39.7,0.94012517
17,4073.9,2,0,0.0692563,86.1,39.7,0.94012517
18,4073.8,1,-0.1,0.0733284,86.1,39.7,0.94012517
8,4074.1,-10,0.3,0.0325928,86.1,39.7,0.94012517
14,4073.9,6,-0.2,0.0570346,86.1,39.7,0.94012517
15,4073.9,1,0,0.0611085,86.1,39.7,0.94012517
24,4073.7,9,-0.2,0.0977688,86.1,39.7,0.94012517
14,4073.9,-10,0.2,0.0570346,86.1,39.7,0.94012517
21,4073.7,7,-0.2,0.0855477,86.2,39.7,0.94005563
20,4073.7,-1,0,0.081474,86.2,39.7,0.94005563
13,4074,-7,0.3,0.052962,86.2,39.7,0.94005563
13,4074,0,0,0.052962,86.2,39.7,0.94005563
17,4073.9,4,-0.1,0.0692563,86.2,39.7,0.94005563
11,4074.1,-6,0.2,0.0448151,86.2,39.7,0.94005563
11,4074.1,0,0,0.0448151,86.2,39.7,0.94005563
14,4074,3,-0.1,0.057036,86.2,39.7,0.94005563
15,4074,1,0,0.06111,86.2,39.7,0.94005563
20,4073.8,5,-0.2,0.081476,86.2,39.7,0.94005563
15,4074,-5,0.2,0.06111,86.2,39.7,0.94005563
16,4074,1,0,0.065184,86.2,39.7,0.94005563
11,4074.1,-5,0.1,0.0448151,86.2,39.7,0.94005563
19,4073.9,8,-0.2,0.0774041,86.2,39.7,0.94005563
15,4074,-4,0.1,0.06111,86.2,39.7,0.94005563
11,4074.1,-4,0.1,0.0448151,86.2,39.7,0.94005563
16,4074,5,-0.1,0.065184,86.2,39.7,0.94005563
16,4074,0,0,0.065184,86.2,39.7,0.94005563
16,4074,0,0,0.065184,86.2,39.7,0.94005563
17,4073.9,1,-0.1,0.0692563,86.2,39.7,0.94005563
12,4074.1,-5,0.2,0.0488892,86.2,39.7,0.94005563
19,4073.9,7,-0.2,0.0774041,86.2,39.7,0.94005563
14,4074.1,-5,0.2,0.0570374,86.2,39.7,0.94005563
15,4074,1,-0.1,0.06111,86.3,39.7,0.93998609
17,4074,2,0,0.069258,86.3,39.7,0.93998609
14,4074.1,-3,0.1,0.0570374,86.3,39.7,0.93998609
15,4074,1,-0.1,0.06111,86.3,39.7,0.93998609
18,4074,3,0,0.073332,86.3,39.7,0.93998609
17,4074,-1,0,0.069258,86.3,39.7,0.93998609
16,4074,-1,0,0.065184,86.3,39.7,0.93998609
13,4074.1,-3,0.1,0.0529633,86.3,39.7,0.93998609
11,4074.2,-2,0.1,0.0448162,86.3,39.7,0.93998609
11,4074.2,0,0,0.0448162,86.3,39.7,0.93998609
10,4074.2,-1,0,0.040742,86.3,39.7,0.93998609
17,4074,7,-0.2,0.069258,86.3,39.7,0.93998609
21,4073.9,4,-0.1,0.0855519,86.3,39.7,0.93998609
14,4074.1,-7,0.2,0.0570374,86.3,39.7,0.93998609
14,4074.1,0,0,0.0570374,86.3,39.7,0.93998609
19,4074,5,-0.1,0.077406,86.3,39.7,0.93998609
19,4073.9,0,-0.1,0.0774041,86.3,39.7,0.93998609
17,4074,-2,0.1,0.069258,86.3,39.7,0.93998609
18,4074,1,0,0.073332,86.3,39.7,0.93998609
17,4074,-1,0,0.069258,86.3,39.7,0.93998609
26,4073.7,9,-0.3,0.1059162,86.3,39.7,0.93998609
17,4074,-9,0.3,0.069258,86.3,39.7,0.93998609
15,4074.1,-2,0.1,0.0611115,86.4,39.7,0.93991655
13,4074.1,-2,0,0.0529633,86.4,39.7,0.93991655
8,4074.3,-5,0.2,0.0325944,86.4,39.7,0.93991655
19,4074,11,-0.3,0.077406,86.4,39.7,0.93991655
13,4074.1,-6,0.1,0.0529633,86.4,39.7,0.93991655
10,4074.3,-3,0.2,0.040743,86.4,39.7,0.93991655
18,4074,8,-0.3,0.073332,86.4,39.7,0.93991655
17,4074,-1,0,0.069258,86.4,39.7,0.93991655
15,4074.1,-2,0.1,0.0611115,86.4,39.7,0.93991655
13,4074.2,-2,0.1,0.0529646,86.4,39.7,0.93991655
9,4074.3,-4,0.1,0.0366687,86.4,39.7,0.93991655
15,4074.2,6,-0.1,0.061113,86.4,39.7,0.93991655
13,4074.2,-2,0,0.0529646,86.4,39.7,0.93991655
20,4074,7,-0.2,0.08148,86.4,39.7,0.93991655
12,4074.2,-8,0.2,0.0488904,86.4,39.7,0.93991655
13,4074.2,1,0,0.0529646,86.4,39.7,0.93991655
15,4074.1,2,-0.1,0.0611115,86.4,39.7,0.93991655
19,4074,4,-0.1,0.077406,86.4,39.7,0.93991655
15,4074.1,-4,0.1,0.0611115,86.4,39.7,0.93991655
17,4074.1,2,0,0.0692597,86.4,39.7,0.93991655
18,4074,1,-0.1,0.073332,86.4,39.7,0.93991655
12,4074.2,-6,0.2,0.0488904,86.4,39.7,0.93991655
20,4074,8,-0.2,0.08148,86.4,39.7,0.93991655
17,4074.1,-3,0.1,0.0692597,86.4,39.7,0.93991655
21,4073.9,4,-0.2,0.0855519,86.5,39.7,0.93984701
12,4074.2,-9,0.3,0.0488904,86.5,39.7,0.93984701
14,4074.2,2,0,0.0570388,86.5,39.7,0.93984701
16,4074.1,2,-0.1,0.0651856,86.5,39.7,0.93984701
18,4074.1,2,0,0.0733338,86.5,39.7,0.93984701
17,4074.1,-1,0,0.0692597,86.5,39.7,0.93984701
17,4074.1,0,0,0.0692597,86.5,39.7,0.93984701
14,4074.1,-3,0,0.0570374,86.5,39.7,0.93984701
13,4074.2,-1,0.1,0.0529646,86.5,39.7,0.93984701
10,4074.3,-3,0.1,0.040743,86.5,39.7,0.93984701
14,4074.2,4,-0.1,0.0570388,86.5,39.7,0.93984701
17,4074.1,3,-0.1,0.0692597,86.5,39.7,0.93984701
18,4074.1,1,0,0.0733338,86.5,39.7,0.93984701
21,4074,3,-0.1,0.085554,86.5,39.7,0.93984701
21,4074,0,0,0.085554,86.5,39.7,0.93984701
17,4074.1,-4,0.1,0.0692597,86.5,39.7,0.93984701
16,4074.1,-1,0,0.0651856,86.5,39.7,0.93984701
21,4073.9,5,-0.2,0.0855519,86.5,39.7,0.93984701
13,4074.2,-8,0.3,0.0529646,86.5,39.7,0.93984701
19,4074,6,-0.2,0.077406,86.5,39.7,0.93984701
24,4073.8,5,-0.2,0.0977712,86.5,39.7,0.93984701
22,4073.9,-2,0.1,0.0896258,86.5,39.7,0.93984701
16,4074.1,-6,0.2,0.0651856,86.6,39.7,0.93977747
17,4074.1,1,0,0.0692597,86.6,39.7,0.93977747
17,4074.1,0,0,0.0692597,86.6,39.7,0.93977747
17,4074.1,0,0,0.0692597,86.6,39.7,0.93977747
20,4073.9,3,-0.2,0.081478,86.6,39.7,0.93977747
18,4074,-2,0.1,0.073332,86.6,39.7,0.93977747
24,4073.8,6,-0.2,0.0977712,86.6,39.7,0.93977747
16,4074.1,-8,0.3,0.0651856,86.6,39.7,0.93977747
14,4074.2,-2,0.1,0.0570388,86.6,39.7,0.93977747
18,4074,4,-0.2,0.073332,86.6,39.7,0.93977747
24,4073.9,6,-0.1,0.0977736,86.6,39.7,0.93977747
20,4074,-4,0.1,0.08148,86.6,39.7,0.93977747
12,4074.2,-8,0.2,0.0488904,86.6,39.7,0.93977747
20,4074,8,-0.2,0.08148,86.6,39.7,0.93977747
18,4074.1,-2,0.1,0.0733338,86.6,39.7,0.93977747
20,4073.9,2,-0.2,0.081478,86.6,39.7,0.93977747
22,4073.9,2,0,0.0896258,86.6,39.7,0.93977747
17,4074.1,-5,0.2,0.0692597,86.6,39.7,0.93977747
17,4074,0,-0.1,0.069258,86.6,39.7,0.93977747
23,4073.9,6,-0.1,0.0936997,86.7,39.7,0.93970793
17,4074,-6,0.1,0.069258,86.7,39.7,0.93970793
16,4074,-1,0,0.065184,86.7,39.7,0.93970793
20,4074,4,0,0.08148,86.7,39.7,0.93970793
20,4074,0,0,0.08148,86.7,39.7,0.93970793
16,4074.1,-4,0.1,0.0651856,86.7,39.7,0.93970793
14,4074.2,-2,0.1,0.0570388,86.7,39.7,0.93970793
19,4074,5,-0.2,0.077406,86.7,39.7,0.93970793
18,4074,-1,0,0.073332,86.7,39.7,0.93970793
15,4074.1,-3,0.1,0.0611115,86.7,39.7,0.93970793
20,4073.9,5,-0.2,0.081478,86.7,39.7,0.93970793
13,4074.2,-7,0.3,0.0529646,86.7,39.7,0.93970793
19,4074,6,-0.2,0.077406,86.7,39.7,0.93970793
24,4073.8,5,-0.2,0.0977712,86.7,39.7,0.93970793
16,4074.1,-8,0.3,0.0651856,86.7,39.7,0.93970793
16,4074.1,0,0,0.0651856,86.7,39.7,0.93970793
21,4073.9,5,-0.2,0.0855519,86.7,39.7,0.93970793
20,4073.9,-1,0,0.081478,86.7,39.7,0.93970793
25,4073.8,5,-0.1,0.101845,86.7,39.7,0.93970793
17,4074,-8,0.2,0.069258,86.7,39.7,0.93970793
15,4074.1,-2,0.1,0.0611115,86.8,39.7,0.93963839
23,4073.9,8,-0.2,0.0936997,86.8,39.7,0.93963839
15,4074.1,-8,0.2,0.0611115,86.8,39.7,0.93963839
20,4073.9,5,-0.2,0.081478,86.8,39.7,0.93963839
16,4074.1,-4,0.2,0.0651856,86.8,39.7,0.93963839
14,4074.2,-2,0.1,0.0570388,86.8,39.7,0.93963839
15,4074.1,1,-0.1,0.0611115,86.8,39.7,0.93963839
20,4074,5,-0.1,0.08148,86.8,39.7,0.93963839
17,4074,-3,0,0.069258,86.8,39.7,0.93963839
18,4074,1,0,0.073332,86.8,39.7,0.93963839
18,4074,0,0,0.073332,86.8,39.7,0.93963839
14,4074.1,-4,0.1,0.0570374,86.8,39.7,0.93963839
16,4074.1,2,0,0.0651856,86.8,39.7,0.93963839
19,4074,3,-0.1,0.077406,86.8,39.7,0.93963839
20,4073.9,1,-0.1,0.081478,86.8,39.7,0.93963839
13,4074.2,-7,0.3,0.0529646,86.8,39.7,0.93963839
17,4074,4,-0.2,0.069258,86.8,39.7,0.93963839
18,4074,1,0,0.073332,86.8,39.7,0.93963839
19,4074,1,0,0.077406,86.8,39.7,0.93963839
16,4074.1,-3,0.1,0.0651856,86.8,39.7,0.93963839
16,4074.1,0,0,0.0651856,86.8,39.7,0.93963839
19,4074,3,-0.1,0.077406,86.9,39.7,0.93956885
14,4074.2,-5,0.2,0.0570388,86.9,39.7,0.93956885
12,4074.2,-2,0,0.0488904,86.9,39.7,0.93956885
20,4074,8,-0.2,0.08148,86.9,39.7,0.93956885
23,4073.9,3,-0.1,0.0936997,86.9,39.7,0.93956885
21,4073.9,-2,0,0.0855519,86.9,39.7,0.93956885
19,4074,-2,0.1,0.077406,86.9,39.7,0.93956885
20,4073.9,1,-0.1,0.081478,86.9,39.7,0.93956885
20,4073.9,0,0,0.081478,86.9,39.7,0.93956885
23,4073.9,3,0,0.0936997,86.9,39.7,0.93956885
19,4074,-4,0.1,0.077406,86.9,39.7,0.93956885
19,4074,0,0,0.077406,86.9,39.7,0.93956885
19,4074,0,0,0.077406,86.9,39.7,0.93956885
13,4074.2,-6,0.2,0.0529646,86.9,39.7,0.93956885
17,4074,4,-0.2,0.069258,86.9,39.7,0.93956885
19,4074,2,0,0.077406,86.9,39.7,0.93956885
20,4073.9,1,-0.1,0.081478,86.9,39.7,0.93956885
15,4074.1,-5,0.2,0.0611115,86.9,39.7,0.93956885
22,4073.9,7,-0.2,0.0896258,86.9,39.7,0.93956885
17,4074,-5,0.1,0.069258,87,39.7,0.9394993
20,4073.9,3,-0.1,0.081478,87,39.7,0.9394993
17,4074,-3,0.1,0.069258,87,39.7,0.9394993
19,4074,2,0,0.077406,87,39.7,0.9394993
15,4074.1,-4,0.1,0.0611115,87,39.7,0.9394993
21,4073.9,6,-0.2,0.0855519,87,39.7,0.9394993
22,4073.9,1,0,0.0896258,87,39.7,0.9394993
19,4073.9,-3,0,0.0774041,87,39.7,0.9394993
19,4074,0,0.1,0.077406,87,39.7,0.9394993
17,4074,-2,0,0.069258,87,39.7,0.9394993
14,4074.1,-3,0.1,0.0570374,87,39.7,0.9394993
19,4074,5,-0.1,0.077406,87,39.7,0.9394993
18,4074,-1,0,0.073332,87,39.7,0.9394993
20,4073.9,2,-0.1,0.081478,87,39.7,0.9394993
20,4073.9,0,0,0.081478,87,39.7,0.9394993
20,4073.9,0,0,0.081478,87,39.7,0.9394993
19,4074,-1,0.1,0.077406,87,39.7,0.9394993
13,4074.1,-6,0.1,0.0529633,87,39.7,0.9394993
16,4074.1,3,0,0.0651856,87,39.7,0.9394993
18,4074,2,-0.1,0.073332,87,39.7,0.9394993
21,4073.9,3,-0.1,0.0855519,87.1,39.7,0.93942976
17,4074,-4,0.1,0.069258,87.1,39.7,0.93942976
19,4074,2,0,0.077406,87.1,39.7,0.93942976
21,4073.9,2,-0.1,0.0855519,87.1,39.7,0.93942976
13,4074.1,-8,0.2,0.0529633,87.1,39.7,0.93942976
14,4074.1,1,0,0.0570374,87.1,39.7,0.93942976
18,4074,4,-0.1,0.073332,87.1,39.7,0.93942976
23,4073.9,5,-0.1,0.0936997,87.1,39.7,0.93942976
15,4074.1,-8,0.2,0.0611115,87.1,39.7,0.93942976
19,4073.9,4,-0.2,0.0774041,87.1,39.7,0.93942976
20,4073.9,1,0,0.081478,87.1,39.7,0.93942976
16,4074,-4,0.1,0.065184,87.1,39.7,0.93942976
24,4073.8,8,-0.2,0.0977712,87.1,39.7,0.93942976
17,4074,-7,0.2,0.069258,87.1,39.7,0.93942976
17,4074,0,0,0.069258,87.1,39.7,0.93942976
17,4074,0,0,0.069258,87.1,39.7,0.93942976
12,4074.2,-5,0.2,0.0488904,87.1,39.7,0.93942976
17,4074,5,-0.2,0.069258,87.1,39.7,0.93942976
14,4074.1,-3,0.1,0.0570374,87.1,39.7,0.93942976
23,4073.8,9,-0.3,0.0936974,87.1,39.7,0.93942976
21,4073.9,-2,0.1,0.0855519,87.2,39.7,0.93936022
22,4073.9,1,0,0.0896258,87.2,39.7,0.93936022
29,4073.7,7,-0.2,0.1181373,87.2,39.7,0.93936022
27,4073.7,-2,0,0.1099899,87.2,39.7,0.93936022
23,4073.8,-4,0.1,0.0936974,87.2,39.7,0.93936022
31,4073.5,8,-0.3,0.1262785,87.2,39.7,0.93936022
26,4073.6,-5,0.1,0.1059136,87.2,39.7,0.93936022
26,4073.7,0,0.1,0.1059162,87.2,39.7,0.93936022
30,4073.6,4,-0.1,0.122208,87.2,39.7,0.93936022
27,4073.6,-3,0,0.1099872,87.2,39.7,0.93936022
28,4073.6,1,0,0.1140608,87.2,39.7,0.93936022
25,4073.7,-3,0.1,0.1018425,87.2,39.7,0.93936022
28,4073.6,3,-0.1,0.1140608,87.2,39.7,0.93936022
27,4073.6,-1,0,0.1099872,87.2,39.7,0.93936022
34,4073.4,7,-0.2,0.1384956,87.3,39.7,0.93929068
31,4073.4,-3,0,0.1262754,87.3,39.7,0.93929068
24,4073.7,-7,0.3,0.0977688,87.3,39.7,0.93929068
24,4073.7,0,0,0.0977688,87.3,39.7,0.93929068
30,4073.5,6,-0.2,0.122205,87.3,39.7,0.93929068
32,4073.4,2,-0.1,0.1303488,87.3,39.7,0.93929068
28,4073.5,-4,0.1,0.114058,87.3,39.7,0.93929068
32,4073.4,4,-0.1,0.1303488,87.3,39.7,0.93929068
27,4073.5,-5,0.1,0.1099845,87.3,39.7,0.93929068
29,4073.5,2,0,0.1181315,87.3,39.7,0.93929068
26,4073.5,-3,0,0.105911,87.3,39.7,0.93929068
26,4073.5,0,0,0.105911,87.3,39.7,0.93929068
31,4073.4,5,-0.1,0.1262754,87.4,39.7,0.93922114
31,4073.4,0,0,0.1262754,87.4,39.7,0.93922114
27,4073.5,-4,0.1,0.1099845,87.4,39.7,0.93922114
24,4073.6,-3,0.1,0.0977664,87.4,39.7,0.93922114
22,4073.6,-2,0,0.0896192,87.4,39.7,0.93922114
23,4073.7,1,0.1,0.0936951,87.4,39.7,0.93922114
29,4073.4,6,-0.3,0.1181286,87.4,39.7,0.93922114
26,4073.5,-3,0.1,0.105911,87.4,39.7,0.93922114
29,4073.4,3,-0.1,0.1181286,87.4,39.7,0.93922114
27,4073.5,-2,0.1,0.1099845,87.4,39.7,0.93922114
29,4073.4,2,-0.1,0.1181286,87.4,39.7,0.93922114
30,4073.3,1,-0.1,0.122199,87.4,39.7,0.93922114
32,4073.3,2,0,0.1303456,87.4,39.7,0.93922114
25,4073.5,-7,0.2,0.1018375,87.5,39.7,0.9391516
25,4073.5,0,0,0.1018375,87.5,39.7,0.9391516
24,4073.5,-1,0,0.097764,87.5,39.7,0.9391516
27,4073.4,3,-0.1,0.1099818,87.5,39.7,0.9391516
26,4073.5,-1,0.1,0.105911,87.5,39.7,0.9391516
30,4073.3,4,-0.2,0.122199,87.5,39.7,0.9391516
23,4073.6,-7,0.3,0.0936928,87.5,39.7,0.9391516
27,4073.4,4,-0.2,0.1099818,87.5,39.7,0.9391516
33,4073.2,6,-0.2,0.1344156,87.5,39.7,0.9391516
24,4073.5,-9,0.3,0.097764,87.5,39.7,0.9391516
24,4073.5,0,0,0.097764,87.5,39.7,0.9391516
22,4073.6,-2,0.1,0.0896192,87.5,39.7,0.9391516
25,4073.5,3,-0.1,0.1018375,87.5,39.7,0.9391516
25,4073.5,0,0,0.1018375,87.5,39.7,0.9391516
25,4073.5,0,0,0.1018375,87.6,39.7,0.93908206
28,4073.4,3,-0.1,0.1140552,87.6,39.7,0.93908206
25,4073.5,-3,0.1,0.1018375,87.6,39.7,0.93908206
25,4073.5,0,0,0.1018375,87.6,39.7,0.93908206
26,4073.4,1,-0.1,0.1059084,87.6,39.7,0.93908206
29,4073.3,3,-0.1,0.1181257,87.6,39.7,0.93908206
23,4073.5,-6,0.2,0.0936905,87.6,39.7,0.93908206
25,4073.5,2,0,0.1018375,87.6,39.7,0.93908206
26,4073.4,1,-0.1,0.1059084,87.6,39.7,0.93908206
32,4073.2,6,-0.2,0.1303424,87.6,39.7,0.93908206
27,4073.4,-5,0.2,0.1099818,87.6,39.7,0.93908206
24,4073.5,-3,0.1,0.097764,87.6,39.7,0.93908206
31,4073.3,7,-0.2,0.1262723,87.6,39.7,0.93908206
35,4073.1,4,-0.2,0.1425585,87.7,39.7,0.93901252
28,4073.3,-7,0.2,0.1140524,87.7,39.7,0.93901252
26,4073.4,-2,0.1,0.1059084,87.7,39.7,0.93901252
23,4073.5,-3,0.1,0.0936905,87.7,39.7,0.93901252
28,4073.3,5,-0.2,0.1140524,87.7,39.7,0.93901252
26,4073.4,-2,0.1,0.1059084,87.7,39.7,0.93901252
23,4073.5,-3,0.1,0.0936905,87.7,39.7,0.93901252
28,4073.3,5,-0.2,0.1140524,87.7,39.7,0.93901252
28,4073.3,0,0,0.1140524,87.7,39.7,0.93901252
27,4073.4,-1,0.1,0.1099818,87.7,39.7,0.93901252
27,4073.4,0,0,0.1099818,87.7,39.7,0.93901252
23,4073.5,-4,0.1,0.0936905,87.7,39.7,0.93901252
31,4073.2,8,-0.3,0.1262692,87.7,39.7,0.93901252
32,4073.2,1,0,0.1303424,87.7,39.7,0.93901252
28,4073.3,-4,0.1,0.1140524,87.8,39.7,0.93894298
26,4073.4,-2,0.1,0.1059084,87.8,39.7,0.93894298
28,4073.3,2,-0.1,0.1140524,87.8,39.7,0.93894298
24,4073.4,-4,0.1,0.0977616,87.8,39.7,0.93894298
26,4073.3,2,-0.1,0.1059058,87.8,39.7,0.93894298
27,4073.3,1,0,0.1099791,87.8,39.7,0.93894298
24,4073.4,-3,0.1,0.0977616,87.8,39.7,0.93894298
28,4073.3,4,-0.1,0.1140524,87.8,39.7,0.93894298
31,4073.2,3,-0.1,0.1262692,87.8,39.7,0.93894298
34,4073.1,3,-0.1,0.1384854,87.8,39.7,0.93894298
31,4073.1,-3,0,0.1262661,87.8,39.7,0.93894298
28,4073.2,-3,0.1,0.1140496,87.8,39.7,0.93894298
32,4073.1,4,-0.1,0.1303392,87.8,39.7,0.93894298
26,4073.3,-6,0.2,0.1059058,87.9,39.7,0.93887344
26,4073.3,0,0,0.1059058,87.9,39.7,0.93887344
28,4073.3,2,0,0.1140524,87.9,39.7,0.93887344
24,4073.3,-4,0,0.0977592,87.9,39.7,0.93887344
25,4073.3,1,0,0.1018325,87.9,39.7,0.93887344
25,4073.3,0,0,0.1018325,87.9,39.7,0.93887344
27,4073.2,2,-0.1,0.1099764,87.9,39.7,0.93887344
23,4073.4,-4,0.2,0.0936882,87.9,39.7,0.93887344
24,4073.4,1,0,0.0977616,87.9,39.7,0.93887344
24,4073.4,0,0,0.0977616,87.9,39.7,0.93887344
21,4073.4,-3,0,0.0855414,87.9,39.7,0.93887344
27,4073.3,6,-0.1,0.1099791,87.9,39.7,0.93887344
27,4073.2,0,-0.1,0.1099764,87.9,39.7,0.93887344
30,4073.2,3,0,0.122196,87.9,39.7,0.93887344
27,4073.3,-3,0.1,0.1099791,88,39.7,0.93880389
20,4073.5,-7,0.2,0.08147,88,39.7,0.93880389
28,4073.2,8,-0.3,0.1140496,88,39.7,0.93880389
26,4073.3,-2,0.1,0.1059058,88,39.7,0.93880389
23,4073.4,-3,0.1,0.0936882,88,39.7,0.93880389
27,4073.2,4,-0.2,0.1099764,88,39.7,0.93880389
30,4073.1,3,-0.1,0.122193,88,39.7,0.93880389
30,4073.2,0,0.1,0.122196,88,39.7,0.93880389
29,4073.1,-1,-0.1,0.1181199,88,39.7,0.93880389
26,4073.2,-3,0.1,0.1059032,88,39.7,0.93880389
28,4073.2,2,0,0.1140496,88,39.7,0.93880389
29,4073.1,1,-0.1,0.1181199,88,39.7,0.93880389
26,4073.2,-3,0.1,0.1059032,88,39.7,0.93880389
29,4073.1,3,-0.1,0.1181199,88.1,39.7,0.93873435
29,4073.2,0,0.1,0.1181228,88.1,39.7,0.93873435
26,4073.2,-3,0,0.1059032,88.1,39.7,0.93873435
28,4073.2,2,0,0.1140496,88.1,39.7,0.93873435
24,4073.3,-4,0.1,0.0977592,88.1,39.7,0.93873435
25,4073.3,1,0,0.1018325,88.1,39.7,0.93873435
28,4073.2,3,-0.1,0.1140496,88.1,39.7,0.93873435
32,4073,4,-0.2,0.130336,88.1,39.7,0.93873435
31,4073,-1,0,0.126263,88.1,39.7,0.93873435
29,4073.1,-2,0.1,0.1181199,88.1,39.7,0.93873435
30,4073.1,1,0,0.122193,88.1,39.7,0.93873435
25,4073.2,-5,0.1,0.10183,88.1,39.7,0.93873435
29,4073.1,4,-0.1,0.1181199,88.1,39.7,0.93873435
25,4073.2,-4,0.1,0.10183,88.2,39.7,0.93866481
28,4073.1,3,-0.1,0.1140468,88.2,39.7,0.93866481
24,4073.2,-4,0.1,0.0977568,88.2,39.7,0.93866481
23,4073.3,-1,0.1,0.0936859,88.2,39.7,0.93866481
30,4073.1,7,-0.2,0.122193,88.2,39.7,0.93866481
26,4073.2,-4,0.1,0.1059032,88.2,39.7,0.93866481
29,4073.1,3,-0.1,0.1181199,88.2,39.7,0.93866481
31,4073,2,-0.1,0.126263,88.2,39.7,0.93866481
30,4073,-1,0,0.12219,88.2,39.7,0.93866481
30,4073,0,0,0.12219,88.2,39.7,0.93866481
29,4073,-1,0,0.118117,88.2,39.7,0.93866481
30,4073,1,0,0.12219,88.2,39.7,0.93866481
21,4073.3,-9,0.3,0.0855393,88.2,39.7,0.93866481
28,4073.1,7,-0.2,0.1140468,88.3,39.7,0.93859527
-354,4085.2,-382,12.1,-1.4461608,88.2,39.7,0.93866481
-740,4098.1,-386,12.9,-3.032594,88,39.7,0.93880389
-745,4099.4,-5,1.3,-3.054053,87.7,39.7,0.93901252
-736.1,4100.1,8.9,0.7,-3.0180836,87.5,39.7,0.9391516
-739,4101,-2.9,0.9,-3.030639,87.3,39.7,0.93929068
-742,4101.8,-3,0.8,-3.0435356,87.1,39.7,0.93942976
-743,4102.6,-1,0.8,-3.0482318,86.9,39.7,0.93956885
634.1,4059.8,1377.1,-42.8,2.5743192,87.1,39.7,0.93942976
639.1,4057.8,5,-2,2.59334,87.3,39.7,0.93929068
811.1,4051.1,172,-6.7,3.2858472,87.5,39.7,0.9391516
973.1,4044.7,162,-6.4,3.9358976,87.8,39.7,0.93894298
974.2,4043.3,1.1,-1.4,3.9389829,88,39.7,0.93880389
967.2,4042.3,-7,-1,3.9097126,88.3,39.7,0.93859527
977.2,4040.9,10,-1.4,3.9487675,88.6,39.7,0.93838665
2491.9,3992.5,1514.7,-48.4,9.9489107,89.3,39.7,0.93789986
2486.2,3989.3,-5.7,-3.2,9.9181977,90,39.7,0.93741307
2482.1,3986.6,-4.1,-2.7,9.8951399,90.7,39.7,0.93692629
2486.1,3984.1,4,-2.5,9.904871,91.3,39.7,0.93650904
2483.1,3982,-3,-2.1,9.8877042,92,39.7,0.93602225
2480.1,3980.1,-3,-1.9,9.871046,92.7,39.7,0.93553547
2485.1,3978.1,5,-2,9.8859763,93.4,39.7,0.93504868
2485,3976.3,-0.1,-1.8,9.8811055,94.1,39.7,0.93456189
2481.1,3974.9,-3.9,-1.4,9.8621244,94.8,39.7,0.9340751
2031.1,3987.2,-450,12.3,8.0984019,95.4,39.7,0.93365786
1581.2,4000.5,-449.9,13.3,6.3255906,95.8,39.7,0.93337969
1576.1,4000.5,-5.1,0,6.305188,96.2,39.7,0.93310153
1568.1,4000.4,-8,-0.1,6.2730272,96.7,39.7,0.93275382
1576,3999.7,7.9,-0.7,6.3035272,97.1,39.7,0.93247566
1575.1,3999.2,-0.9,-0.5,6.2991399,97.5,39.7,0.9321975
422.2,4034.7,-1152.9,35.5,1.7034503,97.7,39.7,0.93205841
426.1,4035.9,3.9,1.2,1.719697,97.8,39.7,0.93198887
425.2,4036.9,-0.9,1,1.7164899,97.9,39.7,0.93191933
424.1,4037.6,-1.1,0.7,1.7123462,98,39.7,0.93184979
423.2,4038.2,-0.9,0.6,1.7089662,98.1,39.7,0.93178025
430.1,4038.5,6.9,0.3,1.7369588,98.3,39.7,0.93164117
434.1,4038.8,4,0.3,1.7532431,98.4,39.7,0.93157163
427.1,4039.3,-7,0.5,1.725185,98.5,39.7,0.93150209
-392,4065.4,-819.1,26.1,-1.5936368,98.4,39.7,0.93157163
-395.1,4067.2,-3.1,1.8,-1.6069507,98.3,39.7,0.93164117
1309,4015.1,1704.1,-52.1,5.2557659,98.6,39.7,0.93143255
1307.1,4013.4,-1.9,-1.7,5.2459151,99,39.7,0.93115438
1309.1,4012.2,2,-1.2,5.252371,99.4,39.7,0.93087622
1313.1,4011.2,4,-1,5.2671067,99.7,39.7,0.93066759
1313.1,4010.4,0,-0.8,5.2660562,100.1,39.7,0.93038943
648.2,4030.5,-664.9,20.1,2.6125701,100.3,39.7,0.93025035
645.1,4031.1,-3.1,0.6,2.6004626,100.5,39.7,0.93011127
645.1,4031.3,0,0.2,2.6005916,100.6,39.7,0.93004172
647,4031.4,1.9,0.1,2.6083158,100.8,39.7,0.92990264
649.1,4031.5,2.1,0.1,2.6168467,101,39.7,0.92976356
650.1,4031.5,1,0,2.6208782,101.2,39.7,0.92962448
641.1,4031.8,-9,0.3,2.584787,101.4,39.7,0.9294854
648.1,4031.7,7,-0.1,2.6129448,101.5,39.7,0.92941586
646.1,4031.8,-2,0.1,2.604946,101.7,39.7,0.92927677
1813,3995.4,1166.9,-36.4,7.2436602,102.2,39.7,0.92892907
1813.2,3993.5,0.2,-1.9,7.2410142,102.7,39.7,0.92858136
1813.1,3992.1,-0.1,-1.4,7.2380765,103.2,39.7,0.92823366
1813.1,3991,0,-1.1,7.2360821,103.7,39.7,0.92788595
1811.1,3990,-2,-1,7.226289,104.2,39.7,0.92753825
1810.1,3989,-1,-1,7.2204889,104.7,39.7,0.92719054
-45,4046,-1855.1,57,-0.18207,104.7,39.7,0.92719054
-47,4048.2,-2,2.2,-0.1902654,104.7,39.7,0.92719054
-48,4049.7,-1,1.5,-0.1943856,104.7,39.7,0.92719054
-49,4050.9,-1,1.2,-0.1984941,104.7,39.7,0.92719054
-46,4051.8,3,0.9,-0.1863828,104.7,39.7,0.92719054
-44,4052.6,2,0.8,-0.1783144,104.7,39.7,0.92719054
-50,4053.5,-6,0.9,-0.202675,104.6,39.7,0.92726008
-50,4054.2,0,0.7,-0.20271,104.6,39.7,0.92726008
510.1,4037.3,560.1,-16.9,2.0594267,104.8,39.7,0.927121
514.1,4036.8,4,-0.5,2.0753189,104.9,39.7,0.92705146
515.2,4036.6,1.1,-0.2,2.0796563,105.1,39.7,0.92691238
514.1,4036.6,-1.1,0,2.0752161,105.2,39.7,0.92684284
514.1,4036.5,0,-0.1,2.0751647,105.3,39.7,0.9267733
519.1,4036.4,5,-0.1,2.0952952,105.5,39.7,0.92663421
513.1,4036.5,-6,0.1,2.0711282,105.6,39.7,0.92656467
515.1,4036.5,2,0,2.0792012,105.8,39.7,0.92642559
515.1,4036.5,0,0,2.0792012,105.9,39.7,0.92635605
651.1,4032.2,136,-4.3,2.6253654,106.1,39.7,0.92621697
799.1,4027.4,148,-4.8,3.2182953,106.3,39.7,0.92607789
796.1,4027.1,-3,-0.3,3.2059743,106.5,39.7,0.9259388
793.1,4026.9,-3,-0.2,3.1937344,106.8,39.7,0.92573018
1120.1,4016.4,327,-10.5,4.4987696,107.1,39.7,0.92552156
1114.1,4015.9,-6,-0.5,4.4741142,107.4,39.7,0.92531293
1117.1,4015.1,3,-0.8,4.4852682,107.7,39.7,0.92510431
1122.1,4014.4,5,-0.7,4.5045582,108,39.7,0.92489569
1357,4006.6,234.9,-7.8,5.4369562,108.4,39.7,0.92461752
1358,4005.7,1,-0.9,5.4397406,108.8,39.7,0.92433936
1153.2,4011.4,-204.8,5.7,4.6259465,109.1,39.7,0.92413074
1153.1,4011.1,-0.1,-0.3,4.6251994,109.4,39.7,0.92392211
1152.2,4010.8,-0.9,-0.3,4.6212438,109.7,39.7,0.92371349
1151.2,4010.5,-1,-0.3,4.6168876,110,39.7,0.92350487
1152.1,4010.1,0.9,-0.4,4.6200362,110.4,39.7,0.9232267
1042.1,4013.2,-110,3.1,4.1821557,110.6,39.7,0.92308762
925.1,4016.7,-117,3.5,3.7158492,110.9,39.7,0.922879
926.2,4016.6,1.1,-0.1,3.7201749,111.2,39.7,0.92267038
924.1,4016.7,-2.1,0.1,3.7118325,111.4,39.7,0.92253129
927.1,4016.5,3,-0.2,3.7236972,111.7,39.7,0.92232267
934.1,4016.1,7,-0.4,3.751439,111.9,39.7,0.92218359
921.2,4016.4,-12.9,0.3,3.6999077,112.2,39.7,0.92197497
925.1,4016.2,3.9,-0.2,3.7153866,112.4,39.7,0.92183588
927.1,4016.1,2,-0.1,3.7233263,112.7,39.7,0.92162726
929.1,4015.9,2,-0.2,3.7311727,113,39.7,0.92141864
477.2,4029.8,-451.9,13.9,1.9230206,113.1,39.7,0.9213491
33,4044.3,-444.2,14.5,0.1334619,113.1,39.7,0.9213491
34,4045.3,1,1,0.1375402,113.1,39.7,0.9213491
34,4046.2,0,0.9,0.1375708,113.1,39.7,0.9213491
32,4047.1,-2,0.9,0.1295072,113.1,39.7,0.9213491
41,4047.4,9,0.3,0.1659434,113.1,39.7,0.9213491
38,4048.1,-3,0.7,0.1538278,113.1,39.7,0.9213491
32,4048.8,-6,0.7,0.1295616,113.2,39.7,0.92127955
35,4049.2,3,0.4,0.141722,113.2,39.7,0.92127955
35,4049.7,0,0.5,0.1417395,113.2,39.7,0.92127955
38,4050.1,3,0.4,0.1539038,113.2,39.7,0.92127955
37,4050.5,-1,0.4,0.1498685,113.2,39.7,0.92127955
35,4051,-2,0.5,0.141785,113.2,39.7,0.92127955
41,4051.2,6,0.2,0.1660992,113.2,39.7,0.92127955
36,4051.6,-5,0.4,0.1458576,113.2,39.7,0.92127955
36,4052,0,0.4,0.145872,113.2,39.7,0.92127955
31,4052.4,-5,0.4,0.1256244,113.2,39.7,0.92127955
44,4052.3,13,-0.1,0.1783012,113.3,39.7,0.92121001
33,4053,-11,0.7,0.133749,113.3,39.7,0.92121001
33,4053.3,0,0.3,0.1337589,113.3,39.7,0.92121001
31,4053.6,-2,0.3,0.1256616,113.3,39.7,0.92121001
35,4053.7,4,0.1,0.1418795,113.3,39.7,0.92121001
37,4053.9,2,0.2,0.1499943,113.3,39.7,0.92121001
37,4054.2,0,0.3,0.1500054,113.3,39.7,0.92121001
37,4054.4,0,0.2,0.1500128,113.3,39.7,0.92121001
40,4054.5,3,0.1,0.16218,113.3,39.7,0.92121001
38,4054.8,-2,0.3,0.1540824,113.4,39.7,0.92114047
34,4055.1,-4,0.3,0.1378734,113.4,39.7,0.92114047
34,4055.3,0,0.2,0.1378802,113.4,39.7,0.92114047
30,4055.6,-4,0.3,0.121668,113.4,39.7,0.92114047
32,4055.7,2,0.1,0.1297824,113.4,39.7,0.92114047
33,4055.9,1,0.2,0.1338447,113.4,39.7,0.92114047
35,4056,2,0.1,0.14196,113.4,39.7,0.92114047
35,4056.2,0,0.2,0.141967,113.4,39.7,0.92114047
34,4056.3,-1,0.1,0.1379142,113.4,39.7,0.92114047
34,4056.5,0,0.2,0.137921,113.4,39.7,0.92114047
28,4056.8,-6,0.3,0.1135904,113.4,39.7,0.92114047
29,4056.9,1,0.1,0.1176501,113.4,39.7,0.92114047
32,4057,3,0.1,0.129824,113.5,39.7,0.92107093
33,4057.1,1,0.1,0.1338843,113.5,39.7,0.92107093
31,4057.3,-2,0.2,0.1257763,113.5,39.7,0.92107093
33,4057.3,2,0,0.1338909,113.5,39.7,0.92107093
39,4057.3,6,0,0.1582347,113.5,39.7,0.92107093
35,4057.5,-4,0.2,0.1420125,113.5,39.7,0.92107093
29,4057.8,-6,0.3,0.1176762,113.5,39.7,0.92107093
38,4057.6,9,-0.2,0.1541888,113.5,39.7,0.92107093
42,4057.6,4,0,0.1704192,113.5,39.7,0.92107093
37,4057.9,-5,0.3,0.1501423,113.5,39.7,0.92107093
34,4058,-3,0.1,0.137972,113.6,39.7,0.92100139
35,4058.1,1,0.1,0.1420335,113.6,39.7,0.92100139
34,4058.2,-1,0.1,0.1379788,113.6,39.7,0.92100139
34,4058.3,0,0.1,0.1379822,113.6,39.7,0.92100139
38,4058.3,4,0,0.1542154,113.6,39.7,0.92100139
31,4058.6,-7,0.3,0.1258166,113.6,39.7,0.92100139
36,4058.5,5,-0.1,0.146106,113.6,39.7,0.92100139
34,4058.7,-2,0.2,0.1379958,113.6,39.7,0.92100139
32,4058.8,-2,0.1,0.1298816,113.6,39.7,0.92100139
33,4058.9,1,0.1,0.1339437,113.6,39.7,0.92100139
34,4058.9,1,0,0.1380026,113.7,39.7,0.92093185
34,4059,0,0.1,0.138006,113.7,39.7,0.92093185
29,4059.2,-5,0.2,0.1177168,113.7,39.7,0.92093185
37,4059,8,-0.2,0.150183,113.7,39.7,0.92093185
34,4059.2,-3,0.2,0.1380128,113.7,39.7,0.92093185
33,4059.3,-1,0.1,0.1339569,113.7,39.7,0.92093185
35,4059.2,2,-0.1,0.142072,113.7,39.7,0.92093185
32,4059.4,-3,0.2,0.1299008,113.7,39.7,0.92093185
38,4059.3,6,-0.1,0.1542534,113.7,39.7,0.92093185
29,4059.6,-9,0.3,0.1177284,113.7,39.7,0.92093185
35,4059.5,6,-0.1,0.1420825,113.7,39.7,0.92093185
40,4059.4,5,-0.1,0.162376,113.8,39.7,0.92086231
39,4059.5,-1,0.1,0.1583205,113.8,39.7,0.92086231
36,4059.6,-3,0.1,0.1461456,113.8,39.7,0.92086231
38,4059.6,2,0,0.1542648,113.8,39.7,0.92086231
36,4059.7,-2,0.1,0.1461492,113.8,39.7,0.92086231
38,4059.7,2,0,0.1542686,113.8,39.7,0.92086231
38,4059.7,0,0,0.1542686,113.8,39.7,0.92086231
36,4059.8,-2,0.1,0.1461528,113.8,39.7,0.92086231
35,4059.9,-1,0.1,0.1420965,113.8,39.7,0.92086231
35,4059.9,0,0,0.1420965,113.8,39.7,0.92086231
39,4059.9,4,0,0.1583361,113.9,39.7,0.92079277
34,4060.1,-5,0.2,0.1380434,113.9,39.7,0.92079277
36,4060,2,-0.1,0.14616,113.9,39.7,0.92079277
30,4060.3,-6,0.3,0.121809,113.9,39.7,0.92079277
37,4060.1,7,-0.2,0.1502237,113.9,39.7,0.92079277
36,4060.2,-1,0.1,0.1461672,113.9,39.7,0.92079277
34,4060.3,-2,0.1,0.1380502,113.9,39.7,0.92079277
35,4060.3,1,0,0.1421105,113.9,39.7,0.92079277
35,4060.3,0,0,0.1421105,113.9,39.7,0.92079277
38,4060.2,3,-0.1,0.1542876,113.9,39.7,0.92079277
39,4060.2,1,0,0.1583478,114,39.7,0.92072323
29,4060.6,-10,0.4,0.1177574,114,39.7,0.92072323
36,4060.4,7,-0.2,0.1461744,114,39.7,0.92072323
34,4060.5,-2,0.1,0.138057,114,39.7,0.92072323
33,4060.6,-1,0.1,0.1339998,114,39.7,0.92072323
32,4060.6,-1,0,0.1299392,114,39.7,0.92072323
33,4060.7,1,0.1,0.1340031,114,39.7,0.92072323
35,4060.6,2,-0.1,0.142121,114,39.7,0.92072323
36,4060.6,1,0,0.1461816,114,39.7,0.92072323
37,4060.6,1,0,0.1502422,114,39.7,0.92072323
34,4060.7,-3,0.1,0.1380638,114.1,39.7,0.92065369
29,4060.9,-5,0.2,0.1177661,114.1,39.7,0.92065369
29,4060.9,0,0,0.1177661,114.1,39.7,0.92065369
33,4060.8,4,-0.1,0.1340064,114.1,39.7,0.92065369
34,4060.8,1,0,0.1380672,114.1,39.7,0.92065369
38,4060.7,4,-0.1,0.1543066,114.1,39.7,0.92065369
28,4061,-10,0.3,0.113708,114.1,39.7,0.92065369
33,4060.9,5,-0.1,0.1340097,114.1,39.7,0.92065369
34,4060.9,1,0,0.1380706,114.1,39.7,0.92065369
39,4060.8,5,-0.1,0.1583712,114.1,39.7,0.92065369
34,4061,-5,0.2,0.138074,114.1,39.7,0.92065369
38,4060.8,4,-0.2,0.1543104,114.2,39.7,0.92058414
33,4061,-5,0.2,0.134013,114.2,39.7,0.92058414
38,4060.9,5,-0.1,0.1543142,114.2,39.7,0.92058414
34,4061,-4,0.1,0.138074,114.2,39.7,0.92058414
38,4060.9,4,-0.1,0.1543142,114.2,39.7,0.92058414
35,4061,-3,0.1,0.142135,114.2,39.7,0.92058414
31,4061.2,-4,0.2,0.1258972,114.2,39.7,0.92058414
35,4061.1,4,-0.1,0.1421385,114.2,39.7,0.92058414
38,4061,3,-0.1,0.154318,114.2,39.7,0.92058414
37,4061,-1,0,0.150257,114.2,39.7,0.92058414
40,4061,3,0,0.16244,114.3,39.7,0.9205146
38,4061,-2,0,0.154318,114.3,39.7,0.9205146
20,4061.6,-18,0.6,0.081232,114.3,39.7,0.9205146
16,4061.8,-4,0.2,0.0649888,114.3,39.7,0.9205146
14,4061.9,-2,0.1,0.0568666,114.3,39.7,0.9205146
22,4061.7,8,-0.2,0.0893574,114.3,39.7,0.9205146
13,4062,-9,0.3,0.052806,114.3,39.7,0.9205146
21,4061.7,8,-0.3,0.0852957,114.3,39.7,0.9205146
17,4061.9,-4,0.2,0.0690523,114.3,39.7,0.9205146
15,4062,-2,0.1,0.06093,114.3,39.7,0.9205146
19,4061.9,4,-0.1,0.0771761,114.3,39.7,0.9205146
13,4062.2,-6,0.3,0.0528086,114.3,39.7,0.9205146
13,4062.2,0,0,0.0528086,114.3,39.7,0.9205146
20,4062,7,-0.2,0.08124,114.3,39.7,0.9205146
17,4062.1,-3,0.1,0.0690557,114.3,39.7,0.9205146
16,4062.2,-1,0.1,0.0649952,114.3,39.7,0.9205146
14,4062.3,-2,0.1,0.0568722,114.3,39.7,0.9205146
14,4062.3,0,0,0.0568722,114.3,39.7,0.9205146
12,4062.4,-2,0.1,0.0487488,114.3,39.7,0.9205146
14,4062.3,2,-0.1,0.0568722,114.3,39.7,0.9205146
17,4062.2,3,-0.1,0.0690574,114.3,39.7,0.9205146
14,4062.4,-3,0.2,0.0568736,114.4,39.7,0.92044506
14,4062.3,0,-0.1,0.0568722,114.4,39.7,0.92044506
13,4062.4,-1,0.1,0.0528112,114.4,39.7,0.92044506
17,4062.3,4,-0.1,0.0690591,114.4,39.7,0.92044506
10,4062.6,-7,0.3,0.040626,114.4,39.7,0.92044506
21,4062.2,11,-0.4,0.0853062,114.4,39.7,0.92044506
19,4062.3,-2,0.1,0.0771837,114.4,39.7,0.92044506
15,4062.4,-4,0.1,0.060936,114.4,39.7,0.92044506
21,4062.3,6,-0.1,0.0853083,114.4,39.7,0.92044506
20,4062.3,-1,0,0.081246,114.4,39.7,0.92044506
11,4062.6,-9,0.3,0.0446886,114.4,39.7,0.92044506
16,4062.5,5,-0.1,0.065,114.4,39.7,0.92044506
15,4062.6,-1,0.1,0.060939,114.4,39.7,0.92044506
18,4062.5,3,-0.1,0.073125,114.4,39.7,0.92044506
16,4062.5,-2,0,0.065,114.4,39.7,0.92044506
13,4062.6,-3,0.1,0.0528138,114.4,39.7,0.92044506
19,4062.5,6,-0.1,0.0771875,114.4,39.7,0.92044506
18,4062.5,-1,0,0.073125,114.4,39.7,0.92044506
14,4062.7,-4,0.2,0.0568778,114.4,39.7,0.92044506
15,4062.6,1,-0.1,0.060939,114.4,39.7,0.92044506
14,4062.7,-1,0.1,0.0568778,114.4,39.7,0.92044506
19,4062.6,5,-0.1,0.0771894,114.4,39.7,0.92044506
17,4062.6,-2,0,0.0690642,114.5,39.7,0.92037552
17,4062.7,0,0.1,0.0690659,114.5,39.7,0.92037552
14,4062.8,-3,0.1,0.0568792,114.5,39.7,0.92037552
14,4062.8,0,0,0.0568792,114.5,39.7,0.92037552
13,4062.8,-1,0,0.0528164,114.5,39.7,0.92037552
15,4062.8,2,0,0.060942,114.5,39.7,0.92037552
14,4062.8,-1,0,0.0568792,114.5,39.7,0.92037552
15,4062.8,1,0,0.060942,114.5,39.7,0.92037552
17,4062.8,2,0,0.0690676,114.5,39.7,0.92037552
17,4062.8,0,0,0.0690676,114.5,39.7,0.92037552
19,4062.8,2,0,0.0771932,114.5,39.7,0.92037552
17,4062.8,-2,0,0.0690676,114.5,39.7,0.92037552
19,4062.8,2,0,0.0771932,114.5,39.7,0.92037552
12,4062.9,-7,0.1,0.0487548,114.5,39.7,0.92037552
14,4062.9,2,0,0.0568806,114.5,39.7,0.92037552
11,4063,-3,0.1,0.044693,114.5,39.7,0.92037552
20,4062.8,9,-0.2,0.081256,114.5,39.7,0.92037552
15,4062.9,-5,0.1,0.0609435,114.5,39.7,0.92037552
18,4062.8,3,-0.1,0.0731304,114.5,39.7,0.92037552
18,4062.8,0,0,0.0731304,114.5,39.7,0.92037552
14,4063,-4,0.2,0.056882,114.5,39.7,0.92037552
16,4062.9,2,-0.1,0.0650064,114.5,39.7,0.92037552
-131,4067.6,-147,4.7,-0.5328556,114.5,39.7,0.92037552
-132.1,4067.9,-1.1,0.3,-0.53736959,114.5,39.7,0.92037552
-136.1,4068.3,-4,0.4,-0.55369563,114.4,39.7,0.92044506
-125.1,4068.1,11,-0.2,-0.50891931,114.4,39.7,0.92044506
-395,4076.7,-269.9,8.6,-1.6102965,114.3,39.7,0.9205146
-387,4077,8,0.3,-1.577799,114.2,39.7,0.92058414
-388.1,4077.5,-1.1,0.5,-1.5824777,114.1,39.7,0.92065369
-391,4078,-2.9,0.5,-1.594498,114,39.7,0.92072323
-391,4078.3,0,0.3,-1.5946153,113.9,39.7,0.92079277
-392,4078.7,-1,0.4,-1.5988504,113.7,39.7,0.92093185
-393,4079,-1,0.3,-1.603047,113.6,39.7,0.92100139
-393,4079.3,0,0.3,-1.6031649,113.5,39.7,0.92107093
-391,4079.5,2,0.2,-1.5950845,113.4,39.7,0.92114047
559,4050,950,-29.5,2.26395,113.6,39.7,0.92100139
558.1,4048.7,-0.9,-1.3,2.2595795,113.7,39.7,0.92093185
1211,4027.4,652.9,-21.3,4.8771814,114.1,39.7,0.92065369
1857,4005.5,646,-21.9,7.4382135,114.6,39.7,0.92030598
1859.1,4002.9,2.1,-2.6,7.4417914,115.1,39.7,0.91995828
1858.1,4000.8,-1,-2.1,7.4338865,115.6,39.7,0.91961057
1854.1,3999.2,-4,-1.6,7.4149167,116.1,39.7,0.91926287
1857.1,3997.4,3,-1.8,7.4235715,116.6,39.7,0.91891516
1855.1,3996,-2,-1.4,7.4129796,117.2,39.7,0.91849791
1856.1,3994.5,1,-1.5,7.4141915,117.7,39.7,0.91815021
884.1,4023.4,-972,28.9,3.5570879,117.9,39.7,0.91801113
-76,4053.7,-960.1,30.3,-0.3080812,117.9,39.7,0.91801113
-73,4055.2,3,1.5,-0.2960296,117.9,39.7,0.91801113
-78,4056.4,-5,1.2,-0.3163992,117.9,39.7,0.91801113
-76,4057.1,2,0.7,-0.3083396,117.8,39.7,0.91808067
-73,4057.7,3,0.6,-0.2962121,117.8,39.7,0.91808067
-71,4058.2,2,0.5,-0.2881322,117.8,39.7,0.91808067
-80,4058.9,-9,0.7,-0.324712,117.8,39.7,0.91808067
-82,4059.4,-2,0.5,-0.3328708,117.8,39.7,0.91808067
-73,4059.6,9,0.2,-0.2963508,117.7,39.7,0.91815021
-668,4078.5,-595,18.9,-2.724438,117.5,39.7,0.91828929
-664,4079.6,4,1.1,-2.7088544,117.4,39.7,0.91835883
-666,4080.8,-2,1.2,-2.7178128,117.2,39.7,0.91849791
-670.1,4081.8,-4.1,1,-2.7352142,117,39.7,0.918637
-655,4082.2,15.1,0.4,-2.673841,116.8,39.7,0.91877608
-662,4083.1,-7,0.9,-2.7030122,116.6,39.7,0.91891516
-667,4084,-5,0.9,-2.724028,116.4,39.7,0.91905424
740.1,4040.6,1407.1,-43.4,2.9904481,116.6,39.7,0.91891516
2157,3994.9,1416.9,-45.7,8.6169993,117.2,39.7,0.91849791
2153.1,3991.5,-3.9,-3.4,8.5940986,117.8,39.7,0.91808067
2157.1,3988.8,4,-2.7,8.6042405,118.4,39.7,0.91766342
1327.2,4012.3,-829.9,23.5,5.3251246,118.8,39.7,0.91738526
1325.1,4011.8,-2.1,-0.5,5.3160362,119.2,39.7,0.91710709
1327.1,4010.9,2,-0.9,5.3228654,119.5,39.7,0.91689847
1327.1,4010.1,0,-0.8,5.3218037,119.9,39.7,0.91662031
1326.1,4009.4,-1,-0.7,5.3168653,120.3,39.7,0.91634214
1330.1,4008.5,4,-0.9,5.3317058,120.7,39.7,0.91606398
1325.1,4007.9,-5,-0.6,5.3108683,121,39.7,0.91585535
601.3,4029.7,-723.8,21.8,2.4230586,121.2,39.7,0.91571627
-127,4053,-728.3,23.3,-0.514731,121.2,39.7,0.91571627
-124.1,4054.4,2.9,1.4,-0.50315104,121.1,39.7,0.91578581
-122.1,4055.3,2,0.9,-0.49515213,121.1,39.7,0.91578581
-129.1,4056.3,-7,1,-0.52366833,121,39.7,0.91585535
-119.1,4056.7,10,0.4,-0.48315297,121,39.7,0.91585535
1235.1,4015.1,1354.2,-41.6,4.95905,121.4,39.7,0.91557719
2589,3971.4,1353.9,-43.7,10.281955,122.1,39.7,0.9150904
2591.1,3968,2.1,-3.4,10.281485,122.8,39.7,0.91460362
2590.1,3965.5,-1,-2.5,10.271042,123.5,39.7,0.91411683
1186.2,4006.9,-1403.9,41.4,4.7529848,123.8,39.7,0.91390821
-220.1,4051,-1406.3,44.1,-0.8916251,123.8,39.7,0.91390821
-212.1,4052.8,8,1.8,-0.85959888,123.7,39.7,0.91397775
-219.1,4054.6,-7,1.8,-0.88836286,123.7,39.7,0.91397775
-217.1,4055.6,2,1,-0.88047076,123.6,39.7,0.91404729
-215.1,4056.5,2,0.9,-0.87255315,123.5,39.7,0.91411683
-215.1,4057.4,0,0.9,-0.87274674,123.5,39.7,0.91411683
-213,4058,2.1,0.6,-0.864354,123.4,39.7,0.91418637
-219,4058.9,-6,0.9,-0.8888991,123.4,39.7,0.91418637
2230,3983.3,2449,-75.6,8.882759,124,39.7,0.91376912
2234,3979.9,4,-3.4,8.8910966,124.6,39.7,0.91335188
2232.1,3977.5,-1.9,-2.4,8.8781778,125.2,39.7,0.91293463
2232.1,3975.5,0,-2,8.8737135,125.8,39.7,0.91251739
2238.1,3973.6,6,-1.9,8.8933142,126.5,39.7,0.9120306
2234.1,3972.2,-4,-1.4,8.874292,127.1,39.7,0.91161335
2234.1,3970.9,0,-1.3,8.8713877,127.7,39.7,0.91119611
2234.1,3969.6,0,-1.3,8.8684834,128.3,39.7,0.91077886
2226,3968.6,-8.1,-1,8.8341036,128.9,39.7,0.91036161
2236,3967.3,10,-1.3,8.8708828,129.6,39.7,0.90987483
948.3,4006,-1287.7,38.7,3.7988898,129.8,39.7,0.90973574
952.1,4006.8,3.8,0.8,3.8148743,130.1,39.7,0.90952712
356.2,4025.8,-595.9,19,1.43399,130.2,39.7,0.90945758
-229,4045.3,-585.2,19.5,-0.9263737,130.1,39.7,0.90952712
-229,4047.1,0,1.8,-0.9267859,130.1,39.7,0.90952712
393,4029.1,622,-18,1.5834363,130.2,39.7,0.90945758
1017,4010,624,-19.1,4.07817,130.5,39.7,0.90924896
1018.1,4009.3,1.1,-0.7,4.0818683,130.7,39.7,0.90910987
1023.1,4008.7,5,-0.6,4.101301,131,39.7,0.90890125
1016.1,4008.6,-7,-0.1,4.0731385,131.3,39.7,0.90869263
1019.1,4008.3,3,-0.3,4.0848585,131.6,39.7,0.90848401
-861,4066.5,-1880.1,58.2,-3.5012565,131.4,39.7,0.90862309
-863,4069.4,-2,2.9,-3.5118922,131.1,39.7,0.90883171
-859,4071.3,4,1.9,-3.4972467,130.9,39.7,0.90897079
-866,4073.2,-7,1.9,-3.5273912,130.6,39.7,0.90917942
-862,4074.6,4,1.4,-3.5123052,130.4,39.7,0.9093185
-410.1,4061.9,451.9,-12.7,-1.6657852,130.3,39.7,0.90938804
36,4048.4,446.1,-13.5,0.1457424,130.3,39.7,0.90938804
33,4048.4,-3,0,0.1335972,130.3,39.7,0.90938804
37,4048.4,4,0,0.1497908,130.3,39.7,0.90938804
38,4048.6,1,0.2,0.1538468,130.3,39.7,0.90938804
33,4048.9,-5,0.3,0.1336137,130.3,39.7,0.90938804
39,4049,6,0.1,0.157911,130.3,39.7,0.90938804
36,4049.3,-3,0.3,0.1457748,130.4,39.7,0.9093185
32,4049.7,-4,0.4,0.1295904,130.4,39.7,0.9093185
35,4049.8,3,0.1,0.141743,130.4,39.7,0.9093185
32,4050.1,-3,0.3,0.1296032,130.4,39.7,0.9093185
33,4050.3,1,0.2,0.1336599,130.4,39.7,0.9093185
33,4050.5,0,0.2,0.1336665,130.4,39.7,0.9093185
36,4050.6,3,0.1,0.1458216,130.4,39.7,0.9093185
40,4050.7,4,0.1,0.162028,130.4,39.7,0.9093185
37,4050.9,-3,0.2,0.1498833,130.4,39.7,0.9093185
28,4051.4,-9,0.5,0.1134392,130.4,39.7,0.9093185
34,4051.4,6,0,0.1377476,130.4,39.7,0.9093185
38,4051.4,4,0,0.1539532,130.5,39.7,0.90924896
35,4051.7,-3,0.3,0.1418095,130.5,39.7,0.90924896
34,4051.9,-1,0.2,0.1377646,130.5,39.7,0.90924896
34,4052.1,0,0.2,0.1377714,130.5,39.7,0.90924896
27,4052.4,-7,0.3,0.1094148,130.5,39.7,0.90924896
37,4052.3,10,-0.1,0.1499351,130.5,39.7,0.90924896
32,4052.6,-5,0.3,0.1296832,130.5,39.7,0.90924896
33,4052.7,1,0.1,0.1337391,130.5,39.7,0.90924896
38,4052.6,5,-0.1,0.1539988,130.5,39.7,0.90924896
34,4052.9,-4,0.3,0.1377986,130.5,39.7,0.90924896
32,4053,-2,0.1,0.129696,130.5,39.7,0.90924896
32,4053.2,0,0.2,0.1297024,130.6,39.7,0.90917942
30,4053.4,-2,0.2,0.121602,130.6,39.7,0.90917942
40,4053.2,10,-0.2,0.162128,130.6,39.7,0.90917942
35,4053.4,-5,0.2,0.141869,130.6,39.7,0.90917942
34,4053.6,-1,0.2,0.1378224,130.6,39.7,0.90917942
32,4053.7,-2,0.1,0.1297184,130.6,39.7,0.90917942
35,4053.7,3,0,0.1418795,130.6,39.7,0.90917942
33,4053.9,-2,0.2,0.1337787,130.6,39.7,0.90917942
31,4054,-2,0.1,0.125674,130.6,39.7,0.90917942
31,4054.2,0,0.2,0.1256802,130.6,39.7,0.90917942
32,4054.2,1,0,0.1297344,130.7,39.7,0.90910987
32,4054.3,0,0.1,0.1297376,130.7,39.7,0.90910987
32,4054.3,0,0,0.1297376,130.7,39.7,0.90910987
36,4054.3,4,0,0.1459548,130.7,39.7,0.90910987
33,4054.5,-3,0.2,0.1337985,130.7,39.7,0.90910987
35,4054.5,2,0,0.1419075,130.7,39.7,0.90910987
38,4054.5,3,0,0.154071,130.7,39.7,0.90910987
39,4054.5,1,0,0.1581255,130.7,39.7,0.90910987
37,4054.6,-2,0.1,0.1500202,130.7,39.7,0.90910987
39,4054.7,2,0.1,0.1581333,130.7,39.7,0.90910987
34,4054.8,-5,0.1,0.1378632,130.7,39.7,0.90910987
38,4054.8,4,0,0.1540824,130.8,39.7,0.90904033
35,4054.9,-3,0.1,0.1419215,130.8,39.7,0.90904033
34,4055,-1,0.1,0.13787,130.8,39.7,0.90904033
33,4055.1,-1,0.1,0.1338183,130.8,39.7,0.90904033
36,4055.1,3,0,0.1459836,130.8,39.7,0.90904033
30,4055.3,-6,0.2,0.121659,130.8,39.7,0.90904033
34,4055.3,4,0,0.1378802,130.8,39.7,0.90904033
35,4055.2,1,-0.1,0.141932,130.8,39.7,0.90904033
38,4055.2,3,0,0.1540976,130.8,39.7,0.90904033
40,4055.2,2,0,0.162208,130.8,39.7,0.90904033
31,4055.5,-9,0.3,0.1257205,130.9,39.7,0.90897079
34,4055.5,3,0,0.137887,130.9,39.7,0.90897079
36,4055.5,2,0,0.145998,130.9,39.7,0.90897079
36,4055.5,0,0,0.145998,130.9,39.7,0.90897079
35,4055.6,-1,0.1,0.141946,130.9,39.7,0.90897079
30,4055.7,-5,0.1,0.121671,130.9,39.7,0.90897079
38,4055.6,8,-0.1,0.1541128,130.9,39.7,0.90897079
36,4055.7,-2,0.1,0.1460052,130.9,39.7,0.90897079
36,4055.7,0,0,0.1460052,130.9,39.7,0.90897079
36,4055.8,0,0.1,0.1460088,130.9,39.7,0.90897079
34,4055.9,-2,0.1,0.1379006,131,39.7,0.90890125
36,4055.8,2,-0.1,0.1460088,131,39.7,0.90890125
39,4055.7,3,-0.1,0.1581723,131,39.7,0.90890125
28,4056.2,-11,0.5,0.1135736,131,39.7,0.90890125
35,4056,7,-0.2,0.14196,131,39.7,0.90890125
30,4056.2,-5,0.2,0.121686,131,39.7,0.90890125
36,4056,6,-0.2,0.146016,131,39.7,0.90890125
39,4056,3,0,0.158184,131,39.7,0.90890125
28,4056.3,-11,0.3,0.1135764,131,39.7,0.90890125
35,4056.1,7,-0.2,0.1419635,131,39.7,0.90890125
40,4056,5,-0.1,0.16224,131,39.7,0.90890125
29,4056.4,-11,0.4,0.1176356,131.1,39.7,0.90883171
36,4056.2,7,-0.2,0.1460232,131.1,39.7,0.90883171
33,4056.3,-3,0.1,0.1338579,131.1,39.7,0.90883171
37,4056.2,4,-0.1,0.1500794,131.1,39.7,0.90883171
36,4056.3,-1,0.1,0.1460268,131.1,39.7,0.90883171
35,4056.3,-1,0,0.1419705,131.1,39.7,0.90883171
35,4056.3,0,0,0.1419705,131.1,39.7,0.90883171
43,4056.1,8,-0.2,0.1744123,131.1,39.7,0.90883171
39,4056.2,-4,0.1,0.1581918,131.1,39.7,0.90883171
33,4056.5,-6,0.3,0.1338645,131.1,39.7,0.90883171
30,4056.6,-3,0.1,0.121698,131.2,39.7,0.90876217
31,4056.6,1,0,0.1257546,131.2,39.7,0.90876217
30,4056.6,-1,0,0.121698,131.2,39.7,0.90876217
34,4056.5,4,-0.1,0.137921,131.2,39.7,0.90876217
35,4056.5,1,0,0.1419775,131.2,39.7,0.90876217
37,4056.5,2,0,0.1500905,131.2,39.7,0.90876217
38,4056.5,1,0,0.154147,131.2,39.7,0.90876217
38,4056.5,0,0,0.154147,131.2,39.7,0.90876217
25,4056.9,-13,0.4,0.1014225,131.2,39.7,0.90876217
19,4057.1,-6,0.2,0.0770849,131.2,39.7,0.90876217
16,4057.3,-3,0.2,0.0649168,131.2,39.7,0.90876217
21,4057.1,5,-0.2,0.0851991,131.2,39.7,0.90876217
15,4057.4,-6,0.3,0.060861,131.3,39.7,0.90869263
17,4057.4,2,0,0.0689758,131.3,39.7,0.90869263
13,4057.5,-4,0.1,0.0527475,131.3,39.7,0.90869263
8,4057.7,-5,0.2,0.0324616,131.3,39.7,0.90869263
18,4057.5,10,-0.2,0.073035,131.3,39.7,0.90869263
16,4057.5,-2,0,0.06492,131.3,39.7,0.90869263
17,4057.5,1,0,0.0689775,131.3,39.7,0.90869263
13,4057.7,-4,0.2,0.0527501,131.3,39.7,0.90869263
19,4057.5,6,-0.2,0.0770925,131.3,39.7,0.90869263
17,4057.6,-2,0.1,0.0689792,131.3,39.7,0.90869263
16,4057.6,-1,0,0.0649216,131.3,39.7,0.90869263
13,4057.7,-3,0.1,0.0527501,131.3,39.7,0.90869263
18,4057.6,5,-0.1,0.0730368,131.3,39.7,0.90869263
17,4057.7,-1,0.1,0.0689809,131.3,39.7,0.90869263
15,4057.8,-2,0.1,0.060867,131.3,39.7,0.90869263
11,4057.9,-4,0.1,0.0446369,131.3,39.7,0.90869263
9,4058,-2,0.1,0.036522,131.3,39.7,0.90869263
14,4057.9,5,-0.1,0.0568106,131.3,39.7,0.90869263
15,4057.9,1,0,0.0608685,131.3,39.7,0.90869263
15,4057.9,0,0,0.0608685,131.3,39.7,0.90869263
10,4058.1,-5,0.2,0.040581,131.3,39.7,0.90869263
13,4058,3,-0.1,0.052754,131.3,39.7,0.90869263
18,4057.9,5,-0.1,0.0730422,131.3,39.7,0.90869263
14,4058,-4,0.1,0.056812,131.3,39.7,0.90869263
10,4058.1,-4,0.1,0.040581,131.3,39.7,0.90869263
12,4058.1,2,0,0.0486972,131.4,39.7,0.90862309
18,4058,6,-0.1,0.073044,131.4,39.7,0.90862309
14,4058.1,-4,0.1,0.0568134,131.4,39.7,0.90862309
16,4058,2,-0.1,0.064928,131.4,39.7,0.90862309
13,4058.1,-3,0.1,0.0527553,131.4,39.7,0.90862309
19,4058,6,-0.1,0.077102,131.4,39.7,0.90862309
15,4058.1,-4,0.1,0.0608715,131.4,39.7,0.90862309
18,4058,3,-0.1,0.073044,131.4,39.7,0.90862309
18,4058.1,0,0.1,0.0730458,131.4,39.7,0.90862309
14,4058.2,-4,0.1,0.0568148,131.4,39.7,0.90862309
13,4058.2,-1,0,0.0527566,131.4,39.7,0.90862309
16,4058.2,3,0,0.0649312,131.4,39.7,0.90862309
14,4058.3,-2,0.1,0.0568162,131.4,39.7,0.90862309
16,4058.2,2,-0.1,0.0649312,131.4,39.7,0.90862309
9,4058.4,-7,0.2,0.0365256,131.4,39.7,0.90862309
10,4058.4,1,0,0.040584,131.4,39.7,0.90862309
13,4058.3,3,-0.1,0.0527579,131.4,39.7,0.90862309
19,4058.2,6,-0.1,0.0771058,131.4,39.7,0.90862309
16,4058.3,-3,0.1,0.0649328,131.4,39.7,0.90862309
15,4058.3,-1,0,0.0608745,131.4,39.7,0.90862309
16,4058.3,1,0,0.0649328,131.4,39.7,0.90862309
13,4058.4,-3,0.1,0.0527592,131.4,39.7,0.90862309
19,4058.2,6,-0.2,0.0771058,131.4,39.7,0.90862309
11,4058.5,-8,0.3,0.0446435,131.4,39.7,0.90862309
13,4058.4,2,-0.1,0.0527592,131.5,39.7,0.90855355
14,4058.4,1,0,0.0568176,131.5,39.7,0.90855355
15,4058.4,1,0,0.060876,131.5,39.7,0.90855355
10,4058.5,-5,0.1,0.040585,131.5,39.7,0.90855355
13,4058.5,3,0,0.0527605,131.5,39.7,0.90855355
12,4058.6,-1,0.1,0.0487032,131.5,39.7,0.90855355
11,4058.6,-1,0,0.0446446,131.5,39.7,0.90855355
19,4058.4,8,-0.2,0.0771096,131.5,39.7,0.90855355
18,4058.4,-1,0,0.0730512,131.5,39.7,0.90855355
15,4058.5,-3,0.1,0.0608775,131.5,39.7,0.90855355
14,4058.5,-1,0,0.056819,131.5,39.7,0.90855355
21,4058.3,7,-0.2,0.0852243,131.5,39.7,0.90855355
13,4058.6,-8,0.3,0.0527618,131.5,39.7,0.90855355
10,4058.7,-3,0.1,0.040587,131.5,39.7,0.90855355
16,4058.5,6,-0.2,0.064936,131.5,39.7,0.90855355
14,4058.6,-2,0.1,0.0568204,131.5,39.7,0.90855355
12,4058.6,-2,0,0.0487032,131.5,39.7,0.90855355
12,4058.7,0,0.1,0.0487044,131.5,39.7,0.90855355
16,4058.5,4,-0.2,0.064936,131.5,39.7,0.90855355
16,4058.5,0,0,0.064936,131.5,39.7,0.90855355
14,4058.6,-2,0.1,0.0568204,131.5,39.7,0.90855355
13,4058.6,-1,0,0.0527618,131.5,39.7,0.90855355
14,4058.6,1,0,0.0568204,131.5,39.7,0.90855355
12,4058.7,-2,0.1,0.0487044,131.5,39.7,0.90855355
20,4058.5,8,-0.2,0.08117,131.5,39.7,0.90855355
17,4058.6,-3,0.1,0.0689962,131.6,39.7,0.90848401
20,4058.5,3,-0.1,0.08117,131.6,39.7,0.90848401
13,4058.7,-7,0.2,0.0527631,131.6,39.7,0.90848401
17,4058.6,4,-0.1,0.0689962,131.6,39.7,0.90848401
11,4058.8,-6,0.2,0.0446468,131.6,39.7,0.90848401
16,4058.6,5,-0.2,0.0649376,131.6,39.7,0.90848401
10,4058.8,-6,0.2,0.040588,131.6,39.7,0.90848401
19,4058.5,9,-0.3,0.0771115,131.6,39.7,0.90848401
14,4058.7,-5,0.2,0.0568218,131.6,39.7,0.90848401
16,4058.6,2,-0.1,0.0649376,131.6,39.7,0.90848401
13,4058.8,-3,0.2,0.0527644,131.6,39.7,0.90848401
12,4058.8,-1,0,0.0487056,131.6,39.7,0.90848401
7,4059,-5,0.2,0.028413,131.6,39.7,0.90848401
13,4058.8,6,-0.2,0.0527644,131.6,39.7,0.90848401
18,4058.7,5,-0.1,0.0730566,131.6,39.7,0.90848401
18,4058.7,0,0,0.0730566,131.6,39.7,0.90848401
16,4058.7,-2,0,0.0649392,131.6,39.7,0.90848401
13,4058.8,-3,0.1,0.0527644,131.6,39.7,0.90848401
11,4058.9,-2,0.1,0.0446479,131.6,39.7,0.90848401
19,4058.7,8,-0.2,0.0771153,131.6,39.7,0.90848401
12,4058.9,-7,0.2,0.0487068,131.6,39.7,0.90848401
21,4058.6,9,-0.3,0.0852306,131.6,39.7,0.90848401
20,4058.6,-1,0,0.081172,131.6,39.7,0.90848401
21,4058.6,1,0,0.0852306,131.6,39.7,0.90848401
12,4058.9,-9,0.3,0.0487068,131.7,39.7,0.90841446
19,4058.7,7,-0.2,0.0771153,131.7,39.7,0.90841446
19,4058.7,0,0,0.0771153,131.7,39.7,0.90841446
13,4058.9,-6,0.2,0.0527657,131.7,39.7,0.90841446
12,4058.9,-1,0,0.0487068,131.7,39.7,0.90841446
11,4059,-1,0.1,0.044649,131.7,39.7,0.90841446
19,4058.7,8,-0.3,0.0771153,131.7,39.7,0.90841446
20,4058.7,1,0,0.081174,131.7,39.7,0.90841446
18,4058.8,-2,0.1,0.0730584,131.7,39.7,0.90841446
13,4058.9,-5,0.1,0.0527657,131.7,39.7,0.90841446
19,4058.7,6,-0.2,0.0771153,131.7,39.7,0.90841446
19,4058.7,0,0,0.0771153,131.7,39.7,0.90841446
18,4058.8,-1,0.1,0.0730584,131.7,39.7,0.90841446
20,4058.7,2,-0.1,0.081174,131.7,39.7,0.90841446
15,4058.9,-5,0.2,0.0608835,131.7,39.7,0.90841446
15,4058.9,0,0,0.0608835,131.7,39.7,0.90841446
20,4058.7,5,-0.2,0.081174,131.7,39.7,0.90841446
1264.1,4020,1244.1,-38.7,5.081682,132.1,39.7,0.9081363
2515,3979.2,1250.9,-40.8,10.007688,132.8,39.7,0.90764951
2516.1,3975.7,1.1,-3.5,10.003259,133.5,39.7,0.90716273
2521.2,3972.8,5.1,-2.9,10.016223,134.2,39.7,0.90667594
2514.1,3970.6,-7.1,-2.2,9.9824855,134.9,39.7,0.90618915
699.3,4024.7,-1814.8,54.1,2.8144727,135.1,39.7,0.90605007
699.1,4025.6,-0.2,0.9,2.814297,135.3,39.7,0.90591099
693.1,4026.1,-6,0.5,2.7904899,135.5,39.7,0.90577191
694.1,4026.2,1,0.1,2.7945854,135.6,39.7,0.90570236
693.2,4026.2,-0.9,0,2.7909618,135.8,39.7,0.90556328
697.1,4026.1,3.9,-0.1,2.8065943,136,39.7,0.9054242
698.1,4025.9,1,-0.2,2.8104808,136.2,39.7,0.90528512
699.1,4025.7,1,-0.2,2.8143669,136.4,39.7,0.90514604
699.1,4025.6,0,-0.1,2.814297,136.6,39.7,0.90500695
-43,4048.7,-742.1,23.1,-0.1740941,136.6,39.7,0.90500695
-779,4072.6,-736,23.9,-3.1725554,136.4,39.7,0.90514604
-787,4074.8,-8,2.2,-3.2068676,136.2,39.7,0.90528512
-780,4076.1,7,1.3,-3.179358,136,39.7,0.9054242
-783.9,4077.5,-3.9,1.4,-3.1963522,135.7,39.7,0.90563282
-783,4078.6,0.9,1.1,-3.1935438,135.5,39.7,0.90577191
-782.1,4079.6,0.9,1,-3.1906552,135.3,39.7,0.90591099
-782.1,4080.6,0,1,-3.1914373,135.1,39.7,0.90605007
-785,4081.5,-2.9,0.9,-3.2039775,134.9,39.7,0.90618915
2003.9,3995.6,2788.9,-85.9,8.0067828,135.4,39.7,0.90584145
2003.1,3991.9,-0.8,-3.7,7.9961749,136,39.7,0.9054242
1998.1,3989.5,-5,-2.4,7.97142,136.5,39.7,0.9050765
2002.1,3987.2,4,-2.3,7.9827731,137.1,39.7,0.90465925
2010,3985.1,7.9,-2.1,8.010051,137.6,39.7,0.90431154
1994.1,3983.9,-15.9,-1.2,7.944295,138.2,39.7,0.9038943
1999.1,3982.3,5,-1.6,7.9610159,138.8,39.7,0.90347705
2001,3980.9,1.9,-1.4,7.9657809,139.3,39.7,0.90312935
2003.1,3979.5,2.1,-1.4,7.9713364,139.9,39.7,0.9027121
2003.1,3978.3,0,-1.2,7.9689327,140.4,39.7,0.90236439
1007.2,4008,-995.9,29.7,4.0368576,140.7,39.7,0.90215577
0,4039.8,-1007.2,31.8,0,140.7,39.7,0.90215577
-1,4041.5,-1,1.7,-0.0040415,140.7,39.7,0.90215577
-2,4042.8,-1,1.3,-0.0080856,140.7,39.7,0.90215577
2,4043.5,4,0.7,0.008087,140.7,39.7,0.90215577
3,4044.2,1,0.7,0.0121326,140.7,39.7,0.90215577
5,4044.8,2,0.6,0.020224,140.7,39.7,0.90215577
4,4045.4,-1,0.6,0.0161816,140.7,39.7,0.90215577
-207,4052.6,-211,7.2,-0.8388882,140.7,39.7,0.90215577
-407,4059.7,-200,7.1,-1.6522979,140.5,39.7,0.90229485
-420.1,4061.1,-13.1,1.4,-1.7060681,140.4,39.7,0.90236439
1324,4007.8,1744.1,-53.3,5.3063272,140.8,39.7,0.90208623
1322.1,4005.9,-1.9,-1.9,5.2962004,141.2,39.7,0.90180807
-956.9,4075.3,-2279,69.4,-3.8996546,140.9,39.7,0.90201669
-957,4077.9,-0.1,2.6,-3.9025503,140.6,39.7,0.90222531
-955.1,4079.7,1.9,1.8,-3.8965215,140.4,39.7,0.90236439
-950,4081,5.1,1.3,-3.87695,140.1,39.7,0.90257302
-961,4082.6,-11,1.6,-3.9233786,139.8,39.7,0.90278164
-947.1,4083.3,13.9,0.7,-3.8672934,139.6,39.7,0.90292072
-960,4084.8,-12.9,1.5,-3.921408,139.3,39.7,0.90312935
-773.1,4080,186.9,-4.8,-3.154248,139.1,39.7,0.90326843
-772,4080.6,1.1,0.6,-3.1502232,138.9,39.7,0.90340751
-772,4081.3,0,0.7,-3.1507636,138.7,39.7,0.90354659
-764.1,4081.7,7.9,0.4,-3.118827,138.4,39.7,0.90375522
-772.1,4082.6,-8,0.9,-3.1521755,138.2,39.7,0.9038943
-774.1,4083.3,-2,0.7,-3.1608825,138,39.7,0.90403338
-768,4083.7,6.1,0.4,-3.1362816,137.8,39.7,0.90417246
-770,4084.3,-2,0.6,-3.144911,137.6,39.7,0.90431154
2420.9,3986,3190.9,-98.3,9.6497074,138.3,39.7,0.90382476
2419.1,3981.4,-1.8,-4.6,9.6314047,138.9,39.7,0.90340751
2416.2,3978.3,-2.9,-3.1,9.6123685,139.6,39.7,0.90292072
2418.1,3975.4,1.9,-2.9,9.6129147,140.3,39.7,0.90243394
2423.1,3972.9,5,-2.5,9.626734,140.9,39.7,0.90201669
2419.2,3970.9,-3.9,-2,9.6064013,141.6,39.7,0.9015299
2413.1,3969.1,-6.1,-1.8,9.5778352,142.3,39.7,0.90104312
1831.2,3985.3,-581.9,16.2,7.2978814,142.8,39.7,0.90069541
1832.1,3984.5,0.9,-0.8,7.3000025,143.3,39.7,0.90034771
1832.1,3983.6,0,-0.9,7.2983536,143.8,39.7,0.9
1833.1,3982.6,1,-1,7.3005041,144.3,39.7,0.89965229
1829.1,3981.8,-4,-0.8,7.2831104,144.8,39.7,0.89930459
1027.2,4005.8,-801.9,24,4.1147578,145.1,39.7,0.89909597
1022.1,4006.3,-5.1,0.5,4.0948392,145.4,39.7,0.89888734
1026.1,4006.3,4,0,4.1108644,145.7,39.7,0.89867872
1024.2,4006.3,-1.9,0,4.1032525,146,39.7,0.8984701
1025.1,4006.2,0.9,-0.1,4.1067556,146.3,39.7,0.89826147
1020.2,4006.3,-4.9,0.1,4.0872273,146.5,39.7,0.89812239
1019.1,4006.2,-1.1,-0.1,4.0827184,146.8,39.7,0.89791377
1018.1,4006.1,-1,-0.1,4.0786104,147.1,39.7,0.89770515
734.2,4014.7,-283.9,8.6,2.9475927,147.3,39.7,0.89756606
439.2,4024.2,-295,9.5,1.7674286,147.4,39.7,0.89749652
437.1,4024.8,-2.1,0.6,1.7592401,147.6,39.7,0.89735744
239.1,4031.5,-198,6.7,0.96393165,147.6,39.7,0.89735744
35,4038.4,-204.1,6.9,0.141344,147.6,39.7,0.89735744
34,4039.4,-1,1,0.1373396,147.6,39.7,0.89735744
34,4040.1,0,0.7,0.1373634,147.6,39.7,0.89735744
34,4040.7,0,0.6,0.1373838,147.7,39.7,0.8972879
42,4041.1,8,0.4,0.1697262,147.7,39.7,0.8972879
37,4041.6,-5,0.5,0.1495392,147.7,39.7,0.8972879
38,4042.1,1,0.5,0.1535998,147.7,39.7,0.8972879
41,4042.5,3,0.4,0.1657425,147.7,39.7,0.8972879
37,4043,-4,0.5,0.149591,147.7,39.7,0.8972879
34,4043.5,-3,0.5,0.137479,147.7,39.7,0.8972879
36,4043.8,2,0.3,0.1455768,147.7,39.7,0.8972879
31,4044.3,-5,0.5,0.1253733,147.7,39.7,0.8972879
35,4044.5,4,0.2,0.1415575,147.7,39.7,0.8972879
34,4044.9,-1,0.4,0.1375266,147.8,39.7,0.89721836
36,4045.1,2,0.2,0.1456236,147.8,39.7,0.89721836
37,4045.4,1,0.3,0.1496798,147.8,39.7,0.89721836
38,4045.6,1,0.2,0.1537328,147.8,39.7,0.89721836
32,4046,-6,0.4,0.129472,147.8,39.7,0.89721836
37,4046.1,5,0.1,0.1497057,147.8,39.7,0.89721836
32,4046.6,-5,0.5,0.1294912,147.8,39.7,0.89721836
27,4046.9,-5,0.3,0.1092663,147.8,39.7,0.89721836
41,4046.7,14,-0.2,0.1659147,147.8,39.7,0.89721836
32,4047.2,-9,0.5,0.1295104,147.8,39.7,0.89721836
34,4047.3,2,0.1,0.1376082,147.9,39.7,0.89714882
37,4047.4,3,0.1,0.1497538,147.9,39.7,0.89714882
37,4047.6,0,0.2,0.1497612,147.9,39.7,0.89714882
38,4047.7,1,0.1,0.1538126,147.9,39.7,0.89714882
35,4048,-3,0.3,0.14168,147.9,39.7,0.89714882
38,4048.1,3,0.1,0.1538278,147.9,39.7,0.89714882
37,4048.3,-1,0.2,0.1497871,147.9,39.7,0.89714882
38,4048.4,1,0.1,0.1538392,147.9,39.7,0.89714882
40,4048.5,2,0.1,0.16194,147.9,39.7,0.89714882
36,4048.8,-4,0.3,0.1457568,147.9,39.7,0.89714882
28,4049.1,-8,0.3,0.1133748,148,39.7,0.89707928
33,4049.1,5,0,0.1336203,148,39.7,0.89707928
33,4049.2,0,0.1,0.1336236,148,39.7,0.89707928
36,4049.3,3,0.1,0.1457748,148,39.7,0.89707928
37,4049.3,1,0,0.1498241,148,39.7,0.89707928
30,4049.7,-7,0.4,0.121491,148,39.7,0.89707928
31,4049.8,1,0.1,0.1255438,148,39.7,0.89707928
34,4049.8,3,0,0.1376932,148,39.7,0.89707928
39,4049.7,5,-0.1,0.1579383,148,39.7,0.89707928
29,4050.2,-10,0.5,0.1174558,148,39.7,0.89707928
48,4049.7,19,-0.5,0.1943856,148.1,39.7,0.89700974
38,4050,-10,0.3,0.1539,148.1,39.7,0.89700974
29,4050.4,-9,0.4,0.1174616,148.1,39.7,0.89700974
34,4050.3,5,-0.1,0.1377102,148.1,39.7,0.89700974
32,4050.5,-2,0.2,0.129616,148.1,39.7,0.89700974
30,4050.6,-2,0.1,0.121518,148.1,39.7,0.89700974
37,4050.5,7,-0.1,0.1498685,148.1,39.7,0.89700974
37,4050.6,0,0.1,0.1498722,148.1,39.7,0.89700974
33,4050.7,-4,0.1,0.1336731,148.1,39.7,0.89700974
39,4050.7,6,0,0.1579773,148.1,39.7,0.89700974
34,4050.9,-5,0.2,0.1377306,148.1,39.7,0.89700974
39,4050.8,5,-0.1,0.1579812,148.2,39.7,0.89694019
36,4051,-3,0.2,0.145836,148.2,39.7,0.89694019
33,4051.1,-3,0.1,0.1336863,148.2,39.7,0.89694019
37,4051.1,4,0,0.1498907,148.2,39.7,0.89694019
32,4051.3,-5,0.2,0.1296416,148.2,39.7,0.89694019
32,4051.3,0,0,0.1296416,148.2,39.7,0.89694019
34,4051.3,2,0,0.1377442,148.2,39.7,0.89694019
37,4051.3,3,0,0.1498981,148.2,39.7,0.89694019
2514.1,3974.7,2477.1,-76.6,9.9927933,148.9,39.7,0.89645341
2511.1,3970.9,-3,-3.8,9.971327,149.6,39.7,0.89596662
2512.1,3968,1,-2.9,9.9680128,150.3,39.7,0.89547983
2513.1,3965.6,1,-2.4,9.9659494,151,39.7,0.89499305
2511.1,3963.6,-2,-2,9.952996,151.7,39.7,0.89450626
2513.1,3961.6,2,-2,9.955897,152.4,39.7,0.89401947
1332.2,3996.2,-1180.9,34.6,5.3237376,152.8,39.7,0.89374131
144.2,4033.1,-1188,36.9,0.58157302,152.8,39.7,0.89374131
154.1,4034.4,9.9,1.3,0.62170104,152.9,39.7,0.89367177
147.1,4035.8,-7,1.4,0.59366618,152.9,39.7,0.89367177
145.2,4036.6,-1.9,0.8,0.58611432,152.9,39.7,0.89367177
225.1,4034.8,79.9,-1.8,0.90823348,153,39.7,0.89360223
227.9,4035.1,2.8,0.3,0.91959929,153.1,39.7,0.89353268
235.1,4035.2,7.2,0.1,0.94867552,153.1,39.7,0.89353268
233.2,4035.6,-1.9,0.4,0.94110192,153.2,39.7,0.89346314
227.2,4036.1,-6,0.5,0.91700192,153.3,39.7,0.8933936
228.1,4036.3,0.9,0.2,0.92068003,153.3,39.7,0.8933936
-242.1,4051.2,-470.2,14.9,-0.98079552,153.3,39.7,0.8933936
-709,4066.7,-466.9,15.5,-2.8832903,153.1,39.7,0.89353268
-720,4068.5,-11,1.8,-2.92932,152.9,39.7,0.89367177
-713,4069.5,7,1,-2.9015535,152.7,39.7,0.89381085
-713,4070.6,0,1.1,-2.9023378,152.5,39.7,0.89394993
120.1,4045.6,833.1,-25,0.48587656,152.5,39.7,0.89394993
938,4019.9,817.9,-25.7,3.7706662,152.8,39.7,0.89374131
942.1,4018.3,4.1,-1.6,3.7856404,153,39.7,0.89360223
947,4017.1,4.9,-1.2,3.8041937,153.3,39.7,0.8933936
947.1,4016.2,0.1,-0.9,3.803743,153.6,39.7,0.89318498
945.1,4015.6,-2,-0.6,3.7951436,153.8,39.8,0.8930459
946.1,4014.9,1,-0.7,3.7984969,154.1,39.7,0.89283727
947.1,4014.3,1,-0.6,3.8019435,154.3,39.7,0.89269819
943.1,4013.9,-4,-0.4,3.7855091,154.6,39.7,0.89248957
942.2,4013.5,-0.9,-0.4,3.7815197,154.9,39.7,0.89228095
873.1,4015.2,-69.1,1.7,3.5056711,155.1,39.7,0.89214186
785.1,4017.6,-88,2.4,3.1542178,155.3,39.7,0.89200278
787.1,4017.3,2,-0.3,3.1620168,155.5,39.7,0.8918637
787.1,4017.1,0,-0.2,3.1618594,155.8,39.7,0.89165508
1035.1,4009.2,248,-7.9,4.1499229,156,39.8,0.89151599
1041.1,4008.4,6,-0.8,4.1731452,156.3,39.8,0.89130737
1032.1,4008.2,-9,-0.2,4.1368632,156.6,39.8,0.89109875
1031.1,4007.8,-1,-0.4,4.1324426,156.9,39.8,0.89089013
1035,4007.2,3.9,-0.6,4.147452,157.2,39.8,0.8906815
-425,4052.2,-1460,45,-1.722185,157.1,39.8,0.89075104
-425.1,4054,-0.1,1.8,-1.7233554,157,39.8,0.89082058
-428,4055.6,-2.9,1.6,-1.7357968,156.8,39.8,0.89095967
2363,3970.3,2791,-85.3,9.3818189,157.5,39.8,0.89047288
2367.1,3966.8,4.1,-3.5,9.3898123,158.2,39.8,0.88998609
2369.1,3964.3,2,-2.5,9.3918231,158.8,39.7,0.88956885
2369.1,3962.3,0,-2,9.3870849,159.5,39.8,0.88908206
2374.1,3960.5,5,-1.8,9.402623,160.1,39.8,0.88866481
2373.2,3959,-0.9,-1.5,9.3954988,160.8,39.8,0.88817803
2372.1,3957.7,-1.1,-1.3,9.3880602,161.5,39.8,0.88769124
2633.1,3948.5,261,-9.2,10.396795,162.2,39.8,0.88720445
2634.1,3946.8,1,-1.7,10.396266,162.9,39.8,0.88671766
924.2,3998,-1709.9,51.2,3.6949516,163.2,39.8,0.88650904
923.1,3999.3,-1.1,1.3,3.6917538,163.4,39.8,0.88636996
924.1,3999.9,1,0.6,3.6963076,163.7,39.8,0.88616134
918.1,4000.6,-6,0.7,3.6729509,163.9,39.8,0.88602225
926.1,4000.6,8,0,3.7049557,164.2,39.8,0.88581363
15,4029,-911.1,28.4,0.060435,164.2,39.8,0.88581363
11,4030.7,-4,1.7,0.0443377,164.2,39.8,0.88581363
10,4031.9,-1,1.2,0.040319,164.2,39.8,0.88581363
8,4032.9,-2,1,0.0322632,164.2,39.8,0.88581363
10,4033.8,2,0.9,0.040338,164.2,39.8,0.88581363
12,4034.5,2,0.7,0.048414,164.2,39.8,0.88581363
13,4035.2,1,0.7,0.0524576,164.2,39.8,0.88581363
12,4035.9,-1,0.7,0.0484308,164.2,39.8,0.88581363
-282,4045.7,-294,9.8,-1.1408874,164.1,39.8,0.88588317
-575.1,4055.8,-293.1,10.1,-2.3324906,164,39.8,0.88595271
-579,4057.3,-3.9,1.5,-2.3491767,163.8,39.8,0.88609179
-582.9,4058.5,-3.9,1.2,-2.3656997,163.7,39.8,0.88616134
-575,4059.3,7.9,0.8,-2.3340975,163.5,39.8,0.88630042
-586,4060.6,-11,1.3,-2.3795116,163.3,39.8,0.8864395
-578.1,4061.2,7.9,0.6,-2.3477797,163.2,39.8,0.88650904
-583,4062.2,-4.9,1,-2.3682626,163,39.8,0.88664812
-938,4073.9,-355,11.7,-3.8213182,162.8,39.8,0.8867872
-931,4075,7,1.1,-3.793825,162.5,39.8,0.88699583
-937,4076.4,-6,1.4,-3.8195868,162.2,39.8,0.88720445
-939,4077.5,-2,1.1,-3.8287725,162,39.8,0.88734353
-939,4078.4,0,0.9,-3.8296176,161.7,39.8,0.88755216
-939,4079.3,0,0.9,-3.8304627,161.5,39.8,0.88769124
-936.1,4080.1,2.9,0.8,-3.8193816,161.2,39.8,0.88789986
-935,4080.8,1.1,0.7,-3.815548,160.9,39.8,0.88810848
-936.1,4081.6,-1.1,0.8,-3.8207858,160.7,39.8,0.88824757
405,4040.9,1341.1,-40.7,1.6365645,160.8,39.8,0.88817803
411.1,4039.3,6.1,-1.6,1.6605562,160.9,39.8,0.88810848
408.1,4038.5,-3,-0.8,1.6481119,161,39.8,0.88803894
403.1,4038,-5,-0.5,1.6277178,161.1,39.8,0.8879694
678,4029,274.9,-9,2.731662,161.3,39.8,0.88783032
947.1,4019.8,269.1,-9.2,3.8071526,161.6,39.8,0.8876217
938.1,4019,-9,-0.8,3.7702239,161.8,39.8,0.88748261
946,4017.8,7.9,-1.2,3.8008388,162.1,39.8,0.88727399
945.1,4017,-0.9,-0.8,3.7964667,162.4,39.8,0.88706537
946.1,4016.2,1,-0.8,3.7997268,162.6,39.8,0.88692629
944.1,4015.6,-2,-0.6,3.791128,162.9,39.8,0.88671766
-4,4044.3,-948.1,28.7,-0.0161772,162.9,39.8,0.88671766
-3,4045.2,1,0.9,-0.0121356,162.9,39.8,0.88671766
-6,4045.8,-3,0.6,-0.0242748,162.9,39.8,0.88671766
-8,4046.3,-2,0.5,-0.0323704,162.9,39.8,0.88671766
-3,4046.5,5,0.2,-0.0121395,162.9,39.8,0.88671766
-5,4046.8,-2,0.3,-0.020234,162.9,39.8,0.88671766
-4,4047,1,0.2,-0.016188,162.9,39.8,0.88671766
-9,4047.4,-5,0.4,-0.0364266,162.9,39.8,0.88671766
-7,4047.6,2,0.2,-0.0283332,162.9,39.8,0.88671766
1055.1,4014.9,1062.1,-32.7,4.236121,163.2,39.8,0.88650904
1058.1,4013.3,3,-1.6,4.2464727,163.5,39.8,0.88630042
1056.1,4012.3,-2,-1,4.23739,163.8,39.8,0.88609179
1053.2,4011.4,-2.9,-0.9,4.2248065,164,39.8,0.88595271
1055.1,4010.6,1.9,-0.8,4.2315841,164.3,39.8,0.88574409
1058.1,4009.7,3,-0.9,4.2426636,164.6,39.8,0.88553547
-967,4071.8,-2025.1,62.1,-3.9374306,164.4,39.8,0.88567455
-963.1,4074.3,3.9,2.5,-3.9239583,164.1,39.8,0.88588317
-972,4076.4,-8.9,2.1,-3.9622608,163.8,39.8,0.88609179
-969,4077.7,3,1.3,-3.9512913,163.6,39.8,0.88623088
-967.1,4079,1.9,1.3,-3.9448009,163.3,39.8,0.8864395
-973,4080.3,-5.9,1.3,-3.9701319,163,39.8,0.88664812
-967,4081.1,6,0.8,-3.9464237,162.8,39.8,0.8867872
-56,4053.8,911,-27.3,-0.2270128,162.7,39.8,0.88685675
856.1,4025.1,912.1,-28.7,3.4458881,163,39.8,0.88664812
858.1,4023.4,2,-1.7,3.4524795,163.2,39.8,0.88650904
852.1,4022.4,-6,-1,3.427487,163.4,39.8,0.88636996
854.2,4021.4,2.1,-1,3.4350799,163.7,39.8,0.88616134
855.1,4020.5,0.9,-0.9,3.4379296,163.9,39.8,0.88602225
855.1,4019.8,0,-0.7,3.437331,164.2,39.8,0.88581363
853.1,4019.2,-2,-0.6,3.4287795,164.4,39.8,0.88567455
856.1,4018.5,3,-0.7,3.4402379,164.6,39.8,0.88553547
853.2,4018,-2.9,-0.5,3.4281576,164.9,39.8,0.88532684
287.1,4035,-566.1,17,1.1584485,165,39.8,0.8852573
-275,4052.8,-562.1,17.8,-1.11452,164.9,39.8,0.88532684
-277,4054,-2,1.2,-1.122958,164.8,39.8,0.88539638
-273.1,4054.7,3.9,0.7,-1.1073386,164.7,39.8,0.88546592
-125.1,4050.7,148,-4,-0.50674257,164.7,39.8,0.88546592
21,4046.4,146.1,-4.3,0.0849744,164.7,39.8,0.88546592
21,4046.4,0,0,0.0849744,164.7,39.8,0.88546592
19,4046.7,-2,0.3,0.0768873,164.7,39.8,0.88546592
23,4046.7,4,0,0.0930741,164.7,39.8,0.88546592
26,4046.7,3,0,0.1052142,164.7,39.8,0.88546592
20,4047,-6,0.3,0.08094,164.7,39.8,0.88546592
23,4047.1,3,0.1,0.0930833,164.7,39.8,0.88546592
25,4047.1,2,0,0.1011775,164.7,39.8,0.88546592
23,4047.3,-2,0.2,0.0930879,164.7,39.8,0.88546592
18,4047.6,-5,0.3,0.0728568,164.7,39.8,0.88546592
24,4047.5,6,-0.1,0.09714,164.8,39.8,0.88539638
25,4047.6,1,0.1,0.10119,164.8,39.8,0.88539638
21,4047.8,-4,0.2,0.0850038,164.8,39.8,0.88539638
28,4047.7,7,-0.1,0.1133356,164.8,39.8,0.88539638
22,4047.9,-6,0.2,0.0890538,164.8,39.8,0.88539638
20,4048.1,-2,0.2,0.080962,164.8,39.8,0.88539638
22,4048.1,2,0,0.0890582,164.8,39.8,0.88539638
18,4048.3,-4,0.2,0.0728694,164.8,39.8,0.88539638
25,4048.2,7,-0.1,0.101205,164.8,39.8,0.88539638
23,4048.3,-2,0.1,0.0931109,164.8,39.8,0.88539638
21,4048.4,-2,0.1,0.0850164,164.8,39.8,0.88539638
23,4048.4,2,0,0.0931132,164.8,39.8,0.88539638
19,4048.6,-4,0.2,0.0769234,164.8,39.8,0.88539638
19,4048.7,0,0.1,0.0769253,164.8,39.8,0.88539638
21,4048.7,2,0,0.0850227,164.8,39.8,0.88539638
20,4048.8,-1,0.1,0.080976,164.8,39.8,0.88539638
25,4048.7,5,-0.1,0.1012175,164.9,39.8,0.88532684
25,4048.7,0,0,0.1012175,164.9,39.8,0.88532684
23,4048.9,-2,0.2,0.0931247,164.9,39.8,0.88532684
24,4048.9,1,0,0.0971736,164.9,39.8,0.88532684
22,4049,-2,0.1,0.089078,164.9,39.8,0.88532684
22,4049,0,0,0.089078,164.9,39.8,0.88532684
22,4049.1,0,0.1,0.0890802,164.9,39.8,0.88532684
20,4049.2,-2,0.1,0.080984,164.9,39.8,0.88532684
29,4049,9,-0.2,0.117421,164.9,39.8,0.88532684
21,4049.3,-8,0.3,0.0850353,164.9,39.8,0.88532684
21,4049.3,0,0,0.0850353,164.9,39.8,0.88532684
23,4049.3,2,0,0.0931339,164.9,39.8,0.88532684
27,4049.2,4,-0.1,0.1093284,164.9,39.8,0.88532684
25,4049.3,-2,0.1,0.1012325,164.9,39.8,0.88532684
24,4049.4,-1,0.1,0.0971856,164.9,39.8,0.88532684
17,4049.7,-7,0.3,0.0688449,164.9,39.8,0.88532684
23,4049.5,6,-0.2,0.0931385,165,39.8,0.8852573
25,4049.5,2,0,0.1012375,165,39.8,0.8852573
21,4049.6,-4,0.1,0.0850416,165,39.8,0.8852573
28,4049.5,7,-0.1,0.113386,165,39.8,0.8852573
22,4049.6,-6,0.1,0.0890912,165,39.8,0.8852573
25,4049.6,3,0,0.10124,165,39.8,0.8852573
22,4049.8,-3,0.2,0.0890956,165,39.7,0.8852573
20,4049.8,-2,0,0.080996,165,39.7,0.8852573
24,4049.7,4,-0.1,0.0971928,165,39.7,0.8852573
22,4049.8,-2,0.1,0.0890956,165,39.7,0.8852573
20,4049.9,-2,0.1,0.080998,165,39.8,0.8852573
24,4049.8,4,-0.1,0.0971952,165,39.8,0.8852573
20,4050,-4,0.2,0.081,165,39.7,0.8852573
24,4049.9,4,-0.1,0.0971976,165,39.7,0.8852573
21,4050,-3,0.1,0.08505,165,39.7,0.8852573
20,4050.1,-1,0.1,0.081002,165,39.8,0.8852573
24,4050,4,-0.1,0.0972,165.1,39.7,0.88518776
16,4050.2,-8,0.2,0.0648032,165.1,39.7,0.88518776
23,4050,7,-0.2,0.09315,165.1,39.7,0.88518776
25,4050,2,0,0.10125,165.1,39.7,0.88518776
21,4050.2,-4,0.2,0.0850542,165.1,39.8,0.88518776
23,4050.1,2,-0.1,0.0931523,165.1,39.8,0.88518776
21,4050.2,-2,0.1,0.0850542,165.1,39.8,0.88518776
29,4050,8,-0.2,0.11745,165.1,39.8,0.88518776
18,4050.3,-11,0.3,0.0729054,165.1,39.8,0.88518776
17,4050.4,-1,0.1,0.0688568,165.1,39.8,0.88518776
20,4050.3,3,-0.1,0.081006,165.1,39.8,0.88518776
20,4050.4,0,0.1,0.081008,165.1,39.8,0.88518776
23,4050.3,3,-0.1,0.0931569,165.1,39.8,0.88518776
22,4050.3,-1,0,0.0891066,165.1,39.8,0.88518776
17,4050.5,-5,0.2,0.0688585,165.1,39.8,0.88518776
-242.9,4058.7,-259.9,8.2,-0.98585823,165.1,39.8,0.88518776
-510,4067.4,-267.1,8.7,-2.074374,164.9,39.8,0.88532684
-509.1,4068.1,0.9,0.7,-2.0710697,164.8,39.8,0.88539638
-507,4068.7,2.1,0.6,-2.0628309,164.6,39.8,0.88553547
705.1,4031.6,1212.1,-37.1,2.8426812,164.8,39.8,0.88539638
708.1,4030,3,-1.6,2.853643,165,39.8,0.8852573
709.1,4029,1,-1,2.8569639,165.2,39.8,0.88511822
712.1,4028.1,3,-0.9,2.86841,165.4,39.7,0.88497914
1280.1,4009.8,568,-18.3,5.132945,165.8,39.8,0.88470097
1850,3990.7,569.9,-19.1,7.382795,166.3,39.8,0.88435327
1850,3988.6,0,-2.1,7.37891,166.8,39.8,0.88400556
1845.1,3986.9,-4.9,-1.7,7.3562292,167.3,39.7,0.88365786
1851,3985.2,5.9,-1.7,7.3766052,167.8,39.7,0.88331015
1846.1,3983.9,-4.9,-1.3,7.3546778,168.4,39.7,0.88289291
1851.1,3982.5,5,-1.4,7.3720057,168.9,39.7,0.8825452
2134,3972.6,282.9,-9.9,8.4775284,169.5,39.7,0.88212796
2417.1,3962.3,283.1,-10.3,9.5772753,170.1,39.7,0.88171071
2419.1,3960.3,2,-2,9.5803617,170.8,39.7,0.88122392
2422.1,3958.6,3,-1.7,9.5881251,171.5,39.7,0.88073713
2418.1,3957.2,-4,-1.4,9.5689053,172.2,39.7,0.88025035
2416,3955.8,-2.1,-1.4,9.5572128,172.8,39.7,0.8798331
2423.1,3954.4,7.1,-1.4,9.5819066,173.5,39.7,0.87934631
2416.2,3953.4,-6.9,-1,9.5522051,174.2,39.7,0.87885953
2416.1,3952.2,-0.1,-1.2,9.5489104,174.8,39.7,0.87844228
-1035,4057.5,-3451.1,105.3,-4.1995125,174.6,39.7,0.87858136
-1034,4061.7,1,4.2,-4.1997978,174.3,39.7,0.87878999
-1034,4064.6,0,2.9,-4.2027964,174,39.7,0.87899861
-1033,4067,1,2.4,-4.201211,173.7,39.7,0.87920723
-1034.1,4069.1,-1.1,2.1,-4.2078563,173.4,39.7,0.87941586
-1040,4071,-5.9,1.9,-4.23384,173.1,39.7,0.87962448
-1036,4072.5,4,1.5,-4.21911,172.8,39.7,0.8798331
-1034.1,4074,1.9,1.5,-4.2129234,172.5,39.7,0.88004172
-1036.9,4075.4,-2.8,1.4,-4.2257823,172.3,39.7,0.88018081
755.1,4021.2,1792,-54.2,3.0364081,172.5,39.7,0.88004172
750.2,4019.8,-4.9,-1.4,3.015654,172.7,39.7,0.87990264
754.1,4018.7,3.9,-1.1,3.0305017,172.9,39.7,0.87976356
750.2,4018.1,-3.9,-0.6,3.0143786,173.1,39.7,0.87962448
754.1,4017.4,3.9,-0.7,3.0295213,173.3,39.7,0.8794854
322.3,4030.3,-431.8,12.9,1.2989657,173.4,39.7,0.87941586
-100,4043.7,-422.3,13.4,-0.40437,173.4,39.7,0.87941586
-104.2,4044.7,-4.2,1,-0.42145774,173.3,39.7,0.8794854
2176.9,3974.9,2281.1,-69.8,8.6529598,173.9,39.8,0.87906815
2175,3971.9,-1.9,-3,8.6388825,174.5,39.8,0.8786509
2181,3969.5,6,-2.4,8.6574795,175.1,39.8,0.87823366
2183.1,3967.6,2.1,-1.9,8.6616676,175.7,39.8,0.87781641
2176,3966.1,-7.1,-1.5,8.6302336,176.4,39.8,0.87732962
2177.1,3964.7,1.1,-1.4,8.6315484,177,39.8,0.87691238
1060.2,3997.7,-1116.9,33,4.2383615,177.3,39.8,0.87670376
1063,3998.1,2.8,0.4,4.2499803,177.5,39.8,0.87656467
1059.1,3998.3,-3.9,0.2,4.2345995,177.8,39.8,0.87635605
1063.1,3998.2,4,-0.1,4.2504864,178.1,39.8,0.87614743
1061.1,3998.2,-2,0,4.24249,178.4,39.8,0.8759388
1062.1,3998,1,-0.2,4.2462758,178.7,39.8,0.87573018
1063.1,3997.8,1,-0.2,4.2500612,179,39.8,0.87552156
1060.1,3997.8,-3,0,4.2380678,179.3,39.8,0.87531293
1068.1,3997.4,8,-0.4,4.2696229,179.6,39.8,0.87510431
1064.1,3997.3,-4,-0.1,4.2535269,179.9,39.8,0.87489569
1053.1,3997.5,-11,0.2,4.2097672,180.2,39.8,0.87468707
1047.2,3997.5,-5.9,0,4.186182,180.5,39.8,0.87447844
1041.1,3997.6,-6.1,0.1,4.1619014,180.8,39.8,0.87426982
1049.1,3997.2,8,-0.4,4.1934625,181.1,39.8,0.8740612
1042.2,3997.3,-6.9,0.1,4.1659861,181.4,39.8,0.87385257
1043.1,3997.1,0.9,-0.2,4.169375,181.7,39.8,0.87364395
379.2,4017.4,-663.9,20.3,1.5233981,181.8,39.8,0.87357441
-284,4038.9,-663.2,21.5,-1.1470476,181.7,39.8,0.87364395
-289,4040.7,-5,1.8,-1.1677623,181.6,39.8,0.87371349
-286,4041.9,3,1.2,-1.1559834,181.5,39.8,0.87378303
-287,4043,-1,1.1,-1.160341,181.4,39.8,0.87385257
-282,4043.9,5,0.9,-1.1403798,181.4,39.8,0.87385257
-283.1,4044.8,-1.1,0.9,-1.1450829,181.3,39.8,0.87392211
1205,3999.6,1488.1,-45.2,4.819518,181.6,39.8,0.87371349
1202.2,3998.1,-2.8,-1.5,4.8065158,182,39.8,0.87343533
1204.2,3997,2,-1.1,4.8131874,182.3,39.8,0.8732267
1204.1,3996.2,-0.1,-0.8,4.8118244,182.6,39.8,0.87301808
1199.1,3995.6,-5,-0.6,4.791124,183,39.8,0.87273992
1204.1,3994.9,5,-0.7,4.8102591,183.3,39.8,0.87253129
-504,4047.2,-1708.1,52.3,-2.0397888,183.1,39.8,0.87267038
-505,4049.4,-1,2.2,-2.044947,183,39.8,0.87273992
-504,4050.9,1,1.5,-2.0416536,182.9,39.8,0.87280946
-505,4052.2,-1,1.3,-2.046361,182.7,39.8,0.87294854
-500.1,4053.1,4.9,0.9,-2.0269553,182.6,39.8,0.87301808
-507,4054.3,-6.9,1.2,-2.0555301,182.4,39.8,0.87315716
674.1,4018.7,1181.1,-35.6,2.7090057,182.6,39.8,0.87301808
675.1,4017.6,1,-1.1,2.7122818,182.8,39.8,0.872879
677.1,4016.9,2,-0.7,2.719843,183,39.8,0.87273992
675.1,4016.6,-2,-0.3,2.7116067,183.2,39.8,0.87260083
518.2,4021.1,-156.9,4.5,2.083734,183.3,39.8,0.87253129
531.1,4020.6,12.9,-0.5,2.1353407,183.5,39.8,0.87239221
532.1,4020.5,1,-0.1,2.1393081,183.6,39.8,0.87232267
527,4020.6,-5.1,0.1,2.1188562,183.8,39.8,0.87218359
529.1,4020.5,2.1,-0.1,2.1272466,183.9,39.8,0.87211405
528.2,4020.4,-0.9,-0.1,2.1235753,184.1,39.8,0.87197497
-42,4038.1,-570.2,17.7,-0.1696002,184.1,39.8,0.87197497
-45,4039,-3,0.9,-0.181755,184.1,39.8,0.87197497
-46,4039.7,-1,0.7,-0.1858262,184,39.8,0.87204451
-41,4040,5,0.3,-0.16564,184,39.8,0.87204451
-44,4040.6,-3,0.6,-0.1777864,184,39.8,0.87204451
-40,4040.9,4,0.3,-0.161636,184,39.8,0.87204451
-41,4041.3,-1,0.4,-0.1656933,184,39.8,0.87204451
-40,4041.6,1,0.3,-0.161664,184,39.8,0.87204451
374.1,4029.1,414.1,-12.5,1.5072863,184.1,39.8,0.87197497
795,4015.7,420.9,-13.4,3.1924815,184.3,39.8,0.87183588
790.1,4015,-4.9,-0.7,3.1722515,184.5,39.8,0.8716968
800.1,4014.1,10,-0.9,3.2116814,184.8,39.8,0.87148818
799.1,4013.6,-1,-0.5,3.2072678,185,39.8,0.8713491
800.1,4013.1,1,-0.5,3.2108813,185.2,39.8,0.87121001
799.1,4012.7,-1,-0.4,3.2065486,185.4,39.8,0.87107093
802.1,4012.2,3,-0.5,3.2181856,185.6,39.8,0.87093185
798.1,4012,-4,-0.2,3.2019772,185.9,39.8,0.87072323
799.1,4011.7,1,-0.3,3.2057495,186.1,39.8,0.87058414
734.2,4013.4,-64.9,1.7,2.9466383,186.3,39.8,0.87044506
681.1,4014.8,-53.1,1.4,2.7344803,186.5,39.8,0.87030598
682.1,4014.7,1,-0.1,2.7384269,186.7,39.8,0.8701669
688.1,4014.4,6,-0.3,2.7623086,186.9,39.8,0.87002782
1138,4000.4,449.9,-14,4.5524552,187.2,39.8,0.86981919
1591.1,3985.6,453.1,-14.8,6.3414882,187.6,39.8,0.86954103
1588.1,3984.3,-3,-1.3,6.3274668,188.1,39.8,0.86919332
1591.1,3983.1,3,-1.2,6.3375104,188.5,39.8,0.86891516
1589.2,3982.2,-1.9,-0.9,6.3285122,188.9,39.8,0.868637
1678,3978.6,88.8,-3.6,6.6760908,189.4,39.8,0.86828929
1770.1,3974.9,92.1,-3.7,7.0359705,189.9,39.8,0.86794159
1771,3973.8,0.9,-1.1,7.0375998,190.4,39.8,0.86759388
1772.1,3972.9,1.1,-0.9,7.0403761,190.9,39.8,0.86724618
1773.1,3972.1,1,-0.8,7.0429305,191.4,39.8,0.86689847
1768,3971.5,-5.1,-0.6,7.021612,191.9,39.8,0.86655076
1763.1,3970.9,-4.9,-0.6,7.0010938,192.4,39.8,0.86620306
1768,3970.1,4.9,-0.8,7.0191368,192.8,39.8,0.8659249
1775.1,3969.2,7.1,-0.9,7.0457269,193.3,39.8,0.86557719
-584,4041.3,-2359.1,72.1,-2.3601192,193.2,39.8,0.86564673
-580.1,4044.2,3.9,2.9,-2.3460404,193,39.8,0.86578581
-586,4046.6,-5.9,2.4,-2.3713076,192.9,39.8,0.86585535
-583,4048.2,3,1.6,-2.3601006,192.7,39.8,0.86599444
-587,4049.8,-4,1.6,-2.3772326,192.5,39.8,0.86613352
-991,4063.6,-404,13.8,-4.0270276,192.3,39.8,0.8662726
-990,4065.4,1,1.8,-4.024746,192,39.8,0.86648122
-992,4067.1,-2,1.7,-4.0345632,191.7,39.8,0.86668985
-990.1,4068.4,1.9,1.3,-4.0281228,191.4,39.8,0.86689847
1606,3989.6,2596.1,-78.8,6.4072976,191.9,39.8,0.86655076
738.1,4013.5,-867.9,23.9,2.9623643,192.1,39.8,0.86641168
-126.1,4039.8,-864.2,26.3,-0.50941878,192,39.8,0.86648122
-130.1,4040.8,-4,1,-0.52570808,192,39.8,0.86648122
-126.1,4041.3,4,0.5,-0.50960793,192,39.8,0.86648122
-129.1,4041.9,-3,0.6,-0.52180929,191.9,39.8,0.86655076
-126.1,4042.2,3,0.3,-0.50972142,191.9,39.8,0.86655076
-132.1,4042.9,-6,0.7,-0.53406709,191.9,39.8,0.86655076
-133,4043.3,-0.9,0.4,-0.5377589,191.8,39.8,0.86662031
2612,3959.1,2745,-84.2,10.341169,192.6,39.8,0.86606398
2615.1,3955.2,3.1,-3.9,10.343244,193.3,39.8,0.86557719
2614.1,3952.3,-1,-2.9,10.331707,194,39.8,0.8650904
2613.1,3950,-1,-2.3,10.321745,194.7,39.8,0.86460362
2610.1,3948.1,-3,-1.9,10.304936,195.5,39.8,0.86404729
992.3,3995.9,-1617.8,47.8,3.9651316,195.7,39.8,0.86390821
996.2,3996.6,3.9,0.7,3.9814129,196,39.8,0.86369958
995.1,3996.9,-1.1,0.3,3.9773152,196.3,39.8,0.86349096
990.1,3997.1,-5,0.2,3.9575287,196.6,39.8,0.86328234
985.1,3997.3,-5,0.2,3.9377402,196.8,39.8,0.86314325
991.1,3997.1,6,-0.2,3.9615258,197.1,39.8,0.86293463
1512.1,3980.9,521,-16.2,6.0195189,197.5,39.8,0.86265647
1510,3980.1,-2.1,-0.8,6.009951,197.9,39.8,0.8623783
1508.2,3979.4,-1.8,-0.7,6.0017311,198.4,39.8,0.8620306
1509.1,3978.8,0.9,-0.6,6.0044071,198.8,39.8,0.86175243
1510.1,3978.2,1,-0.6,6.0074798,199.2,39.8,0.86147427
-1078.9,4057.5,-2589,79.3,-4.3776367,198.9,39.8,0.86168289
-1077,4061,1.9,3.5,-4.373697,198.6,39.8,0.86189152
-1079,4063.6,-2,2.6,-4.3846244,198.3,39.8,0.86210014
-1080,4065.7,-1,2.1,-4.390956,198,39.8,0.86230876
-1078.1,4067.5,1.9,1.8,-4.3851718,197.7,39.8,0.86251739
-455.1,4049.9,623,-17.6,-1.8431095,197.6,39.8,0.86258693
168.1,4031.1,623.2,-18.8,0.67762791,197.6,39.8,0.86258693
173.1,4030.6,5,-0.5,0.69769686,197.7,39.8,0.86251739
168.1,4030.7,-5,0.1,0.67756067,197.7,39.8,0.86251739
165.1,4030.9,-3,0.2,0.66550159,197.8,39.8,0.86244784
172.1,4030.7,7,-0.2,0.69368347,197.8,39.8,0.86244784
165.1,4031.1,-7,0.4,0.66553461,197.9,39.8,0.8623783
172.1,4031,7,-0.1,0.6937351,197.9,39.8,0.8623783
1172,4000.3,999.9,-30.7,4.6883516,198.2,39.8,0.86216968
1174.1,3998.9,2.1,-1.4,4.6951085,198.6,39.8,0.86189152
1179.1,3997.7,5,-1.2,4.7136881,198.9,39.8,0.86168289
1174.1,3997,-5,-0.7,4.6928777,199.2,39.8,0.86147427
1177.1,3996.2,3,-0.8,4.703927,199.5,39.8,0.86126565
1172.1,3995.7,-5,-0.5,4.68336,199.9,39.8,0.86098748
1178.1,3994.9,6,-0.8,4.7063917,200.2,39.8,0.86077886
1177.1,3994.3,-1,-0.6,4.7016905,200.5,39.8,0.86057024
177.3,4024.6,-999.8,30.3,0.71356158,200.6,39.8,0.8605007
-828,4056.8,-1005.3,32.2,-3.3590304,200.3,39.8,0.86070932
-829,4059.1,-1,2.3,-3.3649939,200.1,39.8,0.8608484
485,4020.2,1314,-38.9,1.949797,200.2,39.8,0.86077886
482.1,4019.7,-2.9,-0.5,1.9378974,200.4,39.8,0.86063978
479.1,4019.6,-3,-0.1,1.9257904,200.5,39.8,0.86057024
477.1,4019.5,-2,-0.1,1.9177035,200.6,39.8,0.8605007
478,4019.3,0.9,-0.2,1.9212254,200.8,39.8,0.86036161
481.1,4019.2,3.1,-0.1,1.9336371,200.9,39.8,0.86029207
481.1,4019.2,0,0,1.9336371,201,39.8,0.86022253
484.1,4019,3,-0.2,1.9455979,201.2,39.8,0.86008345
481.1,4019.1,-3,0.1,1.933589,201.3,39.8,0.86001391
483,4019,1.9,-0.1,1.941177,201.4,39.8,0.85994437
460.1,4019.8,-22.9,0.8,1.84951,201.6,39.8,0.85980529
429.1,4020.7,-31,0.9,1.7252824,201.7,39.8,0.85973574
430.1,4020.7,1,0,1.7293031,201.8,39.8,0.8596662
434.1,4020.7,4,0,1.7453859,201.9,39.8,0.85959666
438.1,4020.5,4,-0.2,1.7613811,202.1,39.8,0.85945758
-310.9,4043.8,-749,23.3,-1.2572174,202,39.8,0.85952712
-314,4045.1,-3.1,1.3,-1.2701614,201.9,39.8,0.85959666
-307.1,4045.8,6.9,0.7,-1.2424652,201.8,39.8,0.8596662
-310,4046.6,-2.9,0.8,-1.254446,201.7,39.8,0.85973574
-307,4047.2,3,0.6,-1.2424904,201.6,39.8,0.85980529
-316.1,4048.1,-9.1,0.9,-1.2796044,201.5,39.8,0.85987483
-307,4048.4,9.1,0.3,-1.2428588,201.5,39.8,0.85987483
-314,4049.2,-7,0.8,-1.2714488,201.4,39.8,0.85994437
-308.1,4049.4,5.9,0.2,-1.2476201,201.3,39.8,0.86001391
-309,4050,-0.9,0.6,-1.25145,201.2,39.8,0.86008345
89,4038,398,-12,0.359382,201.2,39.8,0.86008345
91,4037.7,2,-0.3,0.3674307,201.2,39.8,0.86008345
10,4040.2,-81,2.5,0.040402,201.2,39.8,0.86008345
10,4040.3,0,0.1,0.040403,201.3,39.8,0.86001391
13,4040.3,3,0,0.0525239,201.3,39.8,0.86001391
13,4040.4,0,0.1,0.0525252,201.3,39.8,0.86001391
11,4040.6,-2,0.2,0.0444466,201.3,39.8,0.86001391
16,4040.5,5,-0.1,0.064648,201.3,39.8,0.86001391
10,4040.8,-6,0.3,0.040408,201.3,39.8,0.86001391
11,4041,1,0.2,0.044451,201.3,39.8,0.86001391
632.9,4021.9,621.9,-19.1,2.5454605,201.4,39.8,0.85994437
631.1,4021.1,-1.8,-0.8,2.5377162,201.6,39.8,0.85980529
631,4020.5,-0.1,-0.6,2.5369355,201.8,39.8,0.8596662
629.1,4020,-1.9,-0.5,2.528982,202,39.8,0.85952712
632.1,4019.5,3,-0.5,2.5407259,202.1,39.8,0.85945758
1384.1,3996,752,-23.5,5.5308636,202.5,39.8,0.85917942
1383.1,3994.5,-1,-1.5,5.524793,202.9,39.8,0.85890125
1383.1,3993.3,0,-1.2,5.5231332,203.3,39.8,0.85862309
1378.1,3992.4,-5,-0.9,5.5019264,203.7,39.8,0.85834492
1381.1,3991.3,3,-1.1,5.5123844,204.1,39.8,0.85806676
1380.1,3990.5,-1,-0.8,5.5072891,204.5,39.8,0.8577886
1378.2,3989.7,-1.9,-0.8,5.4986045,204.8,39.8,0.85757997
1121.2,3996.8,-257,7.1,4.4812122,205.1,39.8,0.85737135
861.2,4004.6,-260,7.8,3.4487615,205.4,39.8,0.85716273
865.1,4004.4,3.9,-0.2,3.4642064,205.6,39.8,0.85702364
866.2,4004.3,1.1,-0.1,3.4685247,205.9,39.8,0.85681502
865.1,4004.2,-1.1,-0.1,3.4640334,206.1,39.8,0.85667594
868.1,4003.9,3,-0.3,3.4757856,206.3,39.8,0.85653686
864.1,4003.9,-4,0,3.45977,206.6,39.8,0.85632823
495.2,4015,-368.9,11.1,1.988228,206.7,39.8,0.85625869
120.2,4027.1,-375,12.1,0.48405742,206.8,39.8,0.85618915
124.1,4027.7,3.9,0.6,0.49983757,206.8,39.8,0.85618915
125.1,4028.3,1,0.6,0.50394033,206.8,39.8,0.85618915
74,4030.5,-51.1,2.2,0.298257,206.8,39.8,0.85618915
28,4032.4,-46,1.9,0.1129072,206.9,39.8,0.85611961
20,4033.2,-8,0.8,0.080664,206.9,39.8,0.85611961
24,4033.5,4,0.3,0.096804,206.9,39.8,0.85611961
27,4033.9,3,0.4,0.1089153,206.9,39.8,0.85611961
23,4034.4,-4,0.5,0.0927912,206.9,39.8,0.85611961
24,4034.7,1,0.3,0.0968328,206.9,39.8,0.85611961
26,4035,2,0.3,0.10491,206.9,39.8,0.85611961
24,4035.4,-2,0.4,0.0968496,206.9,39.8,0.85611961
26,4035.6,2,0.2,0.1049256,206.9,39.8,0.85611961
23,4036,-3,0.4,0.092828,206.9,39.8,0.85611961
25,4036.3,2,0.3,0.1009075,206.9,39.8,0.85611961
29,4036.3,4,0,0.1170527,206.9,39.8,0.85611961
24,4036.8,-5,0.5,0.0968832,206.9,39.8,0.85611961
27,4036.9,3,0.1,0.1089963,206.9,39.8,0.85611961
26,4037.1,-1,0.2,0.1049646,207,39.8,0.85605007
24,4037.4,-2,0.3,0.0968976,207,39.8,0.85605007
26,4037.6,2,0.2,0.1049776,207,39.8,0.85605007
33,4037.6,7,0,0.1332408,207,39.8,0.85605007
31,4037.8,-2,0.2,0.1251718,207,39.8,0.85605007
28,4038.1,-3,0.3,0.1130668,207,39.8,0.85605007
26,4038.3,-2,0.2,0.1049958,207,39.8,0.85605007
31,4038.3,5,0,0.1251873,207,39.8,0.85605007
19,4038.8,-12,0.5,0.0767372,207,39.8,0.85605007
26,4038.8,7,0,0.1050088,207,39.8,0.85605007
28,4038.9,2,0.1,0.1130892,207,39.8,0.85605007
24,4039.2,-4,0.3,0.0969408,207,39.8,0.85605007
28,4039.2,4,0,0.1130976,207,39.8,0.85605007
27,4039.3,-1,0.1,0.1090611,207,39.8,0.85605007
23,4039.6,-4,0.3,0.0929108,207.1,39.8,0.85598053
25,4039.7,2,0.1,0.1009925,207.1,39.8,0.85598053
29,4039.7,4,0,0.1171513,207.1,39.8,0.85598053
22,4040,-7,0.3,0.08888,207.1,39.8,0.85598053
26,4040,4,0,0.10504,207.1,39.8,0.85598053
28,4040.1,2,0.1,0.1131228,207.1,39.8,0.85598053
28,4040.1,0,0,0.1131228,207.1,39.8,0.85598053
30,4040.2,2,0.1,0.121206,207.1,39.8,0.85598053
25,4040.4,-5,0.2,0.10101,207.1,39.8,0.85598053
24,4040.5,-1,0.1,0.096972,207.1,39.8,0.85598053
29,4040.5,5,0,0.1171745,207.1,39.8,0.85598053
26,4040.7,-3,0.2,0.1050582,207.1,39.8,0.85598053
24,4040.8,-2,0.1,0.0969792,207.1,39.8,0.85598053
27,4040.8,3,0,0.1091016,207.2,39.8,0.85591099
27,4040.9,0,0.1,0.1091043,207.2,39.8,0.85591099
25,4041.1,-2,0.2,0.1010275,207.2,39.8,0.85591099
22,4041.2,-3,0.1,0.0889064,207.2,39.8,0.85591099
27,4041.2,5,0,0.1091124,207.2,39.8,0.85591099
28,4041.2,1,0,0.1131536,207.2,39.8,0.85591099
24,4041.4,-4,0.2,0.0969936,207.2,39.8,0.85591099
22,4041.6,-2,0.2,0.0889152,207.2,39.8,0.85591099
27,4041.5,5,-0.1,0.1091205,207.2,39.8,0.85591099
21,4041.7,-6,0.2,0.0848757,207.2,39.8,0.85591099
23,4041.7,2,0,0.0929591,207.2,39.8,0.85591099
19,4041.9,-4,0.2,0.0767961,207.2,39.8,0.85591099
22,4041.9,3,0,0.0889218,207.2,39.8,0.85591099
23,4041.9,1,0,0.0929637,207.2,39.8,0.85591099
25,4041.9,2,0,0.1010475,207.2,39.8,0.85591099
27,4042,2,0.1,0.109134,207.3,39.8,0.85584145
27,4042,0,0,0.109134,207.3,39.8,0.85584145
22,4042.2,-5,0.2,0.0889284,207.3,39.8,0.85584145
20,4042.3,-2,0.1,0.080846,207.3,39.8,0.85584145
26,4042.2,6,-0.1,0.1050972,207.3,39.8,0.85584145
18,4042.5,-8,0.3,0.072765,207.3,39.8,0.85584145
16,4042.6,-2,0.1,0.0646816,207.3,39.8,0.85584145
10,4042.9,-6,0.3,0.040429,207.3,39.8,0.85584145
12,4042.8,2,-0.1,0.0485136,207.3,39.8,0.85584145
10,4042.9,-2,0.1,0.040429,207.3,39.8,0.85584145
17,4042.8,7,-0.1,0.0687276,207.3,39.8,0.85584145
9,4043.1,-8,0.3,0.0363879,207.3,39.8,0.85584145
11,4043.1,2,0,0.0444741,207.3,39.8,0.85584145
12,4043.1,1,0,0.0485172,207.3,39.8,0.85584145
14,4043.1,2,0,0.0566034,207.3,39.8,0.85584145
10,4043.3,-4,0.2,0.040433,207.3,39.8,0.85584145
13,4043.2,3,-0.1,0.0525616,207.3,39.8,0.85584145
12,4043.3,-1,0.1,0.0485196,207.3,39.8,0.85584145
9,4043.4,-3,0.1,0.0363906,207.3,39.8,0.85584145
13,4043.4,4,0,0.0525642,207.3,39.8,0.85584145
15,4043.3,2,-0.1,0.0606495,207.3,39.8,0.85584145
18,4043.3,3,0,0.0727794,207.3,39.8,0.85584145
9,4043.6,-9,0.3,0.0363924,207.3,39.8,0.85584145
9,4043.7,0,0.1,0.0363933,207.3,39.8,0.85584145
8,4043.7,-1,0,0.0323496,207.3,39.8,0.85584145
16,4043.5,8,-0.2,0.064696,207.4,39.8,0.85577191
16,4043.5,0,0,0.064696,207.4,39.8,0.85577191
15,4043.6,-1,0.1,0.060654,207.4,39.8,0.85577191
17,4043.6,2,0,0.0687412,207.4,39.8,0.85577191
14,4043.7,-3,0.1,0.0566118,207.4,39.8,0.85577191
10,4043.9,-4,0.2,0.040439,207.4,39.8,0.85577191
16,4043.7,6,-0.2,0.0646992,207.4,39.8,0.85577191
16,4043.7,0,0,0.0646992,207.4,39.8,0.85577191
12,4043.9,-4,0.2,0.0485268,207.4,39.8,0.85577191
13,4043.9,1,0,0.0525707,207.4,39.8,0.85577191
13,4043.9,0,0,0.0525707,207.4,39.8,0.85577191
14,4043.9,1,0,0.0566146,207.4,39.8,0.85577191
11,4044,-3,0.1,0.044484,207.4,39.8,0.85577191
12,4044,1,0,0.048528,207.4,39.8,0.85577191
12,4044.1,0,0.1,0.0485292,207.4,39.8,0.85577191
14,4044,2,-0.1,0.056616,207.4,39.8,0.85577191
15,4044,1,0,0.06066,207.4,39.8,0.85577191
17,4044,2,0,0.068748,207.4,39.8,0.85577191
14,4044.1,-3,0.1,0.0566174,207.4,39.8,0.85577191
10,4044.3,-4,0.2,0.040443,207.4,39.8,0.85577191
15,4044.1,5,-0.2,0.0606615,207.4,39.8,0.85577191
10,4044.3,-5,0.2,0.040443,207.4,39.8,0.85577191
12,4044.3,2,0,0.0485316,207.4,39.8,0.85577191
15,4044.2,3,-0.1,0.060663,207.4,39.8,0.85577191
7,4044.5,-8,0.3,0.0283115,207.4,39.8,0.85577191
12,4044.4,5,-0.1,0.0485328,207.4,39.8,0.85577191
11,4044.4,-1,0,0.0444884,207.4,39.8,0.85577191
10,4044.5,-1,0.1,0.040445,207.4,39.8,0.85577191
13,4044.4,3,-0.1,0.0525772,207.5,39.8,0.85570236
16,4044.3,3,-0.1,0.0647088,207.5,39.8,0.85570236
12,4044.5,-4,0.2,0.048534,207.5,39.8,0.85570236
8,4044.6,-4,0.1,0.0323568,207.5,39.8,0.85570236
15,4044.5,7,-0.1,0.0606675,207.5,39.8,0.85570236
13,4044.5,-2,0,0.0525785,207.5,39.8,0.85570236
9,4044.7,-4,0.2,0.0364023,207.5,39.7,0.85570236
12,4044.6,3,-0.1,0.0485352,207.5,39.7,0.85570236
16,4044.5,4,-0.1,0.064712,207.5,39.8,0.85570236
13,4044.6,-3,0.1,0.0525798,207.5,39.7,0.85570236
16,4044.5,3,-0.1,0.064712,207.5,39.8,0.85570236
6,4044.8,-10,0.3,0.0242688,207.5,39.8,0.85570236
17,4044.5,11,-0.3,0.0687565,207.5,39.8,0.85570236
15,4044.6,-2,0.1,0.060669,207.5,39.8,0.85570236
11,4044.7,-4,0.1,0.0444917,207.5,39.8,0.85570236
13,4044.7,2,0,0.0525811,207.5,39.8,0.85570236
11,4044.7,-2,0,0.0444917,207.5,39.8,0.85570236
8,4044.9,-3,0.2,0.0323592,207.5,39.8,0.85570236
12,4044.8,4,-0.1,0.0485376,207.5,39.8,0.85570236
14,4044.7,2,-0.1,0.0566258,207.5,39.8,0.85570236
11,4044.9,-3,0.2,0.0444939,207.5,39.8,0.85570236
12,4044.8,1,-0.1,0.0485376,207.5,39.8,0.85570236
10,4044.9,-2,0.1,0.040449,207.5,39.8,0.85570236
12,4044.9,2,0,0.0485388,207.5,39.8,0.85570236
21,4044.6,9,-0.3,0.0849366,207.5,39.8,0.85570236
12,4044.9,-9,0.3,0.0485388,207.5,39.8,0.85570236
15,4044.8,3,-0.1,0.060672,207.5,39.8,0.85570236
14,4044.9,-1,0.1,0.0566286,207.5,39.8,0.85570236
14,4044.9,0,0,0.0566286,207.6,39.8,0.85563282
9,4045,-5,0.1,0.036405,207.6,39.8,0.85563282
14,4044.9,5,-0.1,0.0566286,207.6,39.8,0.85563282
447,4031.6,433,-13.3,1.8021252,207.7,39.8,0.85556328
876.1,4017.7,429.1,-13.9,3.519907,207.9,39.8,0.8554242
873.2,4016.6,-2.9,-1.1,3.5072951,208.2,39.8,0.85521558
910.2,4014.5,37,-2.1,3.6539979,208.4,39.7,0.8550765
952.1,4012.4,41.9,-2.1,3.820206,208.7,39.7,0.85486787
951.2,4011.6,-0.9,-0.8,3.8158339,208.9,39.7,0.85472879
953.1,4010.8,1.9,-0.8,3.8226935,209.2,39.7,0.85452017
952.2,4010.2,-0.9,-0.6,3.8185124,209.5,39.7,0.85431154
687.2,4017.7,-265,7.5,2.7609634,209.7,39.7,0.85417246
682.1,4017.6,-5.1,-0.1,2.740405,209.9,39.7,0.85403338
695.1,4017,13,-0.6,2.7922167,210.1,39.7,0.8538943
392.1,4026,-303,9,1.5785946,210.2,39.7,0.85382476
392.1,4026.2,0,0.2,1.578673,210.3,39.7,0.85375522
391.1,4026.3,-1,0.1,1.5746859,210.4,39.7,0.85368567
396.1,4026.2,5,-0.1,1.5947778,210.5,39.7,0.85361613
392.1,4026.3,-4,0.1,1.5787122,210.6,39.7,0.85354659
394.1,4026.2,2,-0.1,1.5867254,210.7,39.7,0.85347705
395.1,4026.2,1,0,1.5907516,210.8,39.7,0.85340751
392.2,4026.2,-2.9,0,1.5790756,210.9,39.7,0.85333797
1161.1,4002.4,768.9,-23.8,4.6471866,211.2,39.7,0.85312935
1158.2,4001.2,-2.9,-1.2,4.6341898,211.6,39.7,0.85285118
1157.1,4000.3,-1.1,-0.9,4.6287471,211.9,39.7,0.85264256
1154.2,3999.6,-2.9,-0.7,4.6163383,212.2,39.7,0.85243394
1162.1,3998.6,7.9,-1,4.6467731,212.5,39.7,0.85222531
1159.2,3998.1,-2.9,-0.5,4.6345975,212.9,39.7,0.85194715
92,4030.4,-1067.2,32.3,0.3707968,212.9,39.7,0.85194715
87,4031.6,-5,1.2,0.3507492,212.9,39.7,0.85194715
84,4032.4,-3,0.8,0.3387216,212.9,39.7,0.85194715
93,4032.7,9,0.3,0.3750411,213,39.7,0.85187761
96,4033,3,0.3,0.387168,213,39.7,0.85187761
87,4033.6,-9,0.6,0.3509232,213,39.7,0.85187761
93,4033.8,6,0.2,0.3751434,213,39.7,0.85187761
95,4034,2,0.2,0.38323,213.1,39.7,0.85180807
91,4034.4,-4,0.4,0.3671304,213.1,39.7,0.85180807
2135,3971.6,2044,-62.8,8.479366,213.7,39.7,0.85139082
2138,3968.6,3,-3,8.4848668,214.3,39.7,0.85097357
2140,3966.4,2,-2.2,8.488096,214.9,39.7,0.85055633
2136.1,3964.6,-3.9,-1.8,8.4687821,215.5,39.7,0.85013908
2133.1,3963.1,-3,-1.5,8.4536886,216.1,39.7,0.84972184
1299.2,3987.3,-833.9,24.2,5.1803002,216.4,39.7,0.84951321
455.3,4013.3,-843.9,26,1.8272555,216.5,39.7,0.84944367
453.1,4014.4,-2.2,1.1,1.8189246,216.7,39.7,0.84930459
457.1,4014.9,4,0.5,1.8352108,216.8,39.7,0.84923505
453.1,4015.5,-4,0.6,1.8194231,216.9,39.7,0.84916551
453.1,4015.8,0,0.3,1.819559,217,39.7,0.84909597
457.1,4016,4,0.2,1.8357136,217.2,39.7,0.84895688
460.1,4016.1,3,0.1,1.8478076,217.3,39.7,0.84888734
462.1,4016.3,2,0.2,1.8559322,217.4,39.7,0.8488178
176.2,4025.3,-285.9,9,0.70925786,217.5,39.7,0.84874826
-102,4034.6,-278.2,9.3,-0.4115292,217.4,39.7,0.8488178
-104.1,4035.6,-2.1,1,-0.42010596,217.4,39.7,0.8488178
-99,4036.2,5.1,0.6,-0.3995838,217.4,39.7,0.8488178
-637.1,4053.4,-538.1,17.2,-2.5824211,217.2,39.7,0.84895688
-640.1,4054.9,-3,1.5,-2.5955415,217,39.7,0.84909597
-642.1,4056.2,-2,1.3,-2.604486,216.9,39.7,0.84916551
-639,4057.1,3.1,0.9,-2.5924869,216.7,39.7,0.84930459
-639,4058,0,0.9,-2.593062,216.5,39.7,0.84944367
-695,4060.6,-56,2.6,-2.822117,216.3,39.7,0.84958275
-745,4063,-50,2.4,-3.026935,216.1,39.7,0.84972184
-750.9,4064.1,-5.9,1.1,-3.0517327,215.9,39.7,0.84986092
-743,4064.7,7.9,0.6,-3.0200721,215.7,39.7,0.85
-745,4065.5,-2,0.8,-3.0287975,215.5,39.7,0.85013908
-747.9,4066.3,-2.9,0.8,-3.0411858,215.3,39.7,0.85027816
-751,4067.1,-3.1,0.8,-3.0543921,215.1,39.7,0.85041725
-742,4067.5,9,0.4,-3.018085,214.9,39.7,0.85055633
-743,4068.2,-1,0.7,-3.0226726,214.7,39.7,0.85069541
1055,4013.3,1798,-54.9,4.2340315,214.9,39.7,0.85055633
1050.1,4011.2,-4.9,-2.1,4.2121611,215.2,39.7,0.85034771
1051.1,4009.7,1,-1.5,4.2145957,215.5,39.7,0.85013908
1055.1,4008.3,4,-1.4,4.2291573,215.8,39.7,0.84993046
1052.1,4007.3,-3,-1,4.2160803,216.1,39.7,0.84972184
1046.2,4006.6,-5.9,-0.7,4.1917049,216.4,39.7,0.84951321
1048.1,4005.6,1.9,-1,4.1982694,216.7,39.7,0.84930459
-246.9,4044.9,-1295,39.3,-0.99868581,216.6,39.7,0.84937413
-244,4046.1,2.9,1.2,-0.9872484,216.6,39.8,0.84937413
-243,4046.9,1,0.8,-0.9833967,216.5,39.8,0.84944367
-253,4047.8,-10,0.9,-1.0240934,216.4,39.8,0.84951321
-249.1,4048.3,3.9,0.5,-1.0084315,216.4,39.8,0.84951321
-104.1,4044.3,145,-4,-0.42101163,216.3,39.8,0.84958275
25,4040.4,129.1,-3.9,0.10101,216.3,39.8,0.84958275
32,4040.1,7,-0.3,0.1292832,216.3,39.8,0.84958275
26,4040.4,-6,0.3,0.1050504,216.3,39.8,0.84958275
32,4040.3,6,-0.1,0.1292896,216.4,39.8,0.84951321
31,4040.4,-1,0.1,0.1252524,216.4,39.8,0.84951321
35,4040.4,4,0,0.141414,216.4,39.8,0.84951321
32,4040.5,-3,0.1,0.129296,216.4,39.8,0.84951321
30,4040.7,-2,0.2,0.121221,216.4,39.8,0.84951321
35,4040.6,5,-0.1,0.141421,216.4,39.8,0.84951321
37,4040.6,2,0,0.1495022,216.4,39.8,0.84951321
32,4040.8,-5,0.2,0.1293056,216.4,39.8,0.84951321
28,4041,-4,0.2,0.113148,216.4,39.8,0.84951321
35,4040.8,7,-0.2,0.141428,216.4,39.8,0.84951321
36,4040.9,1,0.1,0.1454724,216.4,39.8,0.84951321
33,4041,-3,0.1,0.133353,216.5,39.8,0.84944367
38,4040.9,5,-0.1,0.1535542,216.5,39.8,0.84944367
31,4041.2,-7,0.3,0.1252772,216.5,39.7,0.84944367
29,4041.3,-2,0.1,0.1171977,216.5,39.8,0.84944367
31,4041.3,2,0,0.1252803,216.5,39.7,0.84944367
31,4041.4,0,0.1,0.1252834,216.5,39.7,0.84944367
32,4041.4,1,0,0.1293248,216.5,39.8,0.84944367
35,4041.4,3,0,0.141449,216.5,39.8,0.84944367
33,4041.5,-2,0.1,0.1333695,216.5,39.8,0.84944367
30,4041.6,-3,0.1,0.121248,216.5,39.7,0.84944367
29,4041.7,-1,0.1,0.1172093,216.5,39.7,0.84944367
33,4041.6,4,-0.1,0.1333728,216.6,39.7,0.84937413
35,4041.6,2,0,0.141456,216.6,39.7,0.84937413
28,4041.8,-7,0.2,0.1131704,216.6,39.7,0.84937413
30,4041.8,2,0,0.121254,216.6,39.7,0.84937413
34,4041.8,4,0,0.1374212,216.6,39.7,0.84937413
31,4041.9,-3,0.1,0.1252989,216.6,39.7,0.84937413
30,4041.9,-1,0,0.121257,216.6,39.7,0.84937413
32,4041.9,2,0,0.1293408,216.6,39.7,0.84937413
36,4041.8,4,-0.1,0.1455048,216.6,39.7,0.84937413
29,4042.1,-7,0.3,0.1172209,216.6,39.7,0.84937413
30,4042.1,1,0,0.121263,216.6,39.7,0.84937413
29,4042.2,-1,0.1,0.1172238,216.6,39.7,0.84937413
37,4041.9,8,-0.3,0.1495503,216.7,39.7,0.84930459
33,4042.1,-4,0.2,0.1333893,216.7,39.7,0.84930459
35,4042.1,2,0,0.1414735,216.7,39.7,0.84930459
31,4042.2,-4,0.1,0.1253082,216.7,39.7,0.84930459
34,4042.1,3,-0.1,0.1374314,216.7,39.7,0.84930459
29,4042.3,-5,0.2,0.1172267,216.7,39.7,0.84930459
34,4042.2,5,-0.1,0.1374348,216.7,39.7,0.84930459
33,4042.3,-1,0.1,0.1333959,216.7,39.7,0.84930459
35,4042.2,2,-0.1,0.141477,216.7,39.7,0.84930459
31,4042.4,-4,0.2,0.1253144,216.7,39.7,0.84930459
33,4042.3,2,-0.1,0.1333959,216.8,39.7,0.84923505
28,4042.5,-5,0.2,0.11319,216.8,39.7,0.84923505
32,4042.4,4,-0.1,0.1293568,216.8,39.7,0.84923505
33,4042.4,1,0,0.1333992,216.8,39.7,0.84923505
36,4042.4,3,0,0.1455264,216.8,39.7,0.84923505
30,4042.6,-6,0.2,0.121278,216.8,39.7,0.84923505
31,4042.6,1,0,0.1253206,216.8,39.7,0.84923505
31,4042.6,0,0,0.1253206,216.8,39.7,0.84923505
42,4042.3,11,-0.3,0.1697766,216.8,39.7,0.84923505
34,4042.5,-8,0.2,0.137445,216.8,39.7,0.84923505
37,4042.4,3,-0.1,0.1495688,216.8,39.7,0.84923505
37,4042.5,0,0.1,0.1495725,216.9,39.7,0.84916551
34,4042.6,-3,0.1,0.1374484,216.9,39.7,0.84916551
32,4042.7,-2,0.1,0.1293664,216.9,39.7,0.84916551
30,4042.7,-2,0,0.121281,216.9,39.7,0.84916551
31,4042.8,1,0.1,0.1253268,216.9,39.7,0.84916551
38,4042.5,7,-0.3,0.153615,216.9,39.7,0.84916551
36,4042.6,-2,0.1,0.1455336,216.9,39.7,0.84916551
31,4042.8,-5,0.2,0.1253268,216.9,39.7,0.84916551
31,4042.8,0,0,0.1253268,216.9,39.7,0.84916551
32,4042.8,1,0,0.1293696,216.9,39.7,0.84916551
31,4042.9,-1,0.1,0.1253299,216.9,39.7,0.84916551
35,4042.7,4,-0.2,0.1414945,217,39.7,0.84909597
32,4042.9,-3,0.2,0.1293728,217,39.7,0.84909597
34,4042.8,2,-0.1,0.1374552,217,39.7,0.84909597
25,4043.1,-9,0.3,0.1010775,217,39.7,0.84909597
39,4042.7,14,-0.4,0.1576653,217,39.7,0.84909597
33,4042.9,-6,0.2,0.1334157,217,39.7,0.84909597
29,4043,-4,0.1,0.117247,217,39.7,0.84909597
32,4043,3,0,0.129376,217,39.7,0.84909597
34,4042.9,2,-0.1,0.1374586,217,39.7,0.84909597
30,4043.1,-4,0.2,0.121293,217,39.7,0.84909597
31,4043,1,-0.1,0.125333,217,39.7,0.84909597
34,4042.9,3,-0.1,0.1374586,217.1,39.7,0.84902643
31,4043,-3,0.1,0.125333,217.1,39.7,0.84902643
32,4043,1,0,0.129376,217.1,39.7,0.84902643
33,4043,1,0,0.133419,217.1,39.7,0.84902643
32,4043.1,-1,0.1,0.1293792,217.1,39.7,0.84902643
35,4043,3,-0.1,0.141505,217.1,39.7,0.84902643
29,4043.2,-6,0.2,0.1172528,217.1,39.7,0.84902643
28,4043.2,-1,0,0.1132096,217.1,39.7,0.84902643
30,4043.1,2,-0.1,0.121293,217.1,39.7,0.84902643
34,4043.1,4,0,0.1374654,217.1,39.7,0.84902643
30,4043.2,-4,0.1,0.121296,217.1,39.7,0.84902643
28,4043.3,-2,0.1,0.1132124,217.1,39.7,0.84902643
28,4043.3,0,0,0.1132124,217.2,39.7,0.84895688
29,4043.3,1,0,0.1172557,217.2,39.7,0.84895688
30,4043.2,1,-0.1,0.121296,217.2,39.7,0.84895688
30,4043.3,0,0.1,0.121299,217.2,39.7,0.84895688
36,4043.1,6,-0.2,0.1455516,217.2,39.7,0.84895688
30,4043.3,-6,0.2,0.121299,217.2,39.7,0.84895688
40,4043,10,-0.3,0.16172,217.2,39.7,0.84895688
33,4043.2,-7,0.2,0.1334256,217.2,39.7,0.84895688
32,4043.3,-1,0.1,0.1293856,217.2,39.7,0.84895688
30,4043.3,-2,0,0.121299,217.2,39.7,0.84895688
30,4043.3,0,0,0.121299,217.2,39.7,0.84895688
33,4043.3,3,0,0.1334289,217.3,39.7,0.84888734
31,4043.3,-2,0,0.1253423,217.3,39.7,0.84888734
31,4043.4,0,0.1,0.1253454,217.3,39.7,0.84888734
31,4043.4,0,0,0.1253454,217.3,39.7,0.84888734
34,4043.3,3,-0.1,0.1374722,217.3,39.7,0.84888734
32,4043.3,-2,0,0.1293856,217.3,39.7,0.84888734
27,4043.5,-5,0.2,0.1091745,217.3,39.7,0.84888734
31,4043.4,4,-0.1,0.1253454,217.3,39.7,0.84888734
30,4043.5,-1,0.1,0.121305,217.3,39.7,0.84888734
28,4043.5,-2,0,0.113218,217.3,39.7,0.84888734
28,4043.5,0,0,0.113218,217.3,39.7,0.84888734
30,4043.5,2,0,0.121305,217.3,39.7,0.84888734
32,4043.4,2,-0.1,0.1293888,217.4,39.7,0.8488178
33,4043.4,1,0,0.1334322,217.4,39.7,0.8488178
28,4043.6,-5,0.2,0.1132208,217.4,39.7,0.8488178
30,4043.5,2,-0.1,0.121305,217.4,39.7,0.8488178
34,4043.4,4,-0.1,0.1374756,217.4,39.7,0.8488178
32,4043.5,-2,0.1,0.129392,217.4,39.7,0.8488178
37,4043.3,5,-0.2,0.1496021,217.4,39.7,0.8488178
28,4043.6,-9,0.3,0.1132208,217.4,39.7,0.8488178
35,4043.4,7,-0.2,0.141519,217.4,39.7,0.8488178
35,4043.4,0,0,0.141519,217.4,39.7,0.8488178
28,4043.6,-7,0.2,0.1132208,217.4,39.7,0.8488178
32,4043.5,4,-0.1,0.129392,217.5,39.7,0.84874826
34,4043.4,2,-0.1,0.1374756,217.5,39.7,0.84874826
30,4043.6,-4,0.2,0.121308,217.5,39.7,0.84874826
538,4027.9,508,-15.7,2.1670102,217.6,39.7,0.84867872
541.1,4027,3.1,-0.9,2.1790097,217.8,39.7,0.84853964
539.1,4026.5,-2,-0.5,2.1706862,217.9,39.7,0.8484701
538.1,4026.1,-1,-0.4,2.1664444,218.1,39.7,0.84833102
-15,4042.8,-553.1,16.7,-0.060642,218.1,39.7,0.84833102
-20,4043.4,-5,0.6,-0.080868,218.1,39.7,0.84833102
-11,4043.4,9,0,-0.0444774,218.1,39.7,0.84833102
275.1,4034.7,286.1,-8.7,1.109946,218.1,39.7,0.84833102
270.1,4034.5,-5,-0.2,1.0897185,218.2,39.7,0.84826147
274,4034.2,3.9,-0.3,1.1053708,218.3,39.7,0.84819193
-395,4054.8,-669,20.6,-1.601646,218.2,39.7,0.84826147
-402,4055.9,-7,1.1,-1.6304718,218.1,39.7,0.84833102
-397.1,4056.5,4.9,0.6,-1.6108361,218,39.7,0.84840056
-395,4056.9,2.1,0.4,-1.6024755,217.8,39.7,0.84853964
-397,4057.4,-2,0.5,-1.6107878,217.7,39.7,0.84860918
-395.1,4057.8,1.9,0.4,-1.6032368,217.6,39.7,0.84867872
-400,4058.3,-4.9,0.5,-1.62332,217.5,39.7,0.84874826
-394.1,4058.6,5.9,0.3,-1.5994943,217.4,39.7,0.8488178
-168.2,4051.9,225.9,-6.7,-0.68152958,217.4,39.7,0.8488178
-173,4052,-4.8,0.1,-0.700996,217.3,39.7,0.84888734
-167,4051.8,6,-0.2,-0.6766506,217.3,39.7,0.84888734
-172,4052.1,-5,0.3,-0.6969612,217.2,39.7,0.84895688
-164,4051.9,8,-0.2,-0.6645116,217.2,39.7,0.84895688
-170.9,4052.2,-6.9,0.3,-0.69252098,217.1,39.7,0.84902643
882.1,4019.7,1053,-32.5,3.5457774,217.4,39.7,0.8488178
891.1,4017.9,9,-1.8,3.5803507,217.6,39.7,0.84867872
885.1,4016.9,-6,-1,3.5553582,217.9,39.7,0.8484701
885.1,4015.9,0,-1,3.5544731,218.1,39.7,0.84833102
889.1,4015,4,-0.9,3.5697365,218.4,39.7,0.84812239
888.1,4014.2,-1,-0.8,3.565011,218.6,39.7,0.84798331
2112,3975.8,1223.9,-38.4,8.3968896,219.2,39.7,0.84756606
2118,3973,6,-2.8,8.414814,219.8,39.7,0.84714882
2114,3971.1,-4,-1.9,8.3949054,220.4,39.7,0.84673157
2113.1,3969.3,-0.9,-1.8,8.3875278,220.9,39.7,0.84638387
2116,3967.6,2.9,-1.7,8.3954416,221.5,39.7,0.84596662
-263,4039.6,-2379,72,-1.0624148,221.5,39.7,0.84596662
-263,4041.8,0,2.2,-1.0629934,221.4,39.7,0.84603616
-261.1,4043.2,1.9,1.4,-1.0556795,221.3,39.7,0.8461057
64,4034.1,325.1,-9.1,0.2581824,221.3,39.7,0.8461057
389.1,4024.4,325.1,-9.7,1.565894,221.4,39.7,0.84603616
388.1,4024.4,-1,0,1.5618696,221.6,39.7,0.84589708
390.2,4024.3,2.1,-0.1,1.5702819,221.7,39.7,0.84582754
-137,4040.6,-527.2,16.3,-0.5535622,221.6,39.7,0.84589708
-125.2,4041.1,11.8,0.5,-0.50594572,221.6,39.7,0.84589708
-138.1,4042.1,-12.9,1,-0.55821401,221.5,39.7,0.84596662
-134,4042.5,4.1,0.4,-0.541695,221.5,39.7,0.84596662
-141,4043.2,-7,0.7,-0.5700912,221.5,39.7,0.84596662
-135.1,4043.4,5.9,0.2,-0.54626334,221.4,39.7,0.84603616
-133.1,4043.7,2,0.3,-0.53821647,221.4,39.7,0.84603616
-138,4044.3,-4.9,0.6,-0.5581134,221.4,39.7,0.84603616
2616.9,3959.6,2754.9,-84.7,10.361877,222.1,39.7,0.84554937
2619.1,3955.4,2.2,-4.2,10.359588,222.8,39.7,0.84506259
2621.1,3952.4,2,-3,10.359636,223.5,39.7,0.8445758
2620.1,3950,-1,-2.4,10.349395,224.3,39.7,0.84401947
2621.1,3947.8,1,-2.2,10.347579,225,39.7,0.84353268
2618.1,3946,-3,-1.8,10.331023,225.7,39.7,0.8430459
-278.1,4033.5,-2896.2,87.5,-1.1217164,225.6,39.7,0.84311544
-284,4036.5,-5.9,3,-1.146366,225.6,39.7,0.84311544
34,4028.4,318,-8.1,0.1369656,225.6,39.7,0.84311544
357.1,4019.3,323.1,-9.1,1.435292,225.7,39.7,0.8430459
356.1,4019.6,-1,0.3,1.4313796,225.8,39.7,0.84297636
357.1,4019.8,1,0.2,1.4354706,225.9,39.7,0.84290682
358.2,4020.1,1.1,0.3,1.4399998,226,39.7,0.84283727
358.1,4020.3,-0.1,0.2,1.4396694,226.1,39.7,0.84276773
-437,4045.2,-795.1,24.9,-1.7677524,226,39.7,0.84283727
-436,4046.6,1,1.4,-1.7643176,225.8,39.7,0.84297636
-435,4047.7,1,1.1,-1.7607495,225.7,39.7,0.8430459
-437,4048.7,-2,1,-1.7692819,225.6,39.7,0.84311544
-438,4049.6,-1,0.9,-1.7737248,225.5,39.7,0.84318498
1009.1,4005.5,1447.1,-44.1,4.04195,225.7,39.7,0.8430459
1015.1,4003.9,6,-1.6,4.0643589,226,39.7,0.84283727
1009.1,4003,-6,-0.9,4.0394273,226.3,39.7,0.84262865
1012.1,4002,3,-1,4.0504242,226.6,39.7,0.84242003
1008.4,4001.5,-3.7,-0.5,4.0351126,226.9,39.7,0.8422114
1014.1,4000.6,5.7,-0.9,4.0570085,227.2,39.7,0.84200278
1013.1,4000.1,-1,-0.5,4.0525013,227.4,39.7,0.8418637
1011.1,3999.7,-2,-0.4,4.0440967,227.7,39.7,0.84165508
-90,4033.3,-1101.1,33.6,-0.362997,227.7,39.7,0.84165508
-91,4034.7,-1,1.4,-0.3671577,227.7,39.7,0.84165508
-97,4035.7,-6,1,-0.3914629,227.6,39.7,0.84172462
-98,4036.5,-1,0.8,-0.395577,227.6,39.7,0.84172462
-95,4037.1,3,0.6,-0.3835245,227.6,39.7,0.84172462
-92,4037.5,3,0.4,-0.37145,227.6,39.7,0.84172462
-96,4038.1,-4,0.6,-0.3876576,227.5,39.7,0.84179416
79,4033,175,-5.1,0.318607,227.6,39.7,0.84172462
87,4032.9,8,-0.1,0.3508623,227.6,39.7,0.84172462
84,4033.2,-3,0.3,0.3387888,227.6,39.7,0.84172462
662.1,4015.5,578.1,-17.7,2.6586626,227.8,39.7,0.84158554
1237.1,3997.1,575,-18.4,4.9448124,228.1,39.7,0.84137691
1231.1,3995.9,-6,-1.2,4.9193525,228.5,39.7,0.84109875
1231.1,3994.7,0,-1.2,4.9178752,228.8,39.7,0.84089013
1226.1,3994,-5,-0.7,4.8970434,229.2,39.7,0.84061196
1236.1,3992.9,10,-1.1,4.9356237,229.5,39.7,0.84040334
1238.1,3992,2,-0.9,4.9424952,229.8,39.7,0.84019471
1233.1,3991.5,-5,-0.5,4.9219187,230.2,39.7,0.83991655
-1146,4064.5,-2379.1,73,-4.657917,229.9,39.7,0.84012517
-1146,4067.6,0,3.1,-4.6614696,229.5,39.7,0.84040334
-1145,4069.9,1,2.3,-4.6600355,229.2,39.7,0.84061196
-1149,4071.8,-4,1.9,-4.6784982,228.9,39.7,0.84082058
-1142,4073.2,7,1.4,-4.6515944,228.6,39.7,0.84102921
-1140,4074.6,2,1.4,-4.645044,228.3,39.7,0.84123783
1796.9,3985.2,2936.9,-89.4,7.1610059,228.8,39.7,0.84089013
1792.2,3981.9,-4.7,-3.3,7.1363612,229.3,39.7,0.84054242
1796,3979.5,3.8,-2.4,7.147182,229.8,39.7,0.84019471
1790.1,3977.8,-5.9,-1.7,7.1206598,230.3,39.7,0.83984701
1789.1,3976.2,-1,-1.6,7.1138194,230.8,39.7,0.8394993
1794,3974.6,4.9,-1.6,7.1304324,231.3,39.7,0.8391516
1791.1,3973.4,-2.9,-1.2,7.1167567,231.8,39.7,0.83880389
1493.1,3981.4,-298,8,5.9446283,232.2,39.7,0.83852573
1204.1,3989.7,-289,8.3,4.8039978,232.5,39.7,0.83831711
1200.1,3989.6,-4,-0.1,4.787919,232.8,39.7,0.83810848
1202.2,3989.1,2.1,-0.5,4.795696,233.2,39.7,0.83783032
2186,3958.6,983.8,-30.5,8.6534996,233.8,39.7,0.83741307
2195,3956.4,9,-2.2,8.684298,234.4,39.7,0.83699583
2191,3955,-4,-1.4,8.665405,235,39.7,0.83657858
2190.1,3953.8,-0.9,-1.2,8.6592174,235.6,39.7,0.83616134
2195.1,3952.4,5,-1.4,8.6759132,236.2,39.7,0.83574409
2187.1,3951.6,-8,-0.8,8.6425444,236.8,39.7,0.83532684
2192.1,3950.3,5,-1.3,8.6594526,237.4,39.7,0.8349096
2192.1,3949.4,0,-0.9,8.6574797,238,39.7,0.83449235
2191.1,3948.5,-1,-0.9,8.6515584,238.7,39.7,0.83400556
2193.1,3947.5,2,-1,8.6572622,239.3,39.7,0.83358832
372.2,4002.6,-1820.9,55.1,1.4897677,239.4,39.7,0.83351878
366.1,4004.7,-6.1,2.1,1.4661207,239.5,39.8,0.83344924
367.1,4006,1,1.3,1.4706026,239.6,39.8,0.83337969
365.2,4007.1,-1.9,1.1,1.4633929,239.7,39.8,0.83331015
882.1,3992,516.9,-15.1,3.5213432,239.9,39.8,0.83317107
1386,3976.4,503.9,-15.6,5.5112904,240.3,39.8,0.83289291
1389.1,3975.5,3.1,-0.9,5.522367,240.7,39.8,0.83261474
1383.1,3975.2,-6,-0.3,5.4980991,241.1,39.8,0.83233658
1386,3974.6,2.9,-0.6,5.5087956,241.5,39.8,0.83205841
1389.1,3974.2,3.1,-0.4,5.5205612,241.8,39.8,0.83184979
1385.1,3974,-4,-0.2,5.5043874,242.2,39.8,0.83157163
1387.2,3973.5,2.1,-0.5,5.5120392,242.6,39.8,0.83129346
1391.1,3973.1,3.9,-0.4,5.5269794,243,39.8,0.8310153
214.1,4009.1,-1177,36,0.85834831,243.1,39.8,0.83094576
214.1,4010.7,0,1.6,0.85869087,243.1,39.8,0.83094576
896.1,3990.7,682,-20,3.5760663,243.4,39.8,0.83073713
1578,3969.5,681.9,-21.2,6.263871,243.8,39.8,0.83045897
1583.1,3968.3,5.1,-1.2,6.2822157,244.2,39.8,0.83018081
798.1,3991.8,-785,23.5,3.1858556,244.5,39.8,0.82997218
15,4016.5,-783.1,24.7,0.0602475,244.5,39.8,0.82997218
16,4018.1,1,1.6,0.0642896,244.5,39.8,0.82997218
15,4019.3,-1,1.2,0.0602895,244.5,39.8,0.82997218
14,4020.3,-1,1,0.0562842,244.5,39.8,0.82997218
2506.9,3944.5,2492.9,-75.8,9.888467,245.2,39.8,0.8294854
2502.1,3941.5,-4.8,-3,9.8620271,245.9,39.8,0.82899861
2507.1,3939.3,5,-2.2,9.876219,246.6,39.8,0.82851182
2505.1,3937.5,-2,-1.8,9.8638313,247.3,39.8,0.82802503
2508.1,3936,3,-1.5,9.8718816,248,39.8,0.82753825
2505,3934.7,-3.1,-1.3,9.8564235,248.7,39.8,0.82705146
902.2,3982.7,-1602.8,48,3.5931919,248.9,39.8,0.82691238
894.3,3984.3,-7.9,1.6,3.5631595,249.2,39.8,0.82670376
900,3984.8,5.7,0.5,3.58632,249.4,39.8,0.82656467
901.1,3985.2,1.1,0.4,3.5910637,249.7,39.8,0.82635605
1494,3967.4,592.9,-17.8,5.9272956,250.1,39.8,0.82607789
1494.1,3966.8,0.1,-0.6,5.9267959,250.5,39.8,0.82579972
1495.1,3966.4,1,-0.4,5.9301646,250.9,39.8,0.82552156
1498.1,3965.9,3,-0.5,5.9413148,251.3,39.8,0.82524339
828.2,3986.2,-669.9,20.3,3.3013708,251.6,39.8,0.82503477
159.3,4007.5,-668.9,21.3,0.63839475,251.6,39.8,0.82503477
162.1,4008.9,2.8,1.4,0.64984269,251.6,39.8,0.82503477
154,4010.4,-8.1,1.5,0.6176016,251.7,39.8,0.82496523
158.1,4011.3,4.1,0.9,0.63418653,251.7,39.8,0.82496523
157,4012.3,-1.1,1,0.6299311,251.8,39.8,0.82489569
450,4004,293,-8.3,1.8018,251.9,39.8,0.82482615
748.1,3995.2,298.1,-8.8,2.9888091,252.1,39.8,0.82468707
744.1,3995.2,-4,0,2.9728283,252.3,39.8,0.82454798
745.1,3995.1,1,-0.1,2.976749,252.5,39.8,0.8244089
749.1,3995,4,-0.1,2.9926545,252.7,39.8,0.82426982
744.1,3995.3,-5,0.3,2.9729027,252.9,39.8,0.82413074
750.2,3995.2,6.1,-0.1,2.997199,253.1,39.8,0.82399166
747.1,3995.3,-3.1,0.1,2.9848886,253.3,39.8,0.82385257
747.1,3995.4,0,0.1,2.9849633,253.6,39.8,0.82364395
538.1,4001.9,-209,6.5,2.1534224,253.7,39.8,0.82357441
341.1,4008.4,-197,6.5,1.3672652,253.8,39.8,0.82350487
348.1,4008.8,7,0.4,1.3954633,253.9,39.8,0.82343533
342.1,4009.5,-6,0.7,1.37165,254,39.8,0.82336579
344.1,4009.9,2,0.4,1.3798066,254.1,39.8,0.82329624
340.1,4010.4,-4,0.5,1.363937,254.2,39.8,0.8232267
340,4010.8,-0.1,0.4,1.363672,254.3,39.8,0.82315716
344.1,4011,4.1,0.2,1.3801851,254.4,39.8,0.82308762
339.1,4011.6,-5,0.6,1.3603336,254.5,39.8,0.82301808
180.1,4016.8,-159,5.2,0.72342568,254.5,39.8,0.82301808
11,4022.6,-169.1,5.8,0.0442486,254.5,39.8,0.82301808
5,4023.5,-6,0.9,0.0201175,254.5,39.8,0.82301808
12,4023.9,7,0.4,0.0482868,254.5,39.8,0.82301808
2,4024.8,-10,0.9,0.0080496,254.5,39.8,0.82301808
7,4025.1,5,0.3,0.0281757,254.5,39.8,0.82301808
11,4025.5,4,0.4,0.0442805,254.5,39.8,0.82301808
6,4026.1,-5,0.6,0.0241566,254.5,39.8,0.82301808
7,4026.5,1,0.4,0.0281855,254.5,39.8,0.82301808
655.1,4007.1,648.1,-19.4,2.6250512,254.7,39.8,0.822879
660.1,4006.3,5,-0.8,2.6445586,254.9,39.8,0.82273992
652.1,4006.1,-8,-0.2,2.6123778,255.1,39.8,0.82260083
653.1,4005.9,1,-0.2,2.6162533,255.3,39.8,0.82246175
657.2,4005.5,4.1,-0.4,2.6324146,255.4,39.8,0.82239221
656.1,4005.3,-1.1,-0.2,2.6278773,255.6,39.8,0.82225313
1395,3982.4,738.9,-22.9,5.555448,256,39.8,0.82197497
1403,3980.9,8,-1.5,5.5852027,256.4,39.8,0.8216968
1396.1,3980,-6.9,-0.9,5.556478,256.8,39.8,0.82141864
1393,3979.3,-3.1,-0.7,5.5431649,257.2,39.8,0.82114047
1395.1,3978.5,2.1,-0.8,5.5504054,257.6,39.8,0.82086231
1399.1,3977.6,4,-0.9,5.5650602,258,39.8,0.82058414
1399.1,3977,0,-0.6,5.5642207,258.3,39.8,0.82037552
1396.1,3976.4,-3,-0.6,5.551452,258.7,39.8,0.82009736
1402.1,3975.6,6,-0.8,5.5741888,259.1,39.8,0.81981919
1809,3962.6,406.9,-13,7.1683434,259.6,39.8,0.81947149
2208,3949.2,399,-13.4,8.7198336,260.2,39.8,0.81905424
2216.1,3947.4,8.1,-1.8,8.7478331,260.9,39.8,0.81856745
942.2,3985.1,-1273.9,37.7,3.7547612,261.1,39.8,0.81842837
-318,4024.7,-1260.2,39.6,-1.2798546,261,39.8,0.81849791
-317.1,4027.1,0.9,2.4,-1.2769934,260.9,39.8,0.81856745
-315,4028.8,2.1,1.7,-1.269072,260.8,39.8,0.818637
-140.1,4024.8,174.9,-4,-0.56387448,260.8,39.8,0.818637
39,4020.1,179.1,-4.7,0.1567839,260.8,39.8,0.818637
37,4020.8,-2,0.7,0.1487696,260.8,39.8,0.818637
39,4021.4,2,0.6,0.1568346,260.8,39.8,0.818637
34,4022.1,-5,0.7,0.1367514,260.9,39.8,0.81856745
43,4022.4,9,0.3,0.1729632,260.9,39.8,0.81856745
38,4023.1,-5,0.7,0.1528778,260.9,39.8,0.81856745
482.1,4009.9,444.1,-13.2,1.9331728,261,39.8,0.81849791
917,3996.3,434.9,-13.6,3.6646071,261.3,39.8,0.81828929
924.1,3995.3,7.1,-1,3.6920567,261.5,39.8,0.81815021
922.1,3994.8,-2,-0.5,3.6836051,261.8,39.8,0.81794159
1820,3966.6,897.9,-28.2,7.219212,262.3,39.8,0.81759388
1820.1,3964.9,0.1,-1.7,7.2165145,262.8,39.8,0.81724618
1825.1,3963.4,5,-1.5,7.2336013,263.3,39.8,0.81689847
1817.1,3962.4,-8,-1,7.200077,263.8,39.8,0.81655076
1821,3961.2,3.9,-1.2,7.2133452,264.3,39.8,0.81620306
1823.1,3960.1,2.1,-1.1,7.2196583,264.8,39.8,0.81585535
1818.1,3959.3,-5,-0.8,7.1984033,265.3,39.8,0.81550765
1817.1,3958.5,-1,-0.8,7.1929903,265.8,39.8,0.81515994
1057.1,3981,-760,22.5,4.2083151,266.1,39.8,0.81495132
287.1,4005.1,-770,24.1,1.1498642,266.2,39.8,0.81488178
290.1,4006.5,3,1.4,1.1622857,266.3,39.8,0.81481224
289.1,4007.5,-1,1,1.1585683,266.4,39.8,0.8147427
285.1,4008.4,-4,0.9,1.1427948,266.4,39.8,0.8147427
286,4009.1,0.9,0.7,1.1466026,266.5,39.8,0.81467316
22,4017.8,-264,8.7,0.0883916,266.5,39.8,0.81467316
26,4018.7,4,0.9,0.1044862,266.5,39.8,0.81467316
23,4019.6,-3,0.9,0.0924508,266.5,39.8,0.81467316
22,4020.3,-1,0.7,0.0884466,266.5,39.8,0.81467316
20,4021.1,-2,0.8,0.080422,266.5,39.8,0.81467316
30,4021.4,10,0.3,0.120642,266.6,39.8,0.81460362
31,4021.9,1,0.5,0.1246789,266.6,39.8,0.81460362
24,4022.7,-7,0.8,0.0965448,266.6,39.8,0.81460362
-34,4025.1,-58,2.4,-0.1368534,266.6,39.8,0.81460362
-93,4027.5,-59,2.4,-0.3745575,266.5,39.8,0.81467316
-95,4028.2,-2,0.7,-0.382679,266.5,39.8,0.81467316
-96,4028.8,-1,0.6,-0.3867648,266.5,39.8,0.81467316
774,4002.4,870,-26.4,3.0978576,266.7,39.8,0.81453408
401.2,4013.1,-372.8,10.7,1.6100557,266.8,39.8,0.81446453
29,4024.6,-372.2,11.5,0.1167134,266.8,39.8,0.81446453
35,4025,6,0.4,0.140875,266.8,39.8,0.81446453
29,4025.6,-6,0.6,0.1167424,266.8,39.8,0.81446453
26,4026.2,-3,0.6,0.1046812,266.8,39.8,0.81446453
37,4026.2,11,0,0.1489694,266.8,39.8,0.81446453
36,4026.5,-1,0.3,0.144954,266.9,39.8,0.81439499
30,4027.1,-6,0.6,0.120813,266.9,39.8,0.81439499
29,4027.4,-1,0.3,0.1167946,266.9,39.8,0.81439499
32,4027.6,3,0.2,0.1288832,266.9,39.8,0.81439499
32,4027.9,0,0.3,0.1288928,266.9,39.8,0.81439499
31,4028.2,-1,0.3,0.1248742,266.9,39.8,0.81439499
31,4028.5,0,0.3,0.1248835,266.9,39.8,0.81439499
33,4028.6,2,0.1,0.1329438,266.9,39.8,0.81439499
31,4028.9,-2,0.3,0.1248959,266.9,39.8,0.81439499
34,4029.1,3,0.2,0.1369894,266.9,39.8,0.81439499
33,4029.3,-1,0.2,0.1329669,266.9,39.8,0.81439499
32,4029.6,-1,0.3,0.1289472,267,39.8,0.81432545
33,4029.8,1,0.2,0.1329834,267,39.8,0.81432545
28,4030.2,-5,0.4,0.1128456,267,39.8,0.81432545
29,4030.3,1,0.1,0.1168787,267,39.8,0.81432545
34,4030.3,5,0,0.1370302,267,39.8,0.81432545
32,4030.6,-2,0.3,0.1289792,267,39.8,0.81432545
31,4030.8,-1,0.2,0.1249548,267,39.8,0.81432545
34,4030.9,3,0.1,0.1370506,267,39.8,0.81432545
30,4031.2,-4,0.3,0.120936,267,39.8,0.81432545
29,4031.4,-1,0.2,0.1169106,267,39.8,0.81432545
36,4031.3,7,-0.1,0.1451268,267,39.8,0.81432545
35,4031.5,-1,0.2,0.1411025,267.1,39.8,0.81425591
36,4031.6,1,0.1,0.1451376,267.1,39.8,0.81425591
32,4031.9,-4,0.3,0.1290208,267.1,39.8,0.81425591
27,4032.2,-5,0.3,0.1088694,267.1,39.8,0.81425591
34,4032.1,7,-0.1,0.1370914,267.1,39.8,0.81425591
34,4032.2,0,0.1,0.1370948,267.1,39.8,0.81425591
32,4032.4,-2,0.2,0.1290368,267.1,39.8,0.81425591
29,4032.7,-3,0.3,0.1169483,267.1,39.8,0.81425591
32,4032.7,3,0,0.1290464,267.1,39.8,0.81425591
26,4033,-6,0.3,0.104858,267.1,39.8,0.81425591
30,4033,4,0,0.12099,267.1,39.8,0.81425591
34,4033,4,0,0.137122,267.1,39.8,0.81425591
27,4033.3,-7,0.3,0.1088991,267.2,39.8,0.81418637
33,4033.2,6,-0.1,0.1330956,267.2,39.8,0.81418637
37,4033.2,4,0,0.1492284,267.2,39.8,0.81418637
32,4033.4,-5,0.2,0.1290688,267.2,39.8,0.81418637
28,4033.6,-4,0.2,0.1129408,267.2,39.8,0.81418637
39,4033.4,11,-0.2,0.1573026,267.2,39.8,0.81418637
32,4033.7,-7,0.3,0.1290784,267.2,39.8,0.81418637
33,4033.8,1,0.1,0.1331154,267.2,39.8,0.81418637
34,4033.8,1,0,0.1371492,267.2,39.8,0.81418637
34,4033.9,0,0.1,0.1371526,267.2,39.8,0.81418637
32,4034,-2,0.1,0.129088,267.3,39.8,0.81411683
33,4034.1,1,0.1,0.1331253,267.3,39.8,0.81411683
36,4034.1,3,0,0.1452276,267.3,39.8,0.81411683
33,4034.2,-3,0.1,0.1331286,267.3,39.8,0.81411683
36,4034.2,3,0,0.1452312,267.3,39.8,0.81411683
34,4034.3,-2,0.1,0.1371662,267.3,39.8,0.81411683
30,4034.5,-4,0.2,0.121035,267.3,39.8,0.81411683
26,4034.7,-4,0.2,0.1049022,267.3,39.8,0.81411683
34,4034.6,8,-0.1,0.1371764,267.3,39.8,0.81411683
36,4034.6,2,0,0.1452456,267.3,39.8,0.81411683
28,4034.9,-8,0.3,0.1129772,267.3,39.8,0.81411683
37,4034.7,9,-0.2,0.1492839,267.4,39.8,0.81404729
30,4034.9,-7,0.2,0.121047,267.4,39.8,0.81404729
37,4034.8,7,-0.1,0.1492876,267.4,39.8,0.81404729
27,4035.2,-10,0.4,0.1089504,267.4,39.8,0.81404729
26,4035.3,-1,0.1,0.1049178,267.4,39.8,0.81404729
30,4035.2,4,-0.1,0.121056,267.4,39.8,0.81404729
30,4035.2,0,0,0.121056,267.4,39.8,0.81404729
35,4035.2,5,0,0.141232,267.4,39.8,0.81404729
28,4035.4,-7,0.2,0.1129912,267.4,39.8,0.81404729
34,4035.3,6,-0.1,0.1372002,267.4,39.8,0.81404729
34,4035.4,0,0.1,0.1372036,267.4,39.8,0.81404729
34,4035.4,0,0,0.1372036,267.4,39.8,0.81404729
28,4035.6,-6,0.2,0.1129968,267.5,39.8,0.81397775
40,4035.3,12,-0.3,0.161412,267.5,39.8,0.81397775
32,4035.6,-8,0.3,0.1291392,267.5,39.8,0.81397775
34,4035.6,2,0,0.1372104,267.5,39.8,0.81397775
29,4035.8,-5,0.2,0.1170382,267.5,39.8,0.81397775
32,4035.8,3,0,0.1291456,267.5,39.8,0.81397775
30,4035.8,-2,0,0.121074,267.5,39.8,0.81397775
30,4035.9,0,0.1,0.121077,267.5,39.8,0.81397775
32,4035.9,2,0,0.1291488,267.5,39.8,0.81397775
32,4035.9,0,0,0.1291488,267.5,39.8,0.81397775
38,4035.8,6,-0.1,0.1533604,267.5,39.8,0.81397775
38,4035.8,0,0,0.1533604,267.6,39.8,0.81390821
45,4035.6,7,-0.2,0.181602,267.6,39.8,0.81390821
39,4035.8,-6,0.2,0.1573962,267.6,39.8,0.81390821
43,4035.8,4,0,0.1735394,267.6,39.8,0.81390821
38,4035.9,-5,0.1,0.1533642,267.6,39.8,0.81390821
42,4035.8,4,-0.1,0.1695036,267.6,39.8,0.81390821
40,4035.9,-2,0.1,0.161436,267.6,39.8,0.81390821
37,4036.1,-3,0.2,0.1493357,267.6,39.8,0.81390821
38,4036,1,-0.1,0.153368,267.6,39.8,0.81390821
40,4036,2,0,0.16144,267.7,39.8,0.81383866
41,4036,1,0,0.165476,267.7,39.8,0.81383866
44,4035.9,3,-0.1,0.1775796,267.7,39.8,0.81383866
38,4036.2,-6,0.3,0.1533756,267.7,39.8,0.81383866
44,4036,6,-0.2,0.177584,267.7,39.8,0.81383866
42,4036.1,-2,0.1,0.1695162,267.7,39.8,0.81383866
42,4036.2,0,0.1,0.1695204,267.7,39.8,0.81383866
38,4036.3,-4,0.1,0.1533794,267.7,39.8,0.81383866
40,4036.3,2,0,0.161452,267.7,39.8,0.81383866
38,4036.3,-2,0,0.1533794,267.8,39.8,0.81376912
38,4036.4,0,0.1,0.1533832,267.8,39.8,0.81376912
41,4036.3,3,-0.1,0.1654883,267.8,39.8,0.81376912
33,4036.6,-8,0.3,0.1332078,267.8,39.8,0.81376912
42,4036.3,9,-0.3,0.1695246,267.8,39.8,0.81376912
36,4036.5,-6,0.2,0.145314,267.8,39.8,0.81376912
34,4036.6,-2,0.1,0.1372444,267.8,39.8,0.81376912
39,4036.5,5,-0.1,0.1574235,267.8,39.8,0.81376912
42,4036.4,3,-0.1,0.1695288,267.8,39.8,0.81376912
39,4036.5,-3,0.1,0.1574235,267.9,39.8,0.81369958
42,4036.5,3,0,0.169533,267.9,39.8,0.81369958
34,4036.7,-8,0.2,0.1372478,267.9,39.8,0.81369958
40,4036.6,6,-0.1,0.161464,267.9,39.8,0.81369958
41,4036.6,1,0,0.1655006,267.9,39.8,0.81369958
37,4036.7,-4,0.1,0.1493579,267.9,39.8,0.81369958
43,4036.5,6,-0.2,0.1735695,267.9,39.8,0.81369958
37,4036.7,-6,0.2,0.1493579,267.9,39.8,0.81369958
39,4036.7,2,0,0.1574313,267.9,39.8,0.81369958
36,4036.8,-3,0.1,0.1453248,268,39.8,0.81363004
45,4036.6,9,-0.2,0.181647,268,39.8,0.81363004
41,4036.7,-4,0.1,0.1655047,268,39.8,0.81363004
40,4036.8,-1,0.1,0.161472,268,39.8,0.81363004
36,4036.9,-4,0.1,0.1453284,268,39.8,0.81363004
39,4036.8,3,-0.1,0.1574352,268,39.8,0.81363004
44,4036.7,5,-0.1,0.1776148,268,39.8,0.81363004
39,4036.9,-5,0.2,0.1574391,268,39.8,0.81363004
39,4036.9,0,0,0.1574391,268,39.8,0.81363004
44,4036.8,5,-0.1,0.1776192,268.1,39.8,0.8135605
44,4036.8,0,0,0.1776192,268.1,39.8,0.8135605
37,4037,-7,0.2,0.149369,268.1,39.8,0.8135605
36,4037,-1,0,0.145332,268.1,39.8,0.8135605
42,4036.9,6,-0.1,0.1695498,268.1,39.8,0.8135605
39,4037,-3,0.1,0.157443,268.1,39.8,0.8135605
37,4037.1,-2,0.1,0.1493727,268.1,39.8,0.8135605
39,4037,2,-0.1,0.157443,268.1,39.8,0.8135605
39,4037.1,0,0.1,0.1574469,268.1,39.8,0.8135605
38,4037.1,-1,0,0.1534098,268.2,39.7,0.81349096
41,4037,3,-0.1,0.165517,268.2,39.7,0.81349096
42,4037,1,0,0.169554,268.2,39.7,0.81349096
39,4037.1,-3,0.1,0.1574469,268.2,39.7,0.81349096
39,4037.1,0,0,0.1574469,268.2,39.7,0.81349096
37,4037.2,-2,0.1,0.1493764,268.2,39.7,0.81349096
44,4037.1,7,-0.1,0.1776324,268.2,39.7,0.81349096
37,4037.2,-7,0.1,0.1493764,268.2,39.7,0.81349096
38,4037.2,1,0,0.1534136,268.2,39.7,0.81349096
40,4037.2,2,0,0.161488,268.3,39.7,0.81342142
40,4037.2,0,0,0.161488,268.3,39.7,0.81342142
45,4037.1,5,-0.1,0.1816695,268.3,39.7,0.81342142
35,4037.4,-10,0.3,0.141309,268.3,39.7,0.81342142
41,4037.2,6,-0.2,0.1655252,268.3,39.7,0.81342142
43,4037.2,2,0,0.1735996,268.3,39.7,0.81342142
38,4037.3,-5,0.1,0.1534174,268.3,39.7,0.81342142
45,4037.2,7,-0.1,0.181674,268.3,39.7,0.81342142
37,4037.4,-8,0.2,0.1493838,268.3,39.7,0.81342142
39,4037.3,2,-0.1,0.1574547,268.4,39.7,0.81335188
43,4037.3,4,0,0.1736039,268.4,39.7,0.81335188
44,4037.2,1,-0.1,0.1776368,268.4,39.7,0.81335188
38,4037.4,-6,0.2,0.1534212,268.4,39.7,0.81335188
45,4037.2,7,-0.2,0.181674,268.4,39.7,0.81335188
43,4037.3,-2,0.1,0.1736039,268.4,39.7,0.81335188
38,4037.5,-5,0.2,0.153425,268.4,39.7,0.81335188
46,4037.2,8,-0.3,0.1857112,268.4,39.7,0.81335188
38,4037.5,-8,0.3,0.153425,268.4,39.7,0.81335188
36,4037.6,-2,0.1,0.1453536,268.5,39.7,0.81328234
35,4037.6,-1,0,0.141316,268.5,39.7,0.81328234
40,4037.5,5,-0.1,0.1615,268.5,39.7,0.81328234
43,4037.4,3,-0.1,0.1736082,268.5,39.7,0.81328234
39,4037.5,-4,0.1,0.1574625,268.5,39.7,0.81328234
39,4037.6,0,0.1,0.1574664,268.5,39.7,0.81328234
36,4037.7,-3,0.1,0.1453572,268.5,39.7,0.81328234
39,4037.6,3,-0.1,0.1574664,268.5,39.7,0.81328234
30,4037.9,-9,0.3,0.121137,268.5,39.7,0.81328234
44,4037.5,14,-0.4,0.17765,268.6,39.7,0.8132128
41,4037.6,-3,0.1,0.1655416,268.6,39.7,0.8132128
34,4037.8,-7,0.2,0.1372852,268.6,39.7,0.8132128
38,4037.7,4,-0.1,0.1534326,268.6,39.7,0.8132128
41,4037.6,3,-0.1,0.1655416,268.6,39.7,0.8132128
36,4037.8,-5,0.2,0.1453608,268.6,39.7,0.8132128
40,4037.6,4,-0.2,0.161504,268.6,39.7,0.8132128
33,4037.9,-7,0.3,0.1332507,268.6,39.7,0.8132128
40,4037.7,7,-0.2,0.161508,268.6,39.7,0.8132128
37,4037.8,-3,0.1,0.1493986,268.6,39.7,0.8132128
41,4037.7,4,-0.1,0.1655457,268.7,39.7,0.81314325
38,4037.7,-3,0,0.1534326,268.7,39.7,0.81314325
40,4037.7,2,0,0.161508,268.7,39.7,0.81314325
39,4037.7,-1,0,0.1574703,268.7,39.7,0.81314325
43,4037.6,4,-0.1,0.1736168,268.7,39.7,0.81314325
42,4037.7,-1,0.1,0.1695834,268.7,39.7,0.81314325
40,4037.8,-2,0.1,0.161512,268.7,39.7,0.81314325
35,4037.9,-5,0.1,0.1413265,268.7,39.7,0.81314325
39,4037.8,4,-0.1,0.1574742,268.7,39.7,0.81314325
38,4037.9,-1,0.1,0.1534402,268.8,39.7,0.81307371
41,4037.8,3,-0.1,0.1655498,268.8,39.7,0.81307371
39,4037.8,-2,0,0.1574742,268.8,39.7,0.81307371
44,4037.7,5,-0.1,0.1776588,268.8,39.7,0.81307371
38,4037.9,-6,0.2,0.1534402,268.8,39.7,0.81307371
42,4037.8,4,-0.1,0.1695876,268.8,39.7,0.81307371
36,4038,-6,0.2,0.145368,268.8,39.7,0.81307371
44,4037.8,8,-0.2,0.1776632,268.8,39.7,0.81307371
43,4037.8,-1,0,0.1736254,268.8,39.7,0.81307371
42,4037.8,-1,0,0.1695876,268.9,39.7,0.81300417
44,4037.7,2,-0.1,0.1776588,268.9,39.7,0.81300417
43,4037.8,-1,0.1,0.1736254,268.9,39.7,0.81300417
35,4038.1,-8,0.3,0.1413335,268.9,39.7,0.81300417
38,4038,3,-0.1,0.153444,268.9,39.7,0.81300417
34,4038.1,-4,0.1,0.1372954,268.9,39.7,0.81300417
36,4038.1,2,0,0.1453716,268.9,39.7,0.81300417
33,4038.2,-3,0.1,0.1332606,268.9,39.7,0.81300417
29,4038.3,-4,0.1,0.1171107,268.9,39.7,0.81300417
36,4038.1,7,-0.2,0.1453716,268.9,39.7,0.81300417
33,4038.2,-3,0.1,0.1332606,269,39.7,0.81293463
36,4038.1,3,-0.1,0.1453716,269,39.7,0.81293463
37,4038.1,1,0,0.1494097,269,39.7,0.81293463
40,4038,3,-0.1,0.16152,269,39.7,0.81293463
33,4038.2,-7,0.2,0.1332606,269,39.7,0.81293463
31,4038.3,-2,0.1,0.1251873,269,39.7,0.81293463
32,4038.3,1,0,0.1292256,269,39.7,0.81293463
34,4038.3,2,0,0.1373022,269,39.7,0.81293463
30,4038.4,-4,0.1,0.121152,269,39.7,0.81293463
38,4038.2,8,-0.2,0.1534516,269,39.7,0.81293463
34,4038.3,-4,0.1,0.1373022,269.1,39.7,0.81286509
32,4038.4,-2,0.1,0.1292288,269.1,39.7,0.81286509
30,4038.5,-2,0.1,0.121155,269.1,39.7,0.81286509
31,4038.4,1,-0.1,0.1251904,269.1,39.7,0.81286509
39,4038.2,8,-0.2,0.1574898,269.1,39.7,0.81286509
32,4038.4,-7,0.2,0.1292288,269.1,39.7,0.81286509
30,4038.5,-2,0.1,0.121155,269.1,39.7,0.81286509
35,4038.4,5,-0.1,0.141344,269.1,39.7,0.81286509
34,4038.4,-1,0,0.1373056,269.1,39.7,0.81286509
33,4038.4,-1,0,0.1332672,269.1,39.7,0.81286509
34,4038.4,1,0,0.1373056,269.1,39.7,0.81286509
29,4038.6,-5,0.2,0.1171194,269.2,39.7,0.81279555
34,4038.4,5,-0.2,0.1373056,269.2,39.7,0.81279555
32,4038.5,-2,0.1,0.129232,269.2,39.7,0.81279555
29,4038.6,-3,0.1,0.1171194,269.2,39.7,0.81279555
36,4038.4,7,-0.2,0.1453824,269.2,39.7,0.81279555
29,4038.6,-7,0.2,0.1171194,269.2,39.7,0.81279555
24,4038.8,-5,0.2,0.0969312,269.2,39.7,0.81279555
32,4038.6,8,-0.2,0.1292352,269.2,39.7,0.81279555
32,4038.6,0,0,0.1292352,269.2,39.7,0.81279555
30,4038.6,-2,0,0.121158,269.2,39.7,0.81279555
32,4038.6,2,0,0.1292352,269.2,39.7,0.81279555
32,4038.6,0,0,0.1292352,269.2,39.7,0.81279555
31,4038.6,-1,0,0.1251966,269.3,39.7,0.81272601
33,4038.6,2,0,0.1332738,269.3,39.7,0.81272601
36,4038.5,3,-0.1,0.145386,269.3,39.7,0.81272601
34,4038.6,-2,0.1,0.1373124,269.3,39.7,0.81272601
36,4038.5,2,-0.1,0.145386,269.3,39.7,0.81272601
31,4038.6,-5,0.1,0.1251966,269.3,39.7,0.81272601
33,4038.6,2,0,0.1332738,269.3,39.7,0.81272601
32,4038.6,-1,0,0.1292352,269.3,39.7,0.81272601
31,4038.7,-1,0.1,0.1251997,269.3,39.7,0.81272601
31,4038.7,0,0,0.1251997,269.3,39.7,0.81272601
31,4038.7,0,0,0.1251997,269.3,39.7,0.81272601
39,4038.5,8,-0.2,0.1575015,269.4,39.7,0.81265647
38,4038.5,-1,0,0.153463,269.4,39.7,0.81265647
37,4038.5,-1,0,0.1494245,269.4,39.7,0.81265647
31,4038.7,-6,0.2,0.1251997,269.4,39.7,0.81265647
34,4038.6,3,-0.1,0.1373124,269.4,39.7,0.81265647
35,4038.6,1,0,0.141351,269.4,39.7,0.81265647
35,4038.6,0,0,0.141351,269.4,39.7,0.81265647
37,4038.6,2,0,0.1494282,269.4,39.7,0.81265647
31,4038.7,-6,0.1,0.1251997,269.4,39.7,0.81265647
31,4038.8,0,0.1,0.1252028,269.4,39.7,0.81265647
34,4038.7,3,-0.1,0.1373158,269.5,39.7,0.81258693
32,4038.8,-2,0.1,0.1292416,269.5,39.7,0.81258693
31,4038.8,-1,0,0.1252028,269.5,39.7,0.81258693
34,4038.7,3,-0.1,0.1373158,269.5,39.7,0.81258693
31,4038.8,-3,0.1,0.1252028,269.5,39.7,0.81258693
30,4038.8,-1,0,0.121164,269.5,39.7,0.81258693
33,4038.8,3,0,0.1332804,269.5,39.7,0.81258693
35,4038.7,2,-0.1,0.1413545,269.5,39.7,0.81258693
37,4038.6,2,-0.1,0.1494282,269.5,39.7,0.81258693
30,4038.9,-7,0.3,0.121167,269.5,39.7,0.81258693
32,4038.8,2,-0.1,0.1292416,269.5,39.7,0.81258693
34,4038.7,2,-0.1,0.1373158,269.6,39.7,0.81251739
31,4038.9,-3,0.2,0.1252059,269.6,39.7,0.81251739
36,4038.7,5,-0.2,0.1453932,269.6,39.7,0.81251739
32,4038.9,-4,0.2,0.1292448,269.6,39.7,0.81251739
39,4038.6,7,-0.3,0.1575054,269.6,39.7,0.81251739
32,4038.8,-7,0.2,0.1292416,269.6,39.7,0.81251739
37,4038.7,5,-0.1,0.1494319,269.6,39.7,0.81251739
32,4038.9,-5,0.2,0.1292448,269.6,39.7,0.81251739
30,4038.9,-2,0,0.121167,269.6,39.7,0.81251739
30,4038.9,0,0,0.121167,269.6,39.7,0.81251739
36,4038.8,6,-0.1,0.1453968,269.6,39.7,0.81251739
35,4038.8,-1,0,0.141358,269.7,39.7,0.81244784
35,4038.8,0,0,0.141358,269.7,39.7,0.81244784
38,4038.7,3,-0.1,0.1534706,269.7,39.7,0.81244784
40,4038.7,2,0,0.161548,269.7,39.7,0.81244784
31,4039,-9,0.3,0.125209,269.7,39.7,0.81244784
34,4038.9,3,-0.1,0.1373226,269.7,39.7,0.81244784
38,4038.7,4,-0.2,0.1534706,269.7,39.7,0.81244784
36,4038.8,-2,0.1,0.1453968,269.7,39.7,0.81244784
36,4038.8,0,0,0.1453968,269.7,39.7,0.81244784
27,4039.1,-9,0.3,0.1090557,269.7,39.7,0.81244784
35,4038.9,8,-0.2,0.1413615,269.8,39.7,0.8123783
28,4039,-7,0.1,0.113092,269.8,39.7,0.8123783
37,4038.8,9,-0.2,0.1494356,269.8,39.7,0.8123783
37,4038.8,0,0,0.1494356,269.8,39.7,0.8123783
32,4039,-5,0.2,0.129248,269.8,39.7,0.8123783
36,4038.9,4,-0.1,0.1454004,269.8,39.7,0.8123783
35,4038.9,-1,0,0.1413615,269.8,39.7,0.8123783
32,4039,-3,0.1,0.129248,269.8,39.7,0.8123783
32,4039,0,0,0.129248,269.8,39.7,0.8123783
36,4038.9,4,-0.1,0.1454004,269.8,39.7,0.8123783
33,4039,-3,0.1,0.133287,269.8,39.7,0.8123783
34,4038.9,1,-0.1,0.1373226,269.9,39.7,0.81230876
31,4039,-3,0.1,0.125209,269.9,39.7,0.81230876
32,4039,1,0,0.129248,269.9,39.7,0.81230876
31,4039.1,-1,0.1,0.1252121,269.9,39.7,0.81230876
39,4038.8,8,-0.3,0.1575132,269.9,39.7,0.81230876
35,4038.9,-4,0.1,0.1413615,269.9,39.7,0.81230876
35,4038.9,0,0,0.1413615,269.9,39.7,0.81230876
33,4039,-2,0.1,0.133287,269.9,39.7,0.81230876
36,4038.9,3,-0.1,0.1454004,269.9,39.7,0.81230876
34,4039,-2,0.1,0.137326,269.9,39.7,0.81230876
35,4039,1,0,0.141365,270,39.7,0.81223922
34,4039,-1,0,0.137326,270,39.7,0.81223922
36,4038.9,2,-0.1,0.1454004,270,39.7,0.81223922
32,4039,-4,0.1,0.129248,270,39.7,0.81223922
36,4038.9,4,-0.1,0.1454004,270,39.7,0.81223922
31,4039.1,-5,0.2,0.1252121,270,39.7,0.81223922
35,4039,4,-0.1,0.141365,270,39.7,0.81223922
34,4039,-1,0,0.137326,270,39.7,0.81223922
31,4039.1,-3,0.1,0.1252121,270,39.7,0.81223922
34,4039,3,-0.1,0.137326,270,39.7,0.81223922
34,4039,0,0,0.137326,270,39.7,0.81223922
2342.9,3967.9,2308.9,-71.1,9.2963929,270.7,39.7,0.81175243
2337.1,3964.5,-5.8,-3.4,9.265433,271.3,39.7,0.81133519
2345.1,3961.5,8,-3,9.2901137,272,39.7,0.8108484
2337.1,3959.4,-8,-2.1,9.2535137,272.6,39.7,0.81043115
2335.1,3957.4,-2,-2,9.2409247,273.3,39.7,0.80994437
2339.1,3955.3,4,-2.1,9.2518422,273.9,39.7,0.80952712
2336.1,3953.7,-3,-1.6,9.2362386,274.6,39.7,0.80904033
-50,4025.6,-2386.1,71.9,-0.20128,274.6,39.7,0.80904033
-53,4027.9,-3,2.3,-0.2134787,274.6,39.7,0.80904033
-56,4029.4,-3,1.5,-0.2256464,274.5,39.7,0.80910987
1084.1,3995.2,1140.1,-34.2,4.3311963,274.8,39.7,0.80890125
1076.1,3994.4,-8,-0.8,4.2983738,275.1,39.7,0.80869263
1081.2,3993.5,5.1,-0.9,4.3177722,275.4,39.7,0.80848401
1074.2,3993.2,-7,-0.3,4.2894954,275.7,39.7,0.80827538
1087.2,3992.2,13,-1,4.3403198,276,39.7,0.80806676
1082.2,3991.9,-5,-0.3,4.3200342,276.3,39.7,0.80785814
1082.2,3991.4,0,-0.5,4.3194931,276.7,39.7,0.80757997
1080.1,3991,-2.1,-0.4,4.3106791,277,39.7,0.80737135
1080.1,3990.6,0,-0.4,4.3102471,277.3,39.7,0.80716273
1341.1,3982.2,261,-8.4,5.3405284,277.6,39.7,0.8069541
1344.1,3981.3,3,-0.9,5.3512653,278,39.7,0.80667594
1341.1,3980.7,-3,-0.6,5.3385168,278.4,39.7,0.80639777
1344.1,3980,3,-0.7,5.349518,278.7,39.7,0.80618915
1346.2,3979.3,2.1,-0.7,5.3569337,279.1,39.7,0.80591099
1945,3960.3,598.8,-19,7.7027835,279.7,39.7,0.80549374
1939.1,3959,-5.9,-1.3,7.6768969,280.2,39.7,0.80514604
1942,3957.8,2.9,-1.2,7.6860476,280.7,39.7,0.80479833
1524.2,3969.6,-417.8,11.8,6.0504643,281.2,39.7,0.80445063
1523.2,3969.2,-1,-0.4,6.0458854,281.6,39.7,0.80417246
1525.1,3968.7,1.9,-0.5,6.0526644,282,39.7,0.8038943
1530.1,3968,5,-0.7,6.0714368,282.4,39.7,0.80361613
1524.1,3967.7,-6,-0.3,6.0471716,282.9,39.7,0.80326843
1528,3967.1,3.9,-0.6,6.0617288,283.3,39.7,0.80299026
1527.1,3966.6,-0.9,-0.5,6.0573949,283.7,39.7,0.8027121
11,4013,-1516.1,46.4,0.044143,283.7,39.7,0.8027121
19,4014.7,8,1.7,0.0762793,283.7,39.7,0.8027121
15,4016.2,-4,1.5,0.060243,283.7,39.7,0.8027121
16,4017.3,1,1.1,0.0642768,283.7,39.7,0.8027121
1469,3973.4,1453,-43.9,5.8369246,284.1,39.7,0.80243394
1469.2,3972,0.2,-1.4,5.8356624,284.5,39.7,0.80215577
1473.1,3970.9,3.9,-1.1,5.8495328,284.9,39.7,0.80187761
1468.1,3970.2,-5,-0.7,5.8286506,285.4,39.7,0.8015299
1476.1,3969.3,8,-0.9,5.8590837,285.8,39.7,0.80125174
1469.1,3968.9,-7,-0.4,5.830711,286.2,39.7,0.80097357
1468.1,3968.4,-1,-0.5,5.826008,286.6,39.7,0.80069541
1472.1,3967.8,4,-0.6,5.8409984,287,39.7,0.80041725
1468.1,3967.4,-4,-0.4,5.8245399,287.4,39.7,0.80013908
1276.1,3972.9,-192,5.5,5.0698177,287.7,39.7,0.79993046
1082.1,3978.7,-194,5.8,4.3053513,288,39.7,0.79972184
1082.1,3978.8,0,0.1,4.3054595,288.4,39.7,0.79944367
1084.1,3978.8,2,0,4.3134171,288.7,39.7,0.79923505
1645,3961.5,560.9,-17.3,6.5166675,289.1,39.7,0.79895688
1647.1,3960.6,2.1,-0.9,6.5235043,289.6,39.7,0.79860918
1646.2,3959.9,-0.9,-0.7,6.5187874,290,39.7,0.79833102
1646.1,3959.3,-0.1,-0.6,6.5174037,290.5,39.7,0.79798331
1645,3958.8,-1.1,-0.5,6.512226,290.9,39.8,0.79770515
1644.1,3958.2,-0.9,-0.6,6.5076766,291.4,39.8,0.79735744
-1190,4045.3,-2834.1,87.1,-4.813907,291.1,39.8,0.79756606
-1183,4049.1,7,3.8,-4.7900853,290.7,39.8,0.79784423
-1184,4052.1,-1,3,-4.7976864,290.4,39.8,0.79805285
-1186,4054.7,-2,2.6,-4.8088742,290.1,39.8,0.79826147
-1188,4056.9,-2,2.2,-4.8195972,289.7,39.8,0.79853964
-1185.1,4058.9,2.9,2,-4.8102024,289.4,39.8,0.79874826
-1186,4060.7,-0.9,1.8,-4.8159902,289.1,39.8,0.79895688
84,4022.9,1270,-37.8,0.3379236,289.1,39.8,0.79895688
79,4022.7,-5,-0.2,0.3177933,289.1,39.8,0.79895688
80,4022.6,1,-0.1,0.321808,289.2,39.8,0.79888734
317.2,4015.4,237.2,-7.2,1.2736849,289.2,39.8,0.79888734
309.1,4015.5,-8.1,0.1,1.2411911,289.3,39.8,0.7988178
315.1,4015.3,6,-0.2,1.265221,289.4,39.8,0.79874826
1230,3987,914.9,-28.3,4.90401,289.8,39.8,0.7984701
1229.2,3985.6,-0.8,-1.4,4.8990995,290.1,39.8,0.79826147
1228.1,3984.6,-1.1,-1,4.8934873,290.4,39.8,0.79805285
1236.1,3983.4,8,-1.2,4.9238807,290.8,39.8,0.79777469
1230.1,3982.8,-6,-0.6,4.8992423,291.1,39.8,0.79756606
1228.1,3982.1,-2,-0.7,4.890417,291.5,39.8,0.7972879
1226.2,3981.6,-1.9,-0.5,4.8822379,291.8,39.8,0.79707928
1228.2,3980.9,2,-0.7,4.8893414,292.1,39.8,0.79687065
1445,3973.7,216.8,-7.2,5.7419965,292.6,39.8,0.79652295
1446.1,3972.7,1.1,-1,5.7449215,293,39.8,0.79624478
1446.1,3972,0,-0.7,5.7439092,293.4,39.8,0.79596662
1442.1,3971.4,-4,-0.6,5.7271559,293.8,39.8,0.79568846
1446.1,3970.6,4,-0.8,5.7418847,294.2,39.8,0.79541029
1442.1,3970.1,-4,-0.5,5.7252812,294.6,39.8,0.79513213
1446.1,3969.4,4,-0.7,5.7401493,295,39.8,0.79485396
1444.2,3968.9,-1.9,-0.5,5.7318854,295.4,39.8,0.7945758
29,4012,-1415.2,43.1,0.116348,295.4,39.8,0.7945758
30,4013.7,1,1.7,0.120411,295.4,39.8,0.7945758
32,4014.9,2,1.2,0.1284768,295.4,39.8,0.7945758
28,4016.1,-4,1.2,0.1124508,295.4,39.8,0.7945758
29,4016.9,1,0.8,0.1164901,295.4,39.8,0.7945758
30,4017.6,1,0.7,0.120528,295.4,39.8,0.7945758
30,4018.4,0,0.8,0.120552,295.4,39.8,0.7945758
32,4019,2,0.6,0.128608,295.4,39.8,0.7945758
31,4019.6,-1,0.6,0.1246076,295.4,39.8,0.7945758
35,4020,4,0.4,0.1407,295.4,39.8,0.7945758
30,4020.7,-5,0.7,0.120621,295.5,39.8,0.79450626
32,4021.2,2,0.5,0.1286784,295.5,39.8,0.79450626
26,4021.8,-6,0.6,0.1045668,295.5,39.8,0.79450626
30,4022.2,4,0.4,0.120666,295.5,39.8,0.79450626
26,4022.7,-4,0.5,0.1045902,295.5,39.8,0.79450626
28,4023.1,2,0.4,0.1126468,295.5,39.8,0.79450626
25,4023.6,-3,0.5,0.10059,295.5,39.8,0.79450626
31,4023.7,6,0.1,0.1247347,295.5,39.8,0.79450626
31,4024.1,0,0.4,0.1247471,295.5,39.8,0.79450626
27,4024.6,-4,0.5,0.1086642,295.5,39.8,0.79450626
30,4024.8,3,0.2,0.120744,295.5,39.8,0.79450626
29,4025.2,-1,0.4,0.1167308,295.5,39.8,0.79450626
37,4025.2,8,0,0.1489324,295.6,39.8,0.79443672
30,4025.7,-7,0.5,0.120771,295.6,39.8,0.79443672
35,4025.9,5,0.2,0.1409065,295.6,39.8,0.79443672
33,4026.2,-2,0.3,0.1328646,295.6,39.8,0.79443672
32,4026.5,-1,0.3,0.128848,295.6,39.8,0.79443672
34,4026.7,2,0.2,0.1369078,295.6,39.8,0.79443672
32,4027,-2,0.3,0.128864,295.6,39.8,0.79443672
28,4027.3,-4,0.3,0.1127644,295.6,39.8,0.79443672
32,4027.4,4,0.1,0.1288768,295.6,39.8,0.79443672
29,4027.7,-3,0.3,0.1168033,295.6,39.8,0.79443672
35,4027.8,6,0.1,0.140973,295.6,39.8,0.79443672
34,4028,-1,0.2,0.136952,295.6,39.8,0.79443672
30,4028.4,-4,0.4,0.120852,295.7,39.8,0.79436718
30,4028.5,0,0.1,0.120855,295.7,39.8,0.79436718
25,4028.9,-5,0.4,0.1007225,295.7,39.8,0.79436718
33,4028.8,8,-0.1,0.1329504,295.7,39.8,0.79436718
28,4029.2,-5,0.4,0.1128176,295.7,39.8,0.79436718
30,4029.3,2,0.1,0.120879,295.7,39.8,0.79436718
26,4029.5,-4,0.2,0.104767,295.7,39.8,0.79436718
23,4029.8,-3,0.3,0.0926854,295.7,39.8,0.79436718
32,4029.7,9,-0.1,0.1289504,295.7,39.8,0.79436718
36,4029.7,4,0,0.1450692,295.7,39.8,0.79436718
31,4030,-5,0.3,0.12493,295.7,39.8,0.79436718
24,4030.4,-7,0.4,0.0967296,295.7,39.8,0.79436718
22,4030.6,-2,0.2,0.0886732,295.8,39.8,0.79429764
35,4030.3,13,-0.3,0.1410605,295.8,39.8,0.79429764
30,4030.6,-5,0.3,0.120918,295.8,39.8,0.79429764
32,4030.6,2,0,0.1289792,295.8,39.8,0.79429764
31,4030.8,-1,0.2,0.1249548,295.8,39.8,0.79429764
29,4031,-2,0.2,0.116899,295.8,39.8,0.79429764
28,4031.2,-1,0.2,0.1128736,295.8,39.8,0.79429764
27,4031.3,-1,0.1,0.1088451,295.8,39.8,0.79429764
32,4031.3,5,0,0.1290016,295.8,39.8,0.79429764
27,4031.5,-5,0.2,0.1088505,295.8,39.8,0.79429764
30,4031.5,3,0,0.120945,295.8,39.8,0.79429764
28,4031.7,-2,0.2,0.1128876,295.8,39.8,0.79429764
31,4031.7,3,0,0.1249827,295.9,39.8,0.79422809
30,4031.8,-1,0.1,0.120954,295.9,39.8,0.79422809
31,4031.9,1,0.1,0.1249889,295.9,39.8,0.79422809
27,4032.1,-4,0.2,0.1088667,295.9,39.8,0.79422809
34,4032,7,-0.1,0.137088,295.9,39.8,0.79422809
31,4032.2,-3,0.2,0.1249982,295.9,39.8,0.79422809
32,4032.2,1,0,0.1290304,295.9,39.8,0.79422809
32,4032.3,0,0.1,0.1290336,295.9,39.8,0.79422809
32,4032.4,0,0.1,0.1290368,295.9,39.8,0.79422809
31,4032.5,-1,0.1,0.1250075,295.9,39.8,0.79422809
28,4032.6,-3,0.1,0.1129128,295.9,39.8,0.79422809
35,4032.5,7,-0.1,0.1411375,295.9,39.8,0.79422809
33,4032.7,-2,0.2,0.1330791,296,39.8,0.79415855
30,4032.8,-3,0.1,0.120984,296,39.8,0.79415855
29,4032.9,-1,0.1,0.1169541,296,39.8,0.79415855
27,4033,-2,0.1,0.108891,296,39.8,0.79415855
28,4033.1,1,0.1,0.1129268,296,39.8,0.79415855
35,4032.9,7,-0.2,0.1411515,296,39.8,0.79415855
28,4033.2,-7,0.3,0.1129296,296,39.8,0.79415855
27,4033.3,-1,0.1,0.1088991,296,39.8,0.79415855
29,4033.3,2,0,0.1169657,296,39.8,0.79415855
36,4033.1,7,-0.2,0.1451916,296,39.8,0.79415855
27,4033.5,-9,0.4,0.1089045,296,39.8,0.79415855
27,4033.5,0,0,0.1089045,296,39.8,0.79415855
31,4033.4,4,-0.1,0.1250354,296.1,39.8,0.79408901
33,4033.5,2,0.1,0.1331055,296.1,39.8,0.79408901
33,4033.5,0,0,0.1331055,296.1,39.8,0.79408901
28,4033.7,-5,0.2,0.1129436,296.1,39.8,0.79408901
29,4033.8,1,0.1,0.1169802,296.1,39.8,0.79408901
25,4033.9,-4,0.1,0.1008475,296.1,39.8,0.79408901
34,4033.7,9,-0.2,0.1371458,296.1,39.8,0.79408901
29,4033.9,-5,0.2,0.1169831,296.1,39.8,0.79408901
30,4033.9,1,0,0.121017,296.1,39.8,0.79408901
29,4034.1,-1,0.2,0.1169889,296.1,39.8,0.79408901
32,4034,3,-0.1,0.129088,296.1,39.8,0.79408901
33,4034,1,0,0.133122,296.1,39.8,0.79408901
30,4034.1,-3,0.1,0.121023,296.2,39.8,0.79401947
28,4034.2,-2,0.1,0.1129576,296.2,39.8,0.79401947
27,4034.3,-1,0.1,0.1089261,296.2,39.8,0.79401947
27,4034.3,0,0,0.1089261,296.2,39.8,0.79401947
27,4034.4,0,0.1,0.1089288,296.2,39.8,0.79401947
26,4034.5,-1,0.1,0.104897,296.2,39.8,0.79401947
25,4034.5,-1,0,0.1008625,296.2,39.8,0.79401947
27,4034.5,2,0,0.1089315,296.2,39.8,0.79401947
27,4034.5,0,0,0.1089315,296.2,39.7,0.79401947
30,4034.5,3,0,0.121035,296.2,39.7,0.79401947
33,4034.4,3,-0.1,0.1331352,296.2,39.7,0.79401947
32,4034.5,-1,0.1,0.129104,296.2,39.7,0.79401947
28,4034.6,-4,0.1,0.1129688,296.2,39.7,0.79401947
30,4034.6,2,0,0.121038,296.3,39.7,0.79394993
28,4034.8,-2,0.2,0.1129744,296.3,39.7,0.79394993
29,4034.7,1,-0.1,0.1170063,296.3,39.7,0.79394993
29,4034.7,0,0,0.1170063,296.3,39.7,0.79394993
25,4034.9,-4,0.2,0.1008725,296.3,39.7,0.79394993
29,4034.8,4,-0.1,0.1170092,296.3,39.7,0.79394993
28,4034.9,-1,0.1,0.1129772,296.3,39.7,0.79394993
23,4035.1,-5,0.2,0.0928073,296.3,39.7,0.79394993
31,4034.9,8,-0.2,0.1250819,296.3,39.7,0.79394993
28,4035,-3,0.1,0.11298,296.3,39.7,0.79394993
31,4034.9,3,-0.1,0.1250819,296.3,39.7,0.79394993
25,4035.1,-6,0.2,0.1008775,296.3,39.7,0.79394993
29,4035.1,4,0,0.1170179,296.4,39.7,0.79388039
29,4035.1,0,0,0.1170179,296.4,39.7,0.79388039
28,4035.1,-1,0,0.1129828,296.4,39.7,0.79388039
25,4035.3,-3,0.2,0.1008825,296.4,39.7,0.79388039
26,4035.2,1,-0.1,0.1049152,296.4,39.7,0.79388039
27,4035.2,1,0,0.1089504,296.4,39.7,0.79388039
31,4035.2,4,0,0.1250912,296.4,39.7,0.79388039
30,4035.2,-1,0,0.121056,296.4,39.7,0.79388039
29,4035.3,-1,0.1,0.1170237,296.4,39.7,0.79388039
28,4035.3,-1,0,0.1129884,296.4,39.7,0.79388039
28,4035.3,0,0,0.1129884,296.4,39.7,0.79388039
30,4035.3,2,0,0.121059,296.4,39.7,0.79388039
26,4035.5,-4,0.2,0.104923,296.4,39.7,0.79388039
29,4035.4,3,-0.1,0.1170266,296.5,39.7,0.79381085
24,4035.6,-5,0.2,0.0968544,296.5,39.7,0.79381085
23,4035.6,-1,0,0.0928188,296.5,39.7,0.79381085
32,4035.4,9,-0.2,0.1291328,296.5,39.7,0.79381085
31,4035.4,-1,0,0.1250974,296.5,39.7,0.79381085
28,4035.5,-3,0.1,0.112994,296.5,39.7,0.79381085
24,4035.7,-4,0.2,0.0968568,296.5,39.7,0.79381085
26,4035.6,2,-0.1,0.1049256,296.5,39.7,0.79381085
29,4035.6,3,0,0.1170324,296.5,39.7,0.79381085
26,4035.7,-3,0.1,0.1049282,296.5,39.7,0.79381085
28,4035.7,2,0,0.1129996,296.5,39.7,0.79381085
28,4035.7,0,0,0.1129996,296.5,39.7,0.79381085
28,4035.7,0,0,0.1129996,296.5,39.7,0.79381085
32,4035.6,4,-0.1,0.1291392,296.6,39.7,0.79374131
31,4035.6,-1,0,0.1251036,296.6,39.7,0.79374131
29,4035.7,-2,0.1,0.1170353,296.6,39.7,0.79374131
28,4035.8,-1,0.1,0.1130024,296.6,39.7,0.79374131
30,4035.7,2,-0.1,0.121071,296.6,39.7,0.79374131
29,4035.8,-1,0.1,0.1170382,296.6,39.7,0.79374131
28,4035.8,-1,0,0.1130024,296.6,39.7,0.79374131
28,4035.9,0,0.1,0.1130052,296.6,39.7,0.79374131
30,4035.8,2,-0.1,0.121074,296.6,39.7,0.79374131
31,4035.8,1,0,0.1251098,296.6,39.7,0.79374131
29,4035.9,-2,0.1,0.1170411,296.6,39.7,0.79374131
29,4035.9,0,0,0.1170411,296.6,39.7,0.79374131
27,4035.9,-2,0,0.1089693,296.6,39.7,0.79374131
31,4035.8,4,-0.1,0.1251098,296.7,39.7,0.79367177
28,4036,-3,0.2,0.113008,296.7,39.7,0.79367177
27,4036,-1,0,0.108972,296.7,39.7,0.79367177
31,4035.9,4,-0.1,0.1251129,296.7,39.7,0.79367177
26,4036.1,-5,0.2,0.1049386,296.7,39.7,0.79367177
25,4036.1,-1,0,0.1009025,296.7,39.7,0.79367177
19,4036.3,-6,0.2,0.0766897,296.7,39.7,0.79367177
23,4036.2,4,-0.1,0.0928326,296.7,39.7,0.79367177
33,4035.9,10,-0.3,0.1331847,296.7,39.7,0.79367177
27,4036.1,-6,0.2,0.1089747,296.7,39.7,0.79367177
29,4036.1,2,0,0.1170469,296.7,39.7,0.79367177
29,4036.1,0,0,0.1170469,296.7,39.7,0.79367177
29,4036.1,0,0,0.1170469,296.7,39.7,0.79367177
27,4036.2,-2,0.1,0.1089774,296.8,39.7,0.79360223
28,4036.2,1,0,0.1130136,296.8,39.7,0.79360223
26,4036.3,-2,0.1,0.1049438,296.8,39.7,0.79360223
26,4036.3,0,0,0.1049438,296.8,39.7,0.79360223
34,4036,8,-0.3,0.137224,296.8,39.7,0.79360223
30,4036.2,-4,0.2,0.121086,296.8,39.7,0.79360223
29,4036.2,-1,0,0.1170498,296.8,39.7,0.79360223
32,4036.1,3,-0.1,0.1291552,296.8,39.7,0.79360223
30,4036.2,-2,0.1,0.121086,296.8,39.7,0.79360223
32,4036.2,2,0,0.1291584,296.8,39.7,0.79360223
30,4036.3,-2,0.1,0.121089,296.8,39.7,0.79360223
28,4036.3,-2,0,0.1130164,296.8,39.7,0.79360223
26,4036.4,-2,0.1,0.1049464,296.9,39.7,0.79353268
26,4036.4,0,0,0.1049464,296.9,39.7,0.79353268
25,4036.4,-1,0,0.10091,296.9,39.7,0.79353268
26,4036.4,1,0,0.1049464,296.9,39.7,0.79353268
27,4036.4,1,0,0.1089828,296.9,39.7,0.79353268
27,4036.4,0,0,0.1089828,296.9,39.7,0.79353268
24,4036.6,-3,0.2,0.0968784,296.9,39.7,0.79353268
22,4036.6,-2,0,0.0888052,296.9,39.7,0.79353268
21,4036.7,-1,0.1,0.0847707,296.9,39.7,0.79353268
26,4036.5,5,-0.2,0.104949,296.9,39.7,0.79353268
28,4036.5,2,0,0.113022,296.9,39.7,0.79353268
39,4036.1,11,-0.4,0.1574079,296.9,39.7,0.79353268
35,4036.2,-4,0.1,0.141267,296.9,39.7,0.79353268
38,4036.2,3,0,0.1533756,297,39.7,0.79346314
34,4036.3,-4,0.1,0.1372342,297,39.7,0.79346314
40,4036.1,6,-0.2,0.161444,297,39.7,0.79346314
38,4036.2,-2,0.1,0.1533756,297,39.7,0.79346314
31,4036.4,-7,0.2,0.1251284,297,39.7,0.79346314
36,4036.2,5,-0.2,0.1453032,297,39.7,0.79346314
32,4036.4,-4,0.2,0.1291648,297,39.7,0.79346314
36,4036.2,4,-0.2,0.1453032,297,39.7,0.79346314
35,4036.3,-1,0.1,0.1412705,297,39.7,0.79346314
38,4036.2,3,-0.1,0.1533756,297,39.7,0.79346314
36,4036.3,-2,0.1,0.1453068,297.1,39.7,0.7933936
40,4036.2,4,-0.1,0.161448,297.1,39.7,0.7933936
34,4036.3,-6,0.1,0.1372342,297.1,39.7,0.7933936
39,4036.2,5,-0.1,0.1574118,297.1,39.7,0.7933936
39,4036.2,0,0,0.1574118,297.1,39.7,0.7933936
37,4036.3,-2,0.1,0.1493431,297.1,39.7,0.7933936
33,4036.4,-4,0.1,0.1332012,297.1,39.7,0.7933936
39,4036.2,6,-0.2,0.1574118,297.1,39.7,0.7933936
30,4036.5,-9,0.3,0.121095,297.1,39.7,0.7933936
33,4036.5,3,0,0.1332045,297.1,39.7,0.7933936
35,4036.4,2,-0.1,0.141274,297.2,39.7,0.79332406
39,4036.3,4,-0.1,0.1574157,297.2,39.7,0.79332406
32,4036.5,-7,0.2,0.129168,297.2,39.7,0.79332406
38,4036.3,6,-0.2,0.1533794,297.2,39.7,0.79332406
38,4036.3,0,0,0.1533794,297.2,39.7,0.79332406
38,4036.3,0,0,0.1533794,297.2,39.7,0.79332406
35,4036.4,-3,0.1,0.141274,297.2,39.7,0.79332406
35,4036.4,0,0,0.141274,297.2,39.7,0.79332406
35,4036.4,0,0,0.141274,297.2,39.7,0.79332406
33,4036.5,-2,0.1,0.1332045,297.2,39.7,0.79332406
33,4036.5,0,0,0.1332045,297.3,39.7,0.79325452
34,4036.5,1,0,0.137241,297.3,39.7,0.79325452
36,4036.4,2,-0.1,0.1453104,297.3,39.7,0.79325452
29,4036.6,-7,0.2,0.1170614,297.3,39.7,0.79325452
33,4036.5,4,-0.1,0.1332045,297.3,39.7,0.79325452
30,4036.7,-3,0.2,0.121101,297.3,39.7,0.79325452
31,4036.6,1,-0.1,0.1251346,297.3,39.7,0.79325452
37,4036.5,6,-0.1,0.1493505,297.3,39.7,0.79325452
40,4036.4,3,-0.1,0.161456,297.3,39.7,0.79325452
41,4036.3,1,-0.1,0.1654883,297.3,39.7,0.79325452
34,4036.6,-7,0.3,0.1372444,297.3,39.7,0.79325452
33,4036.6,-1,0,0.1332078,297.4,39.7,0.79318498
33,4036.6,0,0,0.1332078,297.4,39.7,0.79318498
39,4036.4,6,-0.2,0.1574196,297.4,39.7,0.79318498
38,4036.5,-1,0.1,0.153387,297.4,39.7,0.79318498
39,4036.4,1,-0.1,0.1574196,297.4,39.7,0.79318498
28,4036.8,-11,0.4,0.1130304,297.4,39.7,0.79318498
33,4036.7,5,-0.1,0.1332111,297.4,39.7,0.79318498
33,4036.6,0,-0.1,0.1332078,297.4,39.7,0.79318498
31,4036.7,-2,0.1,0.1251377,297.4,39.7,0.79318498
33,4036.7,2,0,0.1332111,297.4,39.7,0.79318498
33,4036.6,0,-0.1,0.1332078,297.5,39.7,0.79311544
35,4036.6,2,0,0.141281,297.5,39.7,0.79311544
32,4036.7,-3,0.1,0.1291744,297.5,39.7,0.79311544
36,4036.6,4,-0.1,0.1453176,297.5,39.7,0.79311544
35,4036.6,-1,0,0.141281,297.5,39.7,0.79311544
39,4036.6,4,0,0.1574274,297.5,39.7,0.79311544
35,4036.6,-4,0,0.141281,297.5,39.7,0.79311544
33,4036.7,-2,0.1,0.1332111,297.5,39.7,0.79311544
35,4036.7,2,0,0.1412845,297.5,39.7,0.79311544
38,4036.6,3,-0.1,0.1533908,297.5,39.7,0.79311544
32,4036.8,-6,0.2,0.1291776,297.5,39.7,0.79311544
37,4036.6,5,-0.2,0.1493542,297.6,39.7,0.7930459
32,4036.8,-5,0.2,0.1291776,297.6,39.7,0.7930459
34,4036.7,2,-0.1,0.1372478,297.6,39.7,0.7930459
33,4036.8,-1,0.1,0.1332144,297.6,39.7,0.7930459
32,4036.8,-1,0,0.1291776,297.6,39.7,0.7930459
35,4036.7,3,-0.1,0.1412845,297.6,39.7,0.7930459
35,4036.7,0,0,0.1412845,297.6,39.7,0.7930459
29,4036.9,-6,0.2,0.1170701,297.6,39.7,0.7930459
29,4036.9,0,0,0.1170701,297.6,39.7,0.7930459
32,4036.9,3,0,0.1291808,297.6,39.7,0.7930459
37,4036.7,5,-0.2,0.1493579,297.7,39.7,0.79297636
34,4036.8,-3,0.1,0.1372512,297.7,39.7,0.79297636
31,4036.9,-3,0.1,0.1251439,297.7,39.7,0.79297636
34,4036.8,3,-0.1,0.1372512,297.7,39.7,0.79297636
27,4037,-7,0.2,0.108999,297.7,39.7,0.79297636
33,4036.9,6,-0.1,0.1332177,297.7,39.7,0.79297636
32,4036.9,-1,0,0.1291808,297.7,39.7,0.79297636
30,4037,-2,0.1,0.12111,297.7,39.7,0.79297636
34,4036.9,4,-0.1,0.1372546,297.7,39.7,0.79297636
35,4036.8,1,-0.1,0.141288,297.7,39.7,0.79297636
32,4036.9,-3,0.1,0.1291808,297.7,39.7,0.79297636
33,4036.9,1,0,0.1332177,297.7,39.7,0.79297636
38,4036.7,5,-0.2,0.1533946,297.8,39.7,0.79290682
33,4036.9,-5,0.2,0.1332177,297.8,39.7,0.79290682
31,4037,-2,0.1,0.125147,297.8,39.7,0.79290682
36,4036.8,5,-0.2,0.1453248,297.8,39.7,0.79290682
33,4036.9,-3,0.1,0.1332177,297.8,39.7,0.79290682
40,4036.7,7,-0.2,0.161468,297.8,39.7,0.79290682
32,4037,-8,0.3,0.129184,297.8,39.7,0.79290682
35,4036.9,3,-0.1,0.1412915,297.8,39.7,0.79290682
32,4037,-3,0.1,0.129184,297.8,39.7,0.79290682
28,4037.1,-4,0.1,0.1130388,297.8,39.7,0.79290682
34,4037,6,-0.1,0.137258,297.9,39.7,0.79283727
37,4036.9,3,-0.1,0.1493653,297.9,39.7,0.79283727
36,4036.9,-1,0,0.1453284,297.9,39.7,0.79283727
35,4036.9,-1,0,0.1412915,297.9,39.7,0.79283727
35,4036.9,0,0,0.1412915,297.9,39.7,0.79283727
36,4036.8,1,-0.1,0.1453248,297.9,39.7,0.79283727
35,4036.9,-1,0.1,0.1412915,297.9,39.7,0.79283727
30,4037.1,-5,0.2,0.121113,297.9,39.7,0.79283727
33,4037,3,-0.1,0.133221,297.9,39.7,0.79283727
33,4037,0,0,0.133221,297.9,39.7,0.79283727
36,4036.9,3,-0.1,0.1453284,297.9,39.7,0.79283727
41,4036.8,5,-0.1,0.1655088,298,39.7,0.79276773
35,4036.9,-6,0.1,0.1412915,298,39.7,0.79276773
37,4036.9,2,0,0.1493653,298,39.7,0.79276773
30,4037.1,-7,0.2,0.121113,298,39.7,0.79276773
33,4037.1,3,0,0.1332243,298,39.7,0.79276773
35,4037,2,-0.1,0.141295,298,39.7,0.79276773
34,4037,-1,0,0.137258,298,39.7,0.79276773
38,4036.9,4,-0.1,0.1534022,298,39.7,0.79276773
35,4037,-3,0.1,0.141295,298,39.7,0.79276773
33,4037,-2,0,0.133221,298,39.7,0.79276773
33,4037.1,0,0.1,0.1332243,298.1,39.7,0.79269819
32,4037.1,-1,0,0.1291872,298.1,39.7,0.79269819
38,4036.9,6,-0.2,0.1534022,298.1,39.7,0.79269819
33,4037.1,-5,0.2,0.1332243,298.1,39.7,0.79269819
41,4036.8,8,-0.3,0.1655088,298.1,39.7,0.79269819
34,4037,-7,0.2,0.137258,298.1,39.7,0.79269819
35,4037,1,0,0.141295,298.1,39.7,0.79269819
34,4037,-1,0,0.137258,298.1,39.7,0.79269819
37,4037,3,0,0.149369,298.1,39.7,0.79269819
39,4036.9,2,-0.1,0.1574391,298.1,39.7,0.79269819
32,4037.1,-7,0.2,0.1291872,298.2,39.7,0.79262865
19,4037.5,-13,0.4,0.0767125,298.2,39.7,0.79262865
22,4037.5,3,0,0.088825,298.2,39.7,0.79262865
23,4037.4,1,-0.1,0.0928602,298.2,39.7,0.79262865
23,4037.4,0,0,0.0928602,298.2,39.7,0.79262865
20,4037.6,-3,0.2,0.080752,298.2,39.7,0.79262865
22,4037.5,2,-0.1,0.088825,298.2,39.7,0.79262865
22,4037.6,0,0.1,0.0888272,298.2,39.7,0.79262865
20,4037.6,-2,0,0.080752,298.2,39.7,0.79262865
20,4037.6,0,0,0.080752,298.2,39.7,0.79262865
13,4037.9,-7,0.3,0.0524927,298.2,39.7,0.79262865
21,4037.7,8,-0.2,0.0847917,298.2,39.7,0.79262865
21,4037.7,0,0,0.0847917,298.2,39.7,0.79262865
19,4037.7,-2,0,0.0767163,298.2,39.7,0.79262865
19,4037.7,0,0,0.0767163,298.2,39.7,0.79262865
22,4037.7,3,0,0.0888294,298.2,39.7,0.79262865
20,4037.7,-2,0,0.080754,298.2,39.7,0.79262865
26,4037.6,6,-0.1,0.1049776,298.3,39.7,0.79255911
22,4037.7,-4,0.1,0.0888294,298.3,39.7,0.79255911
23,4037.6,1,-0.1,0.0928648,298.3,39.7,0.79255911
24,4037.6,1,0,0.0969024,298.3,39.7,0.79255911
25,4037.6,1,0,0.10094,298.3,39.7,0.79255911
24,4037.6,-1,0,0.0969024,298.3,39.7,0.79255911
21,4037.7,-3,0.1,0.0847917,298.3,39.7,0.79255911
24,4037.7,3,0,0.0969048,298.3,39.7,0.79255911
23,4037.7,-1,0,0.0928671,298.3,39.7,0.79255911
23,4037.7,0,0,0.0928671,298.3,39.7,0.79255911
23,4037.7,0,0,0.0928671,298.3,39.7,0.79255911
22,4037.8,-1,0.1,0.0888316,298.3,39.7,0.79255911
24,4037.7,2,-0.1,0.0969048,298.3,39.7,0.79255911
24,4037.7,0,0,0.0969048,298.3,39.7,0.79255911
19,4037.9,-5,0.2,0.0767201,298.3,39.7,0.79255911
26,4037.7,7,-0.2,0.1049802,298.3,39.7,0.79255911
20,4037.9,-6,0.2,0.080758,298.4,39.7,0.79248957
21,4037.9,1,0,0.0847959,298.4,39.7,0.79248957
20,4037.9,-1,0,0.080758,298.4,39.7,0.79248957
21,4037.8,1,-0.1,0.0847938,298.4,39.7,0.79248957
18,4038,-3,0.2,0.072684,298.4,39.7,0.79248957
21,4037.9,3,-0.1,0.0847959,298.4,39.7,0.79248957
19,4037.9,-2,0,0.0767201,298.4,39.7,0.79248957
22,4037.9,3,0,0.0888338,298.4,39.7,0.79248957
23,4037.8,1,-0.1,0.0928694,298.4,39.7,0.79248957
19,4038,-4,0.2,0.076722,298.4,39.7,0.79248957
22,4037.9,3,-0.1,0.0888338,298.4,39.7,0.79248957
23,4037.9,1,0,0.0928717,298.4,39.7,0.79248957
21,4037.9,-2,0,0.0847959,298.4,39.7,0.79248957
21,4038,0,0.1,0.084798,298.4,39.7,0.79248957
20,4038,-1,0,0.08076,298.4,39.7,0.79248957
23,4037.9,3,-0.1,0.0928717,298.4,39.7,0.79248957
21,4038,-2,0.1,0.084798,298.4,39.7,0.79248957
21,4038,0,0,0.084798,298.5,39.7,0.79242003
25,4037.9,4,-0.1,0.1009475,298.5,39.7,0.79242003
21,4038,-4,0.1,0.084798,298.5,39.7,0.79242003
21,4038,0,0,0.084798,298.5,39.7,0.79242003
26,4037.9,5,-0.1,0.1049854,298.5,39.7,0.79242003
27,4037.8,1,-0.1,0.1090206,298.5,39.7,0.79242003
18,4038.1,-9,0.3,0.0726858,298.5,39.7,0.79242003
15,4038.2,-3,0.1,0.060573,298.5,39.7,0.79242003
27,4037.8,12,-0.4,0.1090206,298.5,39.7,0.79242003
20,4038,-7,0.2,0.08076,298.5,39.7,0.79242003
24,4037.9,4,-0.1,0.0969096,298.5,39.7,0.79242003
24,4037.9,0,0,0.0969096,298.5,39.7,0.79242003
16,4038.2,-8,0.3,0.0646112,298.5,39.7,0.79242003
23,4038,7,-0.2,0.092874,298.5,39.7,0.79242003
20,4038,-3,0,0.08076,298.5,39.7,0.79242003
26,4037.9,6,-0.1,0.1049854,298.5,39.7,0.79242003
21,4038.1,-5,0.2,0.0848001,298.6,39.7,0.79235049
20,4038.1,-1,0,0.080762,298.6,39.7,0.79235049
25,4038,5,-0.1,0.10095,298.6,39.7,0.79235049
25,4037.9,0,-0.1,0.1009475,298.6,39.7,0.79235049
15,4038.2,-10,0.3,0.060573,298.6,39.7,0.79235049
23,4038,8,-0.2,0.092874,298.6,39.7,0.79235049
24,4038,1,0,0.096912,298.6,39.7,0.79235049
19,4038.2,-5,0.2,0.0767258,298.6,39.7,0.79235049
20,4038.1,1,-0.1,0.080762,298.6,39.7,0.79235049
26,4038,6,-0.1,0.104988,298.6,39.7,0.79235049
21,4038.1,-5,0.1,0.0848001,298.6,39.7,0.79235049
22,4038.1,1,0,0.0888382,298.6,39.7,0.79235049
24,4038,2,-0.1,0.096912,298.6,39.7,0.79235049
13,4038.4,-11,0.4,0.0524992,298.6,39.7,0.79235049
19,4038.2,6,-0.2,0.0767258,298.6,39.7,0.79235049
16,4038.3,-3,0.1,0.0646128,298.6,39.7,0.79235049
22,4038.1,6,-0.2,0.0888382,298.6,39.7,0.79235049
19,4038.2,-3,0.1,0.0767258,298.6,39.7,0.79235049
24,4038,5,-0.2,0.096912,298.7,39.7,0.79228095
20,4038.2,-4,0.2,0.080764,298.7,39.7,0.79228095
21,4038.2,1,0,0.0848022,298.7,39.7,0.79228095
23,4038.1,2,-0.1,0.0928763,298.7,39.7,0.79228095
19,4038.2,-4,0.1,0.0767258,298.7,39.7,0.79228095
20,4038.2,1,0,0.080764,298.7,39.7,0.79228095
22,4038.2,2,0,0.0888404,298.7,39.7,0.79228095
22,4038.2,0,0,0.0888404,298.7,39.7,0.79228095
20,4038.2,-2,0,0.080764,298.7,39.7,0.79228095
22,4038.2,2,0,0.0888404,298.7,39.7,0.79228095
25,4038.1,3,-0.1,0.1009525,298.7,39.7,0.79228095
19,4038.2,-6,0.1,0.0767258,298.7,39.7,0.79228095
21,4038.2,2,0,0.0848022,298.7,39.7,0.79228095
20,4038.2,-1,0,0.080764,298.7,39.7,0.79228095
26,4038,6,-0.2,0.104988,298.7,39.7,0.79228095
22,4038.2,-4,0.2,0.0888404,298.7,39.7,0.79228095
20,4038.2,-2,0,0.080764,298.8,39.7,0.7922114
25,4038.1,5,-0.1,0.1009525,298.8,39.7,0.7922114
24,4038.1,-1,0,0.0969144,298.8,39.7,0.7922114
27,4038,3,-0.1,0.109026,298.8,39.7,0.7922114
27,4038,0,0,0.109026,298.8,39.7,0.7922114
25,4038.1,-2,0.1,0.1009525,298.8,39.7,0.7922114
30,4037.9,5,-0.2,0.121137,298.8,39.7,0.7922114
24,4038.1,-6,0.2,0.0969144,298.8,39.7,0.7922114
27,4038,3,-0.1,0.109026,298.8,39.7,0.7922114
23,4038.1,-4,0.1,0.0928763,298.8,39.7,0.7922114
26,4038.1,3,0,0.1049906,298.8,39.7,0.7922114
29,4038,3,-0.1,0.117102,298.8,39.7,0.7922114
36,4037.8,7,-0.2,0.1453608,298.8,39.7,0.7922114
21,4038.2,-15,0.4,0.0848022,298.8,39.7,0.7922114
29,4038,8,-0.2,0.117102,298.9,39.7,0.79214186
31,4037.9,2,-0.1,0.1251749,298.9,39.7,0.79214186
31,4037.9,0,0,0.1251749,298.9,39.7,0.79214186
22,4038.2,-9,0.3,0.0888404,298.9,39.7,0.79214186
24,4038.1,2,-0.1,0.0969144,298.9,39.7,0.79214186
28,4038,4,-0.1,0.113064,298.9,39.7,0.79214186
28,4038,0,0,0.113064,298.9,39.7,0.79214186
32,4037.9,4,-0.1,0.1292128,298.9,39.7,0.79214186
33,4037.8,1,-0.1,0.1332474,298.9,39.7,0.79214186
29,4038,-4,0.2,0.117102,298.9,39.7,0.79214186
34,4037.8,5,-0.2,0.1372852,298.9,39.7,0.79214186
28,4038,-6,0.2,0.113064,298.9,39.7,0.79214186
26,4038,-2,0,0.104988,298.9,39.7,0.79214186
29,4037.9,3,-0.1,0.1170991,299,39.7,0.79207232
27,4038,-2,0.1,0.109026,299,39.7,0.79207232
32,4037.9,5,-0.1,0.1292128,299,39.7,0.79207232
33,4037.9,1,0,0.1332507,299,39.7,0.79207232
21,4038.2,-12,0.3,0.0848022,299,39.7,0.79207232
26,4038.1,5,-0.1,0.1049906,299,39.7,0.79207232
27,4038,1,-0.1,0.109026,299,39.7,0.79207232
27,4038,0,0,0.109026,299,39.7,0.79207232
33,4037.9,6,-0.1,0.1332507,299,39.7,0.79207232
31,4037.9,-2,0,0.1251749,299,39.7,0.79207232
25,4038.1,-6,0.2,0.1009525,299,39.7,0.79207232
28,4038,3,-0.1,0.113064,299,39.7,0.79207232
30,4037.9,2,-0.1,0.121137,299.1,39.7,0.79200278
24,4038.2,-6,0.3,0.0969168,299.1,39.7,0.79200278
37,4037.7,13,-0.5,0.1493949,299.1,39.7,0.79200278
29,4038,-8,0.3,0.117102,299.1,39.7,0.79200278
28,4038,-1,0,0.113064,299.1,39.7,0.79200278
25,4038.1,-3,0.1,0.1009525,299.1,39.7,0.79200278
25,4038.1,0,0,0.1009525,299.1,39.7,0.79200278
31,4037.9,6,-0.2,0.1251749,299.1,39.7,0.79200278
27,4038,-4,0.1,0.109026,299.1,39.7,0.79200278
31,4037.9,4,-0.1,0.1251749,299.1,39.7,0.79200278
29,4038,-2,0.1,0.117102,299.1,39.7,0.79200278
28,4038,-1,0,0.113064,299.1,39.7,0.79200278
30,4038,2,0,0.12114,299.1,39.7,0.79200278
26,4038.1,-4,0.1,0.1049906,299.2,39.7,0.79193324
30,4038,4,-0.1,0.12114,299.2,39.7,0.79193324
34,4037.8,4,-0.2,0.1372852,299.2,39.7,0.79193324
30,4038,-4,0.2,0.12114,299.2,39.7,0.79193324
29,4038,-1,0,0.117102,299.2,39.7,0.79193324
26,4038.1,-3,0.1,0.1049906,299.2,39.7,0.79193324
31,4038,5,-0.1,0.125178,299.2,39.7,0.79193324
31,4037.9,0,-0.1,0.1251749,299.2,39.7,0.79193324
29,4038,-2,0.1,0.117102,299.2,39.7,0.79193324
23,4038.2,-6,0.2,0.0928786,299.2,39.7,0.79193324
31,4038,8,-0.2,0.125178,299.2,39.7,0.79193324
25,4038.1,-6,0.1,0.1009525,299.2,39.7,0.79193324
30,4038,5,-0.1,0.12114,299.3,39.7,0.7918637
31,4037.9,1,-0.1,0.1251749,299.3,39.7,0.7918637
30,4038,-1,0.1,0.12114,299.3,39.7,0.7918637
25,4038.2,-5,0.2,0.100955,299.3,39.7,0.7918637
26,4038.1,1,-0.1,0.1049906,299.3,39.7,0.7918637
27,4038.1,1,0,0.1090287,299.3,39.7,0.7918637
24,4038.2,-3,0.1,0.0969168,299.3,39.7,0.7918637
24,4038.2,0,0,0.0969168,299.3,39.7,0.7918637
27,4038.1,3,-0.1,0.1090287,299.3,39.7,0.7918637
28,4038,1,-0.1,0.113064,299.3,39.7,0.7918637
30,4038,2,0,0.12114,299.3,39.7,0.7918637
25,4038.2,-5,0.2,0.100955,299.3,39.7,0.7918637
29,4038.1,4,-0.1,0.1171049,299.3,39.7,0.7918637
25,4038.2,-4,0.1,0.100955,299.3,39.7,0.7918637
756.1,4015.7,731.1,-22.5,3.0362708,299.6,39.7,0.79165508
754.1,4014.5,-2,-1.2,3.0273345,299.8,39.7,0.79151599
758.1,4013.5,4,-1,3.0426343,300,39.7,0.79137691
754.1,4012.9,-4,-0.6,3.0261279,300.2,39.7,0.79123783
760.1,4012.1,6,-0.8,3.0495972,300.4,39.7,0.79109875
1259,3996.1,498.9,-16,5.0310899,300.8,39.7,0.79082058
1766.1,3979.1,507.1,-17,7.0274885,301.2,39.7,0.79054242
1763.1,3977.2,-3,-1.9,7.0122013,301.7,39.7,0.79019471
1764.1,3975.5,1,-1.7,7.0131795,302.2,39.7,0.78984701
500.2,4013.1,-1263.9,37.6,2.0073526,302.4,39.7,0.78970793
487.1,4014.1,-13.1,1,1.9552681,302.5,39.7,0.78963839
493.1,4014.2,6,0.1,1.979402,302.6,39.7,0.78956885
495,4014.2,1.9,0,1.987029,302.8,39.7,0.78942976
497.1,4014.2,2.1,0,1.9954588,302.9,39.7,0.78936022
493.1,4014.3,-4,0.1,1.9794513,303,39.7,0.78929068
495.1,4014.2,2,-0.1,1.9874304,303.2,39.7,0.7891516
491.1,4014.3,-4,0.1,1.9714227,303.3,39.7,0.78908206
498,4014,6.9,-0.3,1.998972,303.5,39.7,0.78894298
479.1,4014.4,-18.9,0.4,1.923299,303.6,39.7,0.78887344
463.1,4014.9,-16,0.5,1.8593002,303.7,39.7,0.78880389
457.1,4015,-6,0.1,1.8352565,303.8,39.7,0.78873435
172.1,4023.8,-285,8.8,0.69249598,303.9,39.7,0.78866481
-121,4033.4,-293.1,9.6,-0.4880414,303.9,39.7,0.78866481
-117.1,4034.1,3.9,0.7,-0.47239311,303.8,39.7,0.78873435
-112.2,4034.5,4.9,0.4,-0.4526709,303.8,39.7,0.78873435
-118,4035.2,-5.8,0.7,-0.4761536,303.8,39.7,0.78873435
939.1,4002.8,1057.1,-32.4,3.7590295,304,39.7,0.78859527
1995,3968.9,1055.9,-33.9,7.9179555,304.6,39.7,0.78817803
1991.1,3966.4,-3.9,-2.5,7.897499,305.1,39.7,0.78783032
1995,3964.3,3.9,-2.1,7.9087785,305.7,39.7,0.78741307
1995,3962.5,0,-1.8,7.9051875,306.2,39.7,0.78706537
1997.1,3960.8,2.1,-1.7,7.9101137,306.8,39.7,0.78664812
1990.1,3959.6,-7,-1.2,7.88,307.3,39.7,0.78630042
1995.1,3958.1,5,-1.5,7.8968053,307.9,39.7,0.78588317
1995.1,3956.9,0,-1.2,7.8944112,308.5,39.7,0.78546592
1998.1,3955.5,3,-1.4,7.9034845,309,39.7,0.78511822
4,4015.9,-1994.1,60.4,0.0160636,309,39.7,0.78511822
9,4017.9,5,2,0.0361611,309,39.7,0.78511822
1,4019.5,-8,1.6,0.0040195,309,39.7,0.78511822
6,4020.5,5,1,0.024123,309,39.7,0.78511822
3,4021.4,-3,0.9,0.0120642,309,39.7,0.78511822
1,4022.2,-2,0.8,0.0040222,309,39.7,0.78511822
103.1,4019.8,102.1,-2.4,0.41444138,309,39.7,0.78511822
103.1,4020.3,0,0.5,0.41449293,309.1,39.7,0.78504868
98,4020.9,-5.1,0.6,0.3940482,309.1,39.7,0.78504868
101.2,4021.2,3.2,0.3,0.40694544,309.1,39.7,0.78504868
536,4008.1,434.8,-13.1,2.1483416,309.3,39.7,0.7849096
543.1,4007.6,7.1,-0.5,2.1765276,309.4,39.7,0.78484006
551.1,4007.1,8,-0.5,2.2083128,309.6,39.7,0.78470097
545.2,4007.2,-5.9,0.1,2.1847254,309.7,39.7,0.78463143
542.1,4007.2,-3.1,0,2.1723031,309.9,39.7,0.78449235
549.1,4006.9,7,-0.3,2.2001888,310,39.7,0.78442281
542.1,4007,-7,0.1,2.1721947,310.2,39.7,0.78428373
206.2,4017.3,-335.9,10.3,0.82836726,310.2,39.7,0.78428373
197.1,4018.1,-9.1,0.8,0.79196751,310.3,39.7,0.78421419
2321,3952.8,2123.9,-65.3,9.1744488,310.9,39.7,0.78379694
2322.1,3949.7,1.1,-3.1,9.1715984,311.6,39.7,0.78331015
2326.1,3947.2,4,-2.5,9.1815819,312.2,39.7,0.78289291
2326.1,3945.3,0,-1.9,9.1771623,312.9,39.7,0.78240612
2321.1,3943.8,-5,-1.5,9.1539542,313.5,39.7,0.78198887
2322,3942.2,0.9,-1.6,9.1537884,314.2,39.7,0.78150209
2318.1,3940.9,-3.9,-1.3,9.1354003,314.8,39.7,0.78108484
2319.2,3939.5,1.1,-1.4,9.1364884,315.5,39.7,0.78059805
1296.2,3969.6,-1023,30.1,5.1453955,315.8,39.7,0.78038943
1297.1,3969.9,0.9,0.3,5.1493573,316.2,39.7,0.78011127
1293.1,3970.1,-4,0.2,5.1337363,316.5,39.7,0.77990264
767.1,3986.2,-526,16.1,3.057814,316.8,39.7,0.77969402
241.2,4003.1,-525.9,16.9,0.96554772,316.8,39.7,0.77969402
241.1,4004.4,-0.1,1.3,0.96546084,316.9,39.7,0.77962448
241.1,4005.4,0,1,0.96570194,317,39.7,0.77955494
248.1,4006.1,7,0.7,0.99391341,317,39.7,0.77955494
248.1,4006.7,0,0.6,0.99406227,317.1,39.7,0.7794854
240.2,4007.6,-7.9,0.9,0.96262552,317.2,39.7,0.77941586
245,4008.1,4.8,0.5,0.9819845,317.2,39.7,0.77941586
241.2,4008.8,-3.8,0.7,0.96692256,317.3,39.7,0.77934631
-83,4019.3,-324.2,10.5,-0.3336019,317.3,39.7,0.77934631
-86,4020.5,-3,1.2,-0.345763,317.2,39.7,0.77941586
-81,4021.2,5,0.7,-0.3257172,317.2,39.7,0.77941586
-76,4021.7,5,0.5,-0.3056492,317.2,39.7,0.77941586
-81,4022.6,-5,0.9,-0.3258306,317.2,39.7,0.77941586
-81,4023.3,0,0.7,-0.3258873,317.2,39.7,0.77941586
-85,4024,-4,0.7,-0.34204,317.1,39.7,0.7794854
-83,4024.5,2,0.5,-0.3340335,317.1,39.7,0.7794854
143,4018,226,-6.5,0.574574,317.2,39.7,0.77941586
367,4011.2,224,-6.8,1.4721104,317.3,39.7,0.77934631
375.1,4010.8,8.1,-0.4,1.5044511,317.4,39.7,0.77927677
368.1,4011,-7,0.2,1.4764491,317.5,39.7,0.77920723
372.1,4010.9,4,-0.1,1.4924559,317.6,39.7,0.77913769
371.2,4010.9,-0.9,0,1.4888461,317.7,39.7,0.77906815
373.2,4010.9,2,0,1.4968679,317.8,39.7,0.77899861
366.2,4011.2,-7,0.3,1.4689014,317.9,39.7,0.77892907
371.1,4011.1,4.9,-0.1,1.4885192,318,39.7,0.77885953
208.2,4016.2,-162.9,5.1,0.83617284,318,39.7,0.77885953
39,4021.7,-169.2,5.5,0.1568463,318,39.7,0.77885953
43,4022.1,4,0.4,0.1729503,318.1,39.7,0.77878999
36,4022.8,-7,0.7,0.1448208,318.1,39.7,0.77878999
41,4023.1,5,0.3,0.1649471,318.1,39.7,0.77878999
44,4023.3,3,0.2,0.1770252,318.1,39.7,0.77878999
56,4023.3,12,0,0.2253048,318.1,39.7,0.77878999
57,4023.5,1,0.2,0.2293395,318.1,39.7,0.77878999
50,4024,-7,0.5,0.2012,318.1,39.7,0.77878999
217,4019.1,167,-4.9,0.8721447,318.2,39.7,0.77872045
368,4014.5,151,-4.6,1.477336,318.3,39.7,0.7786509
368.1,4014.3,0.1,-0.2,1.4776638,318.4,39.7,0.77858136
363.1,4014.3,-5,0,1.4575923,318.5,39.7,0.77851182
365.2,4014.2,2.1,-0.1,1.4659858,318.6,39.7,0.77844228
370.1,4014,4.9,-0.2,1.4855814,318.7,39.7,0.77837274
-658.9,4045.8,-1029,31.8,-2.6657776,318.5,39.7,0.77851182
-663,4047.6,-4.1,1.8,-2.6835588,318.3,39.7,0.7786509
-667.1,4048.9,-4.1,1.3,-2.7010212,318.2,39.7,0.77872045
-878.9,4056.5,-211.8,7.6,-3.5652579,317.9,39.7,0.77892907
-133.1,4034.8,745.8,-21.7,-0.53703188,317.9,39.7,0.77892907
-133.1,4034.7,0,-0.1,-0.53701857,317.8,39.7,0.77899861
-141.1,4035.1,-8,0.4,-0.56935261,317.8,39.7,0.77899861
-131.2,4035,9.9,-0.1,-0.529392,317.8,39.7,0.77899861
427.1,4017.8,558.3,-17.2,1.7160024,317.9,39.7,0.77892907
984.1,3999.9,557,-17.9,3.9363016,318.1,39.7,0.77878999
985,3998.5,0.9,-1.4,3.9385225,318.4,39.7,0.77858136
979.1,3997.6,-5.9,-0.9,3.9140502,318.7,39.7,0.77837274
982.1,3996.6,3,-1,3.9250609,319,39.7,0.77816412
67,4024.1,-915.1,27.5,0.2696147,319,39.7,0.77816412
65,4024.9,-2,0.8,0.2616185,319,39.7,0.77816412
68,4025.3,3,0.4,0.2737204,319,39.7,0.77816412
69,4025.6,1,0.3,0.2777664,319,39.7,0.77816412
68,4025.9,-1,0.3,0.2737612,319.1,39.7,0.77809458
291.1,4019.3,223.1,-6.6,1.1700182,319.1,39.7,0.77809458
518.1,4012.1,227,-7.2,2.078669,319.3,39.7,0.77795549
511.2,4011.9,-6.9,-0.2,2.0508833,319.4,39.7,0.77788595
515.2,4011.4,4,-0.5,2.0666733,319.6,39.7,0.77774687
515.1,4011.1,-0.1,-0.3,2.0661176,319.7,39.7,0.77767733
518.1,4010.8,3,-0.3,2.0779955,319.9,39.7,0.77753825
513.1,4010.7,-5,-0.1,2.0578902,320,39.7,0.77746871
1377,3983.8,863.9,-26.9,5.4856926,320.4,39.7,0.77719054
2236.2,3955.7,859.2,-28.1,8.8457363,321,39.7,0.7767733
2239,3953,2.8,-2.7,8.850767,321.6,39.7,0.77635605
2242.1,3950.7,3.1,-2.3,8.8578645,322.2,39.7,0.7759388
2242.1,3948.8,0,-1.9,8.8536045,322.9,39.7,0.77545202
2236.1,3947.3,-6,-1.5,8.8265575,323.5,39.7,0.77503477
1576.2,3966,-659.9,18.7,6.2512092,323.9,39.7,0.77475661
905.2,3986.2,-671,20.2,3.6083082,324.2,39.7,0.77454798
902.1,3986.8,-3.1,0.6,3.5964923,324.4,39.7,0.7744089
910.2,3986.7,8.1,-0.1,3.6286943,324.7,39.7,0.77420028
904.2,3986.9,-6,0.2,3.604955,324.9,39.7,0.7740612
905.1,3986.8,0.9,-0.1,3.6084527,325.2,39.7,0.77385257
905.1,3986.8,0,0,3.6084527,325.4,39.7,0.77371349
-85,4017.4,-990.1,30.6,-0.341479,325.4,39.7,0.77371349
-83,4018.8,2,1.4,-0.3335604,325.4,39.7,0.77371349
-84,4020,-1,1.2,-0.33768,325.4,39.7,0.77371349
-80,4020.8,4,0.8,-0.321664,325.3,39.7,0.77378303
901.1,3991.3,981.1,-29.5,3.5965604,325.6,39.7,0.77357441
909.1,3990.1,8,-1.2,3.6273999,325.8,39.7,0.77343533
899.2,3989.8,-9.9,-0.3,3.5876282,326.1,39.7,0.7732267
-956,4046.9,-1855.2,57.1,-3.8688364,325.8,39.7,0.77343533
-956.1,4049.6,-0.1,2.7,-3.8718226,325.6,39.7,0.77357441
2283,3951.4,3239.1,-98.2,9.0210462,326.2,39.7,0.77315716
2288.1,3947.7,5.1,-3.7,9.0327324,326.8,39.7,0.77273992
2285.1,3945.3,-3,-2.4,9.015405,327.5,39.7,0.77225313
2288.1,3943.1,3,-2.2,9.0222071,328.1,39.7,0.77183588
-756.9,4035.4,-3045,92.3,-3.0543943,327.9,39.7,0.77197497
-755.1,4038.6,1.8,3.2,-3.0495469,327.7,39.7,0.77211405
-754,4040.9,1.1,2.3,-3.0468386,327.5,39.7,0.77225313
-756.9,4042.8,-2.9,1.9,-3.0599953,327.3,39.7,0.77239221
-756,4044.4,0.9,1.6,-3.0575664,327.1,39.7,0.77253129
-760,4045.9,-4,1.5,-3.074884,326.8,39.7,0.77273992
-759.1,4047.3,0.9,1.4,-3.0723054,326.6,39.7,0.772879
-755,4048.3,4.1,1,-3.0564665,326.4,39.7,0.77301808
-763,4049.7,-8,1.4,-3.0899211,326.2,39.7,0.77315716
-757,4050.6,6,0.9,-3.0663042,326,39.7,0.77329624
-214.1,4034.8,542.9,-15.8,-0.86385068,325.9,39.7,0.77336579
-217,4034.9,-2.9,0.1,-0.8755733,325.9,39.7,0.77336579
-219.1,4035.2,-2.1,0.3,-0.88411232,325.8,39.7,0.77343533
-210.1,4035.2,9,0,-0.84779552,325.8,39.8,0.77343533
553.1,4011.8,763.2,-23.4,2.2189266,325.9,39.8,0.77336579
1319.1,3987.3,766,-24.5,5.2596474,326.3,39.8,0.77308762
1317.2,3985.4,-1.9,-1.9,5.2495689,326.7,39.8,0.77280946
629.2,4005.2,-688,19.8,2.5200718,326.8,39.8,0.77273992
-52,4026.3,-681.2,21.1,-0.2093676,326.8,39.8,0.77273992
-50,4027,2,0.7,-0.20135,326.8,39.8,0.77273992
-49,4027.6,1,0.6,-0.1973524,326.8,39.8,0.77273992
-57,4028.3,-8,0.7,-0.2296131,326.8,39.8,0.77273992
462,4012.6,519,-15.7,1.8538212,326.9,39.8,0.77267038
971.9,3996.3,509.9,-16.3,3.884004,327.2,39.8,0.77246175
973.1,3995.1,1.2,-1.2,3.8876318,327.4,39.8,0.77232267
975.2,3994.2,2.1,-0.9,3.8951438,327.7,39.8,0.77211405
312.3,4013.8,-662.9,19.6,1.2535097,327.8,39.8,0.77204451
316.1,4014.1,3.8,0.3,1.268857,327.9,39.8,0.77197497
313.1,4014.4,-3,0.3,1.2569086,328,39.8,0.77190542
308.2,4014.7,-4.9,0.3,1.2373305,328.1,39.8,0.77183588
314.1,4014.6,5.9,-0.1,1.2609859,328.1,39.8,0.77183588
1387.1,3981.5,1073,-33.1,5.5227386,328.5,39.8,0.77155772
1395.1,3979.6,8,-1.9,5.55194,328.9,39.8,0.77127955
1388.1,3978.5,-7,-1.1,5.5225558,329.3,39.8,0.77100139
1392.1,3977.2,4,-1.3,5.5366601,329.7,39.8,0.77072323
1389.2,3976.3,-2.9,-0.9,5.523876,330.1,39.8,0.77044506
1392.1,3975.3,2.9,-1,5.5340151,330.5,39.8,0.7701669
1386.2,3974.6,-5.9,-0.7,5.5095905,330.8,39.8,0.76995828
1390.2,3973.7,4,-0.9,5.5242377,331.2,39.8,0.76968011
1381.1,3973.2,-9.1,-0.5,5.4873865,331.6,39.8,0.76940195
1397.1,3972,16,-1.2,5.5492812,332,39.8,0.76912378
567.2,3996.9,-829.9,24.9,2.2670417,332.2,39.8,0.7689847
568.1,3997.5,0.9,0.6,2.2709798,332.3,39.8,0.76891516
-1107,4049.8,-1675.1,52.3,-4.4831286,332,39.8,0.76912378
-1110,4052.9,-3,3.1,-4.498719,331.7,39.8,0.76933241
-1105,4055.1,5,2.2,-4.4808855,331.4,39.8,0.76954103
-1103,4057,2,1.9,-4.474871,331.1,39.8,0.76974965
-305.1,4034.1,797.9,-22.9,-1.2308039,331,39.8,0.76981919
499.9,4009.3,805,-24.8,2.0042491,331.1,39.8,0.76974965
504,4008.4,4.1,-0.9,2.0202336,331.3,39.8,0.76961057
504.1,4007.8,0.1,-0.6,2.020332,331.4,39.8,0.76954103
503.1,4007.5,-1,-0.3,2.0161733,331.6,39.8,0.76940195
503.1,4007.2,0,-0.3,2.0160223,331.7,39.8,0.76933241
502.2,4007,-0.9,-0.2,2.0123154,331.8,39.8,0.76926287
504.1,4006.8,1.9,-0.2,2.0198279,332,39.8,0.76912378
493.1,4007,-11,0.2,1.9758517,332.1,39.8,0.76905424
898.1,3994.3,405,-12.7,3.5872808,332.4,39.8,0.76884562
1297.1,3981.3,399,-13,5.1641442,332.7,39.8,0.768637
1302.1,3979.9,5,-1.4,5.1822278,333.1,39.8,0.76835883
1297.1,3979,-5,-0.9,5.1611609,333.5,39.8,0.76808067
-255,4026.1,-1552.1,47.1,-1.0266555,333.4,39.8,0.76815021
-250.1,4027.7,4.9,1.6,-1.0073278,333.3,39.8,0.76821975
-246.1,4028.8,4,1.1,-0.99148768,333.2,39.8,0.76828929
-248,4029.8,-1.9,1,-0.9993904,333.2,39.8,0.76828929
-249,4030.6,-1,0.8,-1.0036194,333.1,39.8,0.76835883
-250.1,4031.4,-1.1,0.8,-1.0082531,333,39.8,0.76842837
-251,4032.1,-0.9,0.7,-1.0120571,333,39.8,0.76842837
68,4022.7,319,-9.4,0.2735436,333,39.8,0.76842837
74,4022.5,6,-0.2,0.297665,333,39.8,0.76842837
71,4022.8,-3,0.3,0.2856188,333,39.8,0.76842837
72,4022.9,1,0.1,0.2896488,333,39.8,0.76842837
-269.1,4033.8,-341.1,10.9,-1.0854956,333,39.8,0.76842837
-263.1,4034.3,6,0.5,-1.0614243,332.9,39.8,0.76849791
-268.1,4035.1,-5,0.8,-1.0818103,332.8,39.8,0.76856745
-269,4035.7,-0.9,0.6,-1.0856033,332.7,39.8,0.768637
-266,4036.1,3,0.4,-1.0736026,332.7,39.8,0.768637
827,4002.7,1093,-33.4,3.3102329,332.9,39.8,0.76849791
828.1,4001.3,1.1,-1.4,3.3134765,333.1,39.8,0.76835883
833.1,4000.2,5,-1.1,3.3325666,333.4,39.8,0.76815021
830.1,3999.5,-3,-0.7,3.3199849,333.6,39.8,0.76801113
314.1,4014.7,-516,15.2,1.2610173,333.7,39.8,0.76794159
313.1,4015,-1,0.3,1.2570965,333.8,39.8,0.76787204
315.1,4015,2,0,1.2651265,333.9,39.8,0.7678025
317.2,4015,2.1,0,1.273558,333.9,39.8,0.7678025
317.1,4015,-0.1,0,1.2731565,334,39.8,0.76773296
612,4005.9,294.9,-9.1,2.4516108,334.2,39.8,0.76759388
609.1,4005.5,-2.9,-0.4,2.43975,334.4,39.8,0.7674548
613.1,4005,4,-0.5,2.4554655,334.5,39.8,0.76738526
613.1,4004.7,0,-0.3,2.4552816,334.7,39.8,0.76724618
614.1,4004.4,1,-0.3,2.459102,334.9,39.8,0.76710709
608.1,4004.3,-6,-0.1,2.4350148,335.1,39.8,0.76696801
612,4003.9,3.9,-0.4,2.4503868,335.2,39.8,0.76689847
608.1,4003.7,-3.9,-0.2,2.43465,335.4,39.8,0.76675939
612,4003.4,3.9,-0.3,2.4500808,335.6,39.8,0.76662031
2089.9,3957.6,1477.9,-45.8,8.2709882,336.1,39.8,0.7662726
2085.1,3955.1,-4.8,-2.5,8.246779,336.7,39.8,0.76585535
2089,3953,3.9,-2.1,8.257817,337.3,39.8,0.76543811
2086.1,3951.3,-2.9,-1.7,8.2428069,337.9,39.8,0.76502086
2090.1,3949.7,4,-1.6,8.255268,338.5,39.8,0.76460362
2088,3948.3,-2.1,-1.4,8.2440504,339,39.8,0.76425591
2093,3946.7,5,-1.6,8.2604431,339.6,39.8,0.76383866
830.2,3984.3,-1262.8,37.6,3.3077659,339.9,39.8,0.76363004
-425,4023.9,-1255.2,39.6,-1.7101575,339.7,39.8,0.76376912
-425,4026.3,0,2.4,-1.7111775,339.6,39.8,0.76383866
-423,4028.1,2,1.8,-1.7038863,339.5,39.8,0.76390821
-420.1,4029.5,2.9,1.4,-1.6927929,339.4,39.8,0.76397775
-427,4031,-6.9,1.5,-1.721237,339.3,39.8,0.76404729
140.1,4014.5,567.1,-16.5,0.56243145,339.3,39.8,0.76404729
134.1,4014.8,-6,0.3,0.53838468,339.3,39.8,0.76404729
135.1,4015,1,0.2,0.5424265,339.4,39.8,0.76397775
143.1,4015.1,8,0.1,0.57456081,339.4,39.8,0.76397775
138.1,4015.5,-5,0.4,0.55454055,339.5,39.8,0.76390821
134.1,4016,-4,0.5,0.5385456,339.5,39.8,0.76390821
138.1,4016.1,4,0.1,0.55462341,339.5,39.8,0.76390821
139.2,4016.4,1.1,0.3,0.55908288,339.6,39.8,0.76383866
139.1,4016.6,-0.1,0.2,0.55870906,339.6,39.8,0.76383866
136.2,4017,-2.9,0.4,0.5471154,339.6,39.8,0.76383866
1170,3985.3,1033.8,-31.7,4.662801,340,39.8,0.7635605
2204,3951.9,1034,-33.4,8.7099876,340.6,39.8,0.76314325
2200.1,3949.3,-3.9,-2.6,8.6888549,341.2,39.8,0.76272601
2208,3946.9,7.9,-2.4,8.7147552,341.8,39.8,0.76230876
1106.2,3978.9,-1101.8,32,4.4014592,342.1,39.8,0.76210014
6,4012.9,-1100.2,34,0.0240774,342.1,39.8,0.76210014
3,4014.6,-3,1.7,0.0120438,342.1,39.8,0.76210014
226,4008.8,223,-5.8,0.9059888,342.2,39.8,0.7620306
441.1,4002.7,215.1,-6.1,1.765591,342.3,39.8,0.76196106
449,4002.5,7.9,-0.2,1.7971225,342.4,39.8,0.76189152
444.1,4002.8,-4.9,0.3,1.7776435,342.6,39.8,0.76175243
448,4002.8,3.9,0,1.7932544,342.7,39.8,0.76168289
448.1,4002.9,0.1,0.1,1.7936995,342.8,39.8,0.76161335
447.1,4003,-1,0.1,1.7897413,342.9,39.8,0.76154381
450.1,4003.1,3,0.1,1.8017953,343.1,39.8,0.76140473
444.1,4003.3,-6,0.2,1.7778655,343.2,39.8,0.76133519
-728,4039.8,-1172.1,36.5,-2.9409744,343,39.8,0.76147427
-728.1,4041.8,-0.1,2,-2.9428346,342.8,39.8,0.76161335
-729,4043.4,-0.9,1.6,-2.9476386,342.6,39.8,0.76175243
-375.1,4033.8,353.9,-9.6,-1.5130784,342.5,39.8,0.76182197
-379.1,4034.6,-4,0.8,-1.5295169,342.4,39.8,0.76189152
-378.1,4035.2,1,0.6,-1.5257091,342.3,39.8,0.76196106
-374,4035.8,4.1,0.6,-1.5093892,342.1,39.8,0.76210014
1713.9,3971.9,2087.9,-63.9,6.8074394,342.6,39.8,0.76175243
1721.1,3968.8,7.2,-3.1,6.8307017,343.1,39.8,0.76140473
1725.1,3966.6,4,-2.2,6.8427817,343.6,39.8,0.76105702
1715.1,3965.2,-10,-1.4,6.8007145,344.1,39.8,0.76070932
1717.1,3963.6,2,-1.6,6.8058976,344.5,39.8,0.76043115
1723.1,3962.1,6,-1.5,6.8270945,345,39.8,0.76008345
245.1,4006.4,-1478,44.3,0.98196864,345.1,39.8,0.76001391
244.1,4007.7,-1,1.3,0.97827957,345.1,39.8,0.76001391
244.2,4008.4,0.1,0.7,0.97885128,345.2,39.8,0.75994437
247.1,4008.9,2.9,0.5,0.99059919,345.3,39.8,0.75987483
244.1,4009.4,-3,0.5,0.97869454,345.4,39.8,0.75980529
248.1,4009.7,4,0.3,0.99480657,345.4,39.8,0.75980529
245.1,4010.1,-3,0.4,0.98287551,345.5,39.8,0.75973574
247.1,4010.4,2,0.3,0.99096984,345.6,39.8,0.7596662
250.1,4010.5,3,0.1,1.0030261,345.6,39.8,0.7596662
245,4010.9,-5.1,0.4,0.9826705,345.7,39.8,0.75959666
209.1,4012.3,-35.9,1.4,0.83897193,345.8,39.8,0.75952712
205.1,4012.7,-4,0.4,0.82300477,345.8,39.8,0.75952712
208.1,4012.9,3,0.2,0.83508449,345.9,39.8,0.75945758
212.1,4013,4,0.1,0.8511573,345.9,39.8,0.75945758
203.1,4013.5,-9,0.5,0.81514185,346,39.8,0.75938804
211.1,4013.4,8,-0.1,0.84722874,346,39.8,0.75938804
202.1,4013.9,-9,0.5,0.81120919,346.1,39.8,0.7593185
581,4002.4,378.9,-11.5,2.3253944,346.3,39.8,0.75917942
582.1,4001.9,1.1,-0.5,2.329506,346.4,39.8,0.75910987
587.1,4001.5,5,-0.4,2.3492806,346.6,39.8,0.75897079
583.1,4001.3,-4,-0.2,2.333158,346.7,39.8,0.75890125
586.1,4001,3,-0.3,2.3449861,346.9,39.8,0.75876217
583.1,4000.9,-3,-0.1,2.3329248,347.1,39.8,0.75862309
587,4000.6,3.9,-0.3,2.3483522,347.2,39.8,0.75855355
583.1,4000.6,-3.9,0,2.3327499,347.4,39.8,0.75841446
587,4000.3,3.9,-0.3,2.3481761,347.6,39.8,0.75827538
1194,3981.4,607,-18.9,4.7537916,347.9,39.8,0.75806676
1194.1,3980.3,0.1,-1.1,4.7528762,348.2,39.8,0.75785814
1197.1,3979.3,3,-1,4.76362,348.6,39.8,0.75757997
1202.1,3978.3,5,-1,4.7823144,348.9,39.8,0.75737135
1189.1,3978,-13,-0.3,4.7302398,349.2,39.8,0.75716273
1193.1,3977.2,4,-0.8,4.7451973,349.6,39.8,0.75688456
1856.9,3956.2,663.8,-21,7.3462678,350.1,39.8,0.75653686
2526,3934.1,669.1,-22.1,9.9375366,350.8,39.8,0.75605007
2523.1,3931.8,-2.9,-2.3,9.9203246,351.5,39.8,0.75556328
2526.1,3929.8,3,-2,9.9270678,352.2,39.8,0.7550765
2528.2,3928.1,2.1,-1.7,9.9310224,352.9,39.8,0.75458971
2526.1,3926.5,-2.1,-1.6,9.9187316,353.6,39.8,0.75410292
2522.1,3925.2,-4,-1.3,9.8997469,354.3,39.8,0.75361613
2527.1,3923.7,5,-1.5,9.9155823,355,39.8,0.75312935
53,3998.3,-2474.1,74.6,0.2119099,355,39.8,0.75312935
56,4000.6,3,2.3,0.2240336,355,39.8,0.75312935
51,4002.5,-5,1.9,0.2041275,355,39.8,0.75312935
49,4003.9,-2,1.4,0.1961911,355,39.8,0.75312935
55,4004.9,6,1,0.2202695,355.1,39.8,0.75305981
50,4006.1,-5,1.2,0.200305,355.1,39.8,0.75305981
49,4007,-1,0.9,0.196343,355.1,39.8,0.75305981
47,4007.9,-2,0.9,0.1883713,355.1,39.8,0.75305981
-205,4016.5,-252,8.6,-0.8233825,355,39.8,0.75312935
-210,4017.8,-5,1.3,-0.843738,355,39.8,0.75312935
-207.1,4018.7,2.9,0.9,-0.83227277,354.9,39.8,0.75319889
-116.3,4016.8,90.8,-1.9,-0.46715384,354.9,39.8,0.75319889
-13,4014.3,103.3,-2.5,-0.0521859,354.9,39.8,0.75319889
-16,4014.9,-3,0.6,-0.0642384,354.9,39.8,0.75319889
-15,4015.4,1,0.5,-0.060231,354.9,39.8,0.75319889
-11,4015.8,4,0.4,-0.0441738,354.9,39.8,0.75319889
-15,4016.3,-4,0.5,-0.0602445,354.9,39.8,0.75319889
-18,4017,-3,0.7,-0.072306,354.9,39.8,0.75319889
-15,4017.3,3,0.3,-0.0602595,354.9,39.8,0.75319889
-21,4018,-6,0.7,-0.084378,354.9,39.8,0.75319889
-17,4018.3,4,0.3,-0.0683111,354.8,39.8,0.75326843
-752,4041.4,-735,23.1,-3.0391328,354.6,39.8,0.75340751
-756,4043.1,-4,1.7,-3.0565836,354.4,39.8,0.75354659
-754.1,4044.3,1.9,1.2,-3.0498066,354.2,39.8,0.75368567
-757,4045.6,-2.9,1.3,-3.0625192,354,39.8,0.75382476
-754,4046.6,3,1,-3.0511364,353.8,39.8,0.75396384
-756.1,4047.7,-2.1,1.1,-3.060466,353.6,39.8,0.75410292
-757,4048.7,-0.9,1,-3.0648659,353.4,39.8,0.754242
-751,4049.4,6,0.7,-3.0410994,353.2,39.8,0.75438108
-362.1,4038.3,388.9,-11.1,-1.4622684,353.1,39.8,0.75445063
31,4026.2,393.1,-12.1,0.1248122,353.1,39.8,0.75445063
35,4025.7,4,-0.5,0.1408995,353.1,39.8,0.75445063
33,4025.6,-2,-0.1,0.1328448,353.1,39.8,0.75445063
37,4025.5,4,-0.1,0.1489435,353.1,39.8,0.75445063
35,4025.5,-2,0,0.1408925,353.1,39.8,0.75445063
39,4025.4,4,-0.1,0.1569906,353.1,39.8,0.75445063
40,4025.4,1,0,0.161016,353.1,39.8,0.75445063
34,4025.6,-6,0.2,0.1368704,353.1,39.8,0.75445063
38,4025.6,4,0,0.1529728,353.2,39.8,0.75438108
32,4025.8,-6,0.2,0.1288256,353.2,39.8,0.75438108
39,4025.7,7,-0.1,0.1570023,353.2,39.8,0.75438108
32,4026,-7,0.3,0.128832,353.2,39.8,0.75438108
33,4026,1,0,0.132858,353.2,39.8,0.75438108
43,4025.8,10,-0.2,0.1731094,353.2,39.8,0.75438108
29,4026.3,-14,0.5,0.1167627,353.2,39.8,0.75438108
40,4026.1,11,-0.2,0.161044,353.2,39.8,0.75438108
33,4026.3,-7,0.2,0.1328679,353.2,39.8,0.75438108
36,4026.3,3,0,0.1449468,353.2,39.8,0.75438108
34,4026.5,-2,0.2,0.136901,353.3,39.8,0.75431154
29,4026.7,-5,0.2,0.1167743,353.3,39.8,0.75431154
32,4026.7,3,0,0.1288544,353.3,39.8,0.75431154
40,4026.5,8,-0.2,0.16106,353.3,39.8,0.75431154
30,4026.9,-10,0.4,0.120807,353.3,39.8,0.75431154
34,4026.8,4,-0.1,0.1369112,353.3,39.8,0.75431154
37,4026.8,3,0,0.1489916,353.3,39.8,0.75431154
35,4027,-2,0.2,0.140945,353.3,39.8,0.75431154
33,4027.1,-2,0.1,0.1328943,353.3,39.8,0.75431154
38,4027,5,-0.1,0.153026,353.3,39.8,0.75431154
39,4027,1,0,0.157053,353.4,39.8,0.754242
29,4027.4,-10,0.4,0.1167946,353.4,39.8,0.754242
37,4027.2,8,-0.2,0.1490064,353.4,39.8,0.754242
29,4027.5,-8,0.3,0.1167975,353.4,39.8,0.754242
34,4027.4,5,-0.1,0.1369316,353.4,39.8,0.754242
31,4027.6,-3,0.2,0.1248556,353.4,39.8,0.754242
38,4027.5,7,-0.1,0.153045,353.4,39.8,0.754242
40,4027.4,2,-0.1,0.161096,353.4,39.8,0.754242
32,4027.7,-8,0.3,0.1288864,353.4,39.8,0.754242
38,4027.6,6,-0.1,0.1530488,353.4,39.8,0.754242
39,4027.7,1,0.1,0.1570803,353.5,39.8,0.75417246
29,4028,-10,0.3,0.116812,353.5,39.8,0.75417246
35,4027.9,6,-0.1,0.1409765,353.5,39.8,0.75417246
34,4028,-1,0.1,0.136952,353.5,39.8,0.75417246
38,4027.9,4,-0.1,0.1530602,353.5,39.8,0.75417246
43,4027.8,5,-0.1,0.1731954,353.5,39.8,0.75417246
31,4028.2,-12,0.4,0.1248742,353.5,39.8,0.75417246
37,4028.1,6,-0.1,0.1490397,353.5,39.8,0.75417246
33,4028.3,-4,0.2,0.1329339,353.5,39.8,0.75417246
37,4028.2,4,-0.1,0.1490434,353.5,39.8,0.75417246
40,4028.2,3,0,0.161128,353.5,39.8,0.75417246
37,4028.3,-3,0.1,0.1490471,353.6,39.8,0.75410292
36,4028.4,-1,0.1,0.1450224,353.6,39.8,0.75410292
37,4028.4,1,0,0.1490508,353.6,39.8,0.75410292
35,4028.5,-2,0.1,0.1409975,353.6,39.8,0.75410292
35,4028.6,0,0.1,0.141001,353.6,39.8,0.75410292
36,4028.6,1,0,0.1450296,353.6,39.8,0.75410292
37,4028.6,1,0,0.1490582,353.6,39.8,0.75410292
36,4028.7,-1,0.1,0.1450332,353.6,39.8,0.75410292
37,4028.7,1,0,0.1490619,353.6,39.8,0.75410292
31,4028.9,-6,0.2,0.1248959,353.6,39.8,0.75410292
1739,3976.3,1708,-52.6,6.9147857,354.1,39.8,0.75375522
1738.1,3973.6,-0.9,-2.7,6.9065142,354.6,39.8,0.75340751
1744.1,3971.3,6,-2.3,6.9263443,355.1,39.8,0.75305981
1744.1,3969.5,0,-1.8,6.9232049,355.6,39.8,0.7527121
1747.1,3967.7,3,-1.8,6.9319687,356.1,39.8,0.75236439
-190.1,4026,-1937.2,58.3,-0.7653426,356,39.8,0.75243394
-179.1,4027.5,11,1.5,-0.72132525,356,39.8,0.75243394
-182,4028.7,-2.9,1.2,-0.7332234,355.9,39.8,0.75250348
-186,4029.6,-4,0.9,-0.7495056,355.9,39.8,0.75250348
-187.1,4030.4,-1.1,0.8,-0.75408784,355.8,39.8,0.75257302
-186,4031,1.1,0.6,-0.749766,355.8,39.8,0.75257302
-177,4031.3,9,0.3,-0.7135401,355.7,39.8,0.75264256
-186.1,4032,-9.1,0.7,-0.7503552,355.7,39.8,0.75264256
2118.8,3961.2,2304.9,-70.8,8.3929906,356.2,39.8,0.75229485
2114.1,3958,-4.7,-3.2,8.3676078,356.8,39.8,0.75187761
2113.1,3955.5,-1,-2.5,8.3583671,357.4,39.8,0.75146036
2315,3947.1,201.9,-8.4,9.1375365,358.1,39.8,0.75097357
2511,3938.9,196,-8.2,9.8905779,358.8,39.8,0.75048679
2510.1,3936.6,-0.9,-2.3,9.8812597,359.5,39.8,0.75
2507.2,3934.7,-2.9,-1.9,9.8650798,360.2,39.8,0.74951321
2510,3932.8,2.8,-1.9,9.871328,360.9,39.8,0.74902643
1989.1,3946.9,-520.9,14.1,7.8507788,361.4,39.8,0.74867872
1470.2,3962,-518.9,15.1,5.8249324,361.8,39.8,0.74840056
1471.1,3961.7,0.9,-0.3,5.8280569,362.2,39.8,0.74812239
1588.1,3957.8,117,-3.9,6.2853822,362.7,39.8,0.74777469
1706.1,3953.5,118,-4.3,6.7450664,363.1,39.8,0.74749652
1703.1,3952.8,-3,-0.7,6.7320137,363.6,39.8,0.74714882
1706.1,3952,3,-0.8,6.7425072,364.1,39.8,0.74680111
1710.1,3951.2,4,-0.8,6.7569471,364.6,39.8,0.74645341
1711.1,3950.4,1,-0.8,6.7595294,365,39.8,0.74617524
1701.1,3950.1,-10,-0.3,6.7195151,365.5,39.8,0.74582754
2377,3928.8,675.9,-21.3,9.3387576,366.2,39.8,0.74534075
2380.1,3927.1,3.1,-1.7,9.3468907,366.8,39.8,0.7449235
2375.1,3925.9,-5,-1.2,9.3244051,367.5,39.8,0.74443672
2377.1,3924.7,2,-1.2,9.3294044,368.1,39.8,0.74401947
2379.1,3923.5,2,-1.2,9.3343989,368.8,39.8,0.74353268
1493.2,3949.6,-885.9,26.1,5.8975427,369.2,39.8,0.74325452
1495.1,3949.7,1.9,0.1,5.9051965,369.6,39.8,0.74297636
1495.1,3949.7,0,0,5.9051965,370.1,39.8,0.74262865
1491.2,3949.7,-3.9,0,5.8897926,370.5,39.8,0.74235049
1496,3949.5,4.8,-0.2,5.908452,370.9,39.8,0.74207232
1493.1,3949.3,-2.9,-0.2,5.8966998,371.3,39.8,0.74179416
1491.1,3949.2,-2,-0.1,5.8886521,371.7,39.8,0.74151599
1492.1,3949,1,-0.2,5.8923029,372.1,39.8,0.74123783
1492.1,3948.8,0,-0.2,5.8920045,372.5,39.8,0.74095967
1496.1,3948.4,4,-0.4,5.9072012,373,39.8,0.74061196
560.2,3976.9,-935.9,28.5,2.2278594,373.1,39.8,0.74054242
-385,4007.4,-945.2,30.5,-1.542849,373,39.8,0.74061196
-374,4009.4,11,2,-1.4995156,372.9,39.8,0.7406815
-377.1,4011.4,-3.1,2,-1.5126989,372.8,39.8,0.74075104
-382.1,4013.2,-5,1.8,-1.5334437,372.7,39.8,0.74082058
-376,4014.5,6.1,1.3,-1.509452,372.6,39.8,0.74089013
-382,4016,-6,1.5,-1.534112,372.5,39.8,0.74095967
-384,4017.4,-2,1.4,-1.5426816,372.4,39.8,0.74102921
-382,4018.5,2,1.1,-1.535067,372.3,39.8,0.74109875
-361,4019,21,0.5,-1.450859,372.2,39.8,0.74116829
-349,4019.6,12,0.6,-1.4028404,372.1,39.8,0.74123783
-347,4020.5,2,0.9,-1.3951135,372,39.8,0.74130737
-343.1,4021.3,3.9,0.8,-1.379708,371.9,39.8,0.74137691
-347,4022.3,-3.9,1,-1.3957381,371.8,39.8,0.74144645
-346,4023.1,1,0.8,-1.3919926,371.7,39.8,0.74151599
-344.1,4023.9,1.9,0.8,-1.384624,371.6,39.8,0.74158554
-191,4020,153.1,-3.9,-0.76782,371.5,39.8,0.74165508
-193,4020.5,-2,0.5,-0.7759565,371.5,39.8,0.74165508
599.1,3996.5,792.1,-24,2.3943031,371.7,39.8,0.74151599
1391,3971.4,791.9,-25.1,5.5242174,372,39.8,0.74130737
1388.1,3969.7,-2.9,-1.7,5.5103406,372.4,39.8,0.74102921
1387.1,3968.4,-1,-1.3,5.5045676,372.8,39.8,0.74075104
1390.1,3967.2,3,-1.2,5.5148047,373.2,39.8,0.74047288
-849,4035.3,-2239.1,68.1,-3.4259697,373,39.8,0.74061196
-851,4038.2,-2,2.9,-3.4365082,372.7,39.8,0.74082058
-846,4040,5,1.8,-3.41784,372.5,39.8,0.74095967
-848.1,4041.7,-2.1,1.7,-3.4277658,372.3,39.8,0.74109875
-853.1,4043.3,-5,1.6,-3.4493392,372,39.8,0.74130737
-851,4044.5,2.1,1.2,-3.4418695,371.8,39.8,0.74144645
482,4004.5,1333,-40,1.930169,371.9,39.8,0.74137691
480.1,4003.6,-1.9,-0.9,1.9221284,372,39.8,0.74130737
488,4002.7,7.9,-0.9,1.9533176,372.2,39.8,0.74116829
483.1,4002.5,-4.9,-0.2,1.9336078,372.3,39.8,0.74109875
482.1,4002.2,-1,-0.3,1.9294606,372.5,39.8,0.74095967
487.1,4001.8,5,-0.4,1.9492768,372.6,39.8,0.74089013
482.1,4001.8,-5,0,1.9292678,372.7,39.8,0.74082058
484.1,4001.5,2,-0.3,1.9371261,372.9,39.8,0.7406815
483.1,4001.4,-1,-0.1,1.9330763,373,39.8,0.74061196
476.1,4001.5,-7,0.1,1.9051142,373.1,39.8,0.74054242
-251,4023.9,-727.1,22.4,-1.0099989,373.1,39.8,0.74054242
-253,4025.1,-2,1.2,-1.0183503,373,39.8,0.74061196
-254.1,4025.9,-1.1,0.8,-1.0229812,372.9,39.8,0.7406815
-252.1,4026.6,2,0.7,-1.0151059,372.8,39.8,0.74075104
-256,4027.4,-3.9,0.8,-1.0310144,372.8,39.8,0.74075104
-250,4027.8,6,0.4,-1.00695,372.7,39.8,0.74082058
-251,4028.3,-1,0.5,-1.0111033,372.6,39.8,0.74089013
-605,4039.7,-354,11.4,-2.4440185,372.5,39.8,0.74095967
-605,4040.7,0,1,-2.4446235,372.3,39.8,0.74109875
-607,4041.7,-2,1,-2.4533119,372.1,39.8,0.74123783
-612,4042.6,-5,0.9,-2.4740712,372,39.8,0.74130737
-603.1,4043.1,8.9,0.5,-2.4383936,371.8,39.8,0.74144645
-600.1,4043.7,3,0.6,-2.4266244,371.6,39.8,0.74158554
-601,4044.4,-0.9,0.7,-2.4306844,371.5,39.8,0.74165508
-608,4045.2,-7,0.8,-2.4594816,371.3,39.8,0.74179416
526.1,4010.8,1134.1,-34.4,2.1100819,371.4,39.8,0.74172462
1653,3974.9,1126.9,-35.9,6.5705097,371.9,39.8,0.74137691
1653.1,3972.1,0.1,-2.8,6.5662785,372.3,39.8,0.74109875
1655,3970,1.9,-2.1,6.57035,372.8,39.8,0.74075104
1657.1,3968.1,2.1,-1.9,6.5755385,373.3,39.8,0.74040334
1653.1,3966.6,-4,-1.5,6.5571865,373.7,39.8,0.74012517
1654.1,3965.1,1,-1.5,6.5586719,374.2,39.8,0.73977747
1654,3963.8,-0.1,-1.3,6.5561252,374.6,39.8,0.7394993
1650.1,3962.6,-3.9,-1.2,6.5386863,375.1,39.8,0.7391516
-239.9,4019.7,-1890,57.1,-0.96432603,375,39.8,0.73922114
-240,4021.7,-0.1,2,-0.965208,375,39.8,0.73922114
-239.1,4023,0.9,1.3,-0.9618993,374.9,39.8,0.73929068
-234.1,4023.9,5,0.9,-0.94199499,374.8,39.8,0.73936022
-241,4025,-6.9,1.1,-0.970025,374.8,39.8,0.73936022
-240.1,4025.7,0.9,0.7,-0.96657057,374.7,39.8,0.73942976
-238,4026.4,2.1,0.7,-0.9582832,374.6,39.8,0.7394993
-238,4027,0,0.6,-0.958426,374.6,39.8,0.7394993
-236.1,4027.6,1.9,0.6,-0.95091636,374.5,39.8,0.73956885
-373,4032.4,-136.9,4.8,-1.5040852,374.4,39.8,0.73963839
-371,4033.1,2,0.7,-1.4962801,374.3,39.8,0.73970793
-367.1,4033.6,3.9,0.5,-1.4807346,374.2,39.8,0.73977747
-369.9,4034.4,-2.8,0.8,-1.4923246,374.1,39.8,0.73984701
404.1,4010.9,774,-23.5,1.6208047,374.2,39.8,0.73977747
1177.1,3986.4,773,-24.5,4.6923914,374.5,39.8,0.73956885
1176.1,3984.6,-1,-1.8,4.6862881,374.9,39.8,0.73929068
-264,4027.8,-1440.1,43.2,-1.0633392,374.8,39.8,0.73936022
-268,4029.2,-4,1.4,-1.0798256,374.7,39.8,0.73942976
-266,4030,2,0.8,-1.07198,374.6,39.8,0.7394993
-270,4030.8,-4,0.8,-1.088316,374.6,39.8,0.7394993
-269,4031.3,1,0.5,-1.0844197,374.5,39.8,0.73956885
-266,4031.8,3,0.5,-1.0724588,374.4,39.8,0.73963839
-265.2,4032.2,0.8,0.4,-1.0693394,374.3,39.8,0.73970793
-264.1,4032.7,1.1,0.5,-1.0650361,374.3,39.8,0.73970793
-263.1,4033,1,0.3,-1.0610823,374.2,39.8,0.73977747
-547,4042.2,-283.9,9.2,-2.2110834,374,39.8,0.73991655
-551,4043.1,-4,0.9,-2.2277481,373.9,39.8,0.73998609
-549.1,4043.8,1.9,0.7,-2.2204506,373.7,39.8,0.74012517
-1117,4061.9,-567.9,18.1,-4.5371423,373.4,39.8,0.7403338
-1119,4063.4,-2,1.5,-4.5469446,373.1,39.8,0.74054242
-1117.1,4064.6,1.9,1.2,-4.5405647,372.8,39.8,0.74075104
-1118,4065.8,-0.9,1.2,-4.5455644,372.5,39.8,0.74095967
-415,4045.2,703,-20.6,-1.678758,372.4,39.8,0.74102921
293,4023.2,708,-22,1.1787976,372.5,39.8,0.74095967
300.1,4021.8,7.1,-1.4,1.2069422,372.5,39.8,0.74095967
293.1,4021.3,-7,-0.5,1.178643,372.6,39.8,0.74089013
298.1,4020.7,5,-0.6,1.1985707,372.7,39.8,0.74082058
294.1,4020.3,-4,-0.4,1.1823702,372.8,39.8,0.74075104
290.1,4020,-4,-0.3,1.166202,372.9,39.8,0.7406815
299,4019.4,8.9,-0.6,1.2018006,373,39.8,0.74061196
374.1,4016.8,75.1,-2.6,1.5026849,373.1,39.8,0.74054242
378,4016.2,3.9,-0.6,1.5181236,373.2,39.8,0.74047288
374.1,4015.9,-3.9,-0.3,1.5023482,373.3,39.8,0.74040334
378,4015.5,3.9,-0.4,1.517859,373.4,39.8,0.7403338
371.1,4015.4,-6.9,-0.1,1.4901149,373.5,39.8,0.74026426
379.1,4014.8,8,-0.6,1.5220107,373.6,39.8,0.74019471
382.1,4014.4,3,-0.4,1.5339022,373.7,39.8,0.74012517
704,4004.2,321.9,-10.2,2.8189568,373.9,39.8,0.73998609
702.1,4003.5,-1.9,-0.7,2.8108573,374.1,39.8,0.73984701
700.1,4002.9,-2,-0.6,2.8024303,374.3,39.8,0.73970793
708.2,4002.1,8.1,-0.8,2.8342872,374.5,39.8,0.73956885
705.1,4001.6,-3.1,-0.5,2.8215282,374.7,39.8,0.73942976
706.1,4001,1,-0.6,2.8251061,374.9,39.8,0.73929068
1637.1,3971.9,931,-29.1,6.5023975,375.3,39.8,0.73901252
2566.9,3941.3,929.8,-30.6,10.116923,376,39.8,0.73852573
2564.1,3938.3,-2.8,-3,10.098195,376.7,39.8,0.73803894
2563.1,3935.8,-1,-2.5,10.087849,377.5,39.8,0.73748261
2560.1,3933.5,-3,-2.3,10.070153,378.2,39.8,0.73699583
2563.1,3931.4,3,-2.1,10.076571,378.9,39.8,0.73650904
1262.3,3969.2,-1300.8,37.8,5.0103212,379.2,39.8,0.73630042
-38,4009.4,-1300.3,40.2,-0.1523572,379.2,39.8,0.73630042
-45,4011.7,-7,2.3,-0.1805265,379.2,39.8,0.73630042
-41,4012.9,4,1.2,-0.1645289,379.2,39.8,0.73630042
-39,4013.9,2,1,-0.1565421,379.2,39.8,0.73630042
-490,4028.7,-451,14.8,-1.974063,379,39.8,0.7364395
-492,4030.3,-2,1.6,-1.9829076,378.9,39.8,0.73650904
-490,4031.5,2,1.2,-1.975435,378.8,39.8,0.73657858
-486.1,4032.5,3.9,1,-1.9601982,378.6,39.8,0.73671766
-492.1,4033.7,-6,1.2,-1.9849838,378.5,39.8,0.7367872
-39,4020.7,453.1,-13,-0.1568073,378.5,39.8,0.7367872
-44,4021,-5,0.3,-0.176924,378.5,39.8,0.7367872
738.1,3997,782.1,-24,2.9501857,378.7,39.8,0.73664812
738.1,3995.9,0,-1.1,2.9493738,378.9,39.8,0.73650904
738.1,3995.3,0,-0.6,2.9489309,379.1,39.8,0.73636996
735.2,3994.8,-2.9,-0.5,2.936977,379.3,39.8,0.73623088
736.1,3994.2,0.9,-0.6,2.9401306,379.5,39.8,0.73609179
-899,4044.4,-1635.1,50.2,-3.6359156,379.3,39.8,0.73623088
-902,4046.8,-3,2.4,-3.6502136,379,39.8,0.7364395
-577,4038.6,325,-8.2,-2.3302722,378.8,39.8,0.73657858
-249.2,4029.4,327.8,-9.2,-1.0041265,378.8,39.8,0.73657858
-252.1,4029.8,-2.9,0.4,-1.0159126,378.7,39.8,0.73664812
-250,4030.2,2.1,0.4,-1.00755,378.6,39.8,0.73671766
-254,4030.8,-4,0.6,-1.0238232,378.6,39.8,0.73671766
-250,4031.1,4,0.3,-1.007775,378.5,39.8,0.7367872
-252.1,4031.6,-2.1,0.5,-1.0163664,378.4,39.8,0.73685675
-251.1,4031.9,1,0.3,-1.0124101,378.4,39.8,0.73685675
-251,4032.4,0.1,0.5,-1.0121324,378.3,39.8,0.73692629
212.2,4018.3,463.2,-14.1,0.85268326,378.3,39.8,0.73692629
673.1,4003.6,460.9,-14.7,2.6948232,378.5,39.8,0.7367872
672.1,4002.7,-1,-0.9,2.6902147,378.7,39.8,0.73664812
668.1,4002.1,-4,-0.6,2.673803,378.9,39.8,0.73650904
666.1,4001.5,-2,-0.6,2.6653992,379.1,39.8,0.73636996
673.1,4000.7,7,-0.8,2.6928712,379.3,39.8,0.73623088
165.2,4015.9,-507.9,15.2,0.66342668,379.3,39.8,0.73623088
-341.1,4032,-506.3,16.1,-1.3753152,379.2,39.8,0.73630042
-338,4033,3.1,1,-1.363154,379.1,39.8,0.73636996
-344.1,4034,-6.1,1,-1.3880994,379,39.8,0.7364395
-348,4034.8,-3.9,0.8,-1.4041104,378.9,39.8,0.73650904
-345,4035.3,3,0.5,-1.3921785,378.8,39.8,0.73657858
-492.1,4040.4,-147.1,5.1,-1.9882808,378.7,39.8,0.73664812
-495,4041.2,-2.9,0.8,-2.000394,378.6,39.8,0.73671766
-492,4041.8,3,0.6,-1.9885656,378.4,39.8,0.73685675
-489,4042.4,3,0.6,-1.9767336,378.3,39.8,0.73692629
-495,4043.2,-6,0.8,-2.001384,378.2,39.8,0.73699583
-496,4043.7,-1,0.5,-2.0056752,378,39.8,0.73713491
62,4026.9,558,-16.8,0.2496678,378,39.8,0.73713491
627.1,4009,565.1,-17.9,2.5140439,378.2,39.8,0.73699583
618.2,4008.2,-8.9,-0.8,2.4778692,378.4,39.8,0.73685675
619.1,4007.3,0.9,-0.9,2.4809194,378.6,39.8,0.73671766
627.1,4006.3,8,-1,2.5123507,378.7,39.8,0.73664812
625.1,4005.7,-2,-0.6,2.5039631,378.9,39.8,0.73650904
624.1,4005.2,-1,-0.5,2.4996453,379.1,39.8,0.73636996
618.1,4004.8,-6,-0.4,2.4753669,379.3,39.8,0.73623088
1432,3979.2,813.9,-25.6,5.6982144,379.6,39.8,0.73602225
2241,3952.6,809,-26.6,8.8577766,380.3,39.8,0.73553547
2245.1,3949.7,4.1,-2.9,8.8674715,380.9,39.8,0.73511822
2239,3947.4,-6.1,-2.3,8.8382286,381.5,39.8,0.73470097
2246,3945.2,7,-2.2,8.8609192,382.1,39.8,0.73428373
2236.1,3943.5,-9.9,-1.7,8.8180603,382.8,39.8,0.73379694
1011.2,3979.4,-1224.9,35.9,4.0239693,383,39.8,0.73365786
1009.2,3979.7,-2,0.3,4.0163132,383.3,39.8,0.73344924
1012.2,3979.6,3,-0.1,4.0281511,383.6,39.8,0.73324061
1011.1,3979.4,-1.1,-0.2,4.0235713,383.9,39.8,0.73303199
1015.2,3978.9,4.1,-0.5,4.0393793,384.2,39.8,0.73282337
1010.1,3978.8,-5.1,-0.1,4.0189859,384.4,39.8,0.73268428
1014.1,3978.4,4,-0.4,4.0344954,384.7,39.8,0.73247566
1014.1,3978,0,-0.4,4.0340898,385,39.8,0.73226704
1004.1,3978,-10,0,3.9943098,385.3,39.8,0.73205841
780.1,3984.6,-224,6.6,3.1083865,385.5,39.8,0.73191933
544.1,3991.9,-236,7.3,2.1719928,385.7,39.8,0.73178025
544.1,3992.2,0,0.3,2.172156,385.8,39.8,0.73171071
187.2,4003.5,-356.9,11.3,0.7494552,385.9,39.8,0.73164117
-167,4015.3,-354.2,11.8,-0.6705551,385.8,39.8,0.73171071
-179.1,4016.9,-12.1,1.6,-0.71942679,385.8,39.8,0.73171071
-168.1,4017.6,11,0.7,-0.67535856,385.7,39.8,0.73178025
-175.1,4018.7,-7,1.1,-0.70367437,385.7,39.8,0.73178025
2219.9,3945.5,2395,-73.2,8.7586155,386.3,39.8,0.731363
2224.1,3942.2,4.2,-3.3,8.767847,386.9,39.8,0.73094576
2217.1,3940,-7,-2.2,8.735374,387.5,39.8,0.73052851
120.2,4002.5,-2096.9,62.5,0.4811005,387.6,39.8,0.73045897
117.1,4004.2,-3.1,1.7,0.46889182,387.6,39.8,0.73045897
122.1,4005.1,5,0.9,0.48902271,387.6,39.8,0.73045897
117.2,4006,-4.9,0.9,0.4695032,387.7,39.8,0.73038943
124.1,4006.5,6.9,0.5,0.49720665,387.7,39.8,0.73038943
120.1,4007.2,-4,0.7,0.48126472,387.7,39.8,0.73038943
853.1,3985,733,-22.2,3.3996035,388,39.8,0.73018081
1593,3961.5,739.9,-23.5,6.3106695,388.4,39.8,0.72990264
1587.1,3959.9,-5.9,-1.6,6.2847573,388.8,39.8,0.72962448
1718,3954.5,130.9,-5.4,6.793831,389.3,39.8,0.72927677
810.2,3981.1,-907.8,26.6,3.2254872,389.5,39.8,0.72913769
808.2,3981.4,-2,0.3,3.2177675,389.8,39.8,0.72892907
812.1,3981.3,3.9,-0.1,3.2332137,390,39.8,0.72878999
808.1,3981.4,-4,0.1,3.2173693,390.2,39.8,0.7286509
811.1,3981.2,3,-0.2,3.2291513,390.4,39.8,0.72851182
809.1,3981.2,-2,0,3.2211889,390.7,39.8,0.7283032
808.1,3981.1,-1,-0.1,3.2171269,390.9,39.8,0.72816412
1635,3955.6,826.9,-25.5,6.467406,391.3,39.8,0.72788595
2454,3929.1,819,-26.5,9.6420114,392,39.8,0.72739917
2459,3926.7,5,-2.4,9.6557553,392.7,39.8,0.72691238
2452.1,3925,-6.9,-1.7,9.6244925,393.4,39.8,0.72642559
2458,3923.2,5.9,-1.8,9.6432256,394.1,39.8,0.7259388
721.2,3974.8,-1736.8,51.6,2.8666258,394.3,39.8,0.72579972
721.2,3975.9,0,1.1,2.8674191,394.5,39.8,0.72566064
723.1,3976.5,1.9,0.6,2.8754071,394.7,39.8,0.72552156
717.1,3977.1,-6,0.6,2.8519784,394.9,39.8,0.72538248
156.2,3994.7,-560.9,17.6,0.62397214,394.9,39.9,0.72538248
160.1,3995.8,3.9,1.1,0.63972758,395,39.9,0.72531293
151.1,3997,-9,1.2,0.6039467,395,39.9,0.72531293
154.1,3997.7,3,0.7,0.61604557,395,39.9,0.72531293
160.1,3998.3,6,0.6,0.64012783,395.1,39.9,0.72524339
1487.1,3958.1,1327,-40.2,5.8860905,395.5,39.9,0.72496523
1488.1,3956.4,1,-1.7,5.8875188,395.9,39.9,0.72468707
603.1,3982.5,-885,26.1,2.4018457,396.1,39.9,0.72454798
-294.9,4010.8,-898,28.3,-1.1827849,396,39.9,0.72461752
-294,4012.5,0.9,1.7,-1.179675,395.9,39.9,0.72468707
-299.1,4014.1,-5.1,1.6,-1.2006173,395.8,39.9,0.72475661
-292,4015.1,7.1,1,-1.1724092,395.8,39.9,0.72475661
-289,4016,3,0.9,-1.160624,395.7,39.9,0.72482615
-290,4017,-1,1,-1.16493,395.6,39.9,0.72489569
-292,4018,-2,1,-1.173256,395.5,39.9,0.72496523
-287.1,4018.6,4.9,0.6,-1.1537401,395.4,39.9,0.72503477
930.1,3981.8,1217.2,-36.8,3.7034722,395.7,39.9,0.72482615
935.1,3980.4,5,-1.4,3.722072,396,39.9,0.72461752
928.1,3979.7,-7,-0.7,3.6935596,396.2,39.9,0.72447844
932.1,3979,4,-0.7,3.7088259,396.5,39.9,0.72426982
1002.1,3976.3,70,-2.7,3.9846502,396.8,39.9,0.7240612
1059.2,3973.9,57.1,-2.4,4.2091549,397,39.9,0.72392211
1060.1,3973.2,0.9,-0.7,4.2119893,397.3,39.9,0.72371349
1061.1,3972.6,1,-0.6,4.2153259,397.6,39.9,0.72350487
783.1,3980.6,-278,8,3.1172079,397.9,39.9,0.72329624
510.1,3989,-273,8.4,2.0347889,398,39.9,0.7232267
508.1,3989.4,-2,0.4,2.0270141,398.1,39.9,0.72315716
512.1,3989.5,4,0.1,2.043023,398.3,39.9,0.72301808
496.2,3990.2,-15.9,0.7,1.9799372,398.4,39.9,0.72294854
495.1,3990.4,-1.1,0.2,1.975647,398.6,39.9,0.72280946
478.2,3991,-16.9,0.6,1.9084962,398.7,39.9,0.72273992
457.1,3991.8,-21.1,0.8,1.8246518,398.8,39.9,0.72267038
450.1,3992.2,-7,0.4,1.7968892,398.9,39.9,0.72260083
452.1,3992.3,2,0.1,1.8049188,399.1,39.9,0.72246175
453.1,3992.4,1,0.1,1.8089564,399.2,39.9,0.72239221
451.1,3992.6,-2,0.2,1.8010619,399.3,39.9,0.72232267
450,3992.7,-1.1,0.1,1.796715,399.4,39.9,0.72225313
457.1,3992.6,7.1,-0.1,1.8250175,399.6,39.9,0.72211405
458.1,3992.7,1,0.1,1.8290559,399.7,39.9,0.72204451
738.1,3984.1,280,-8.6,2.9406642,399.9,39.9,0.72190542
1022.1,3975,284,-9.1,4.0628475,400.2,39.9,0.7216968
1019.1,3974.3,-3,-0.7,4.0502091,400.5,39.9,0.72148818
1022.1,3973.6,3,-0.7,4.0614166,400.7,39.9,0.7213491
1763.1,3950.3,741,-23.3,6.9647739,401.2,39.9,0.72100139
2506.9,3925.9,743.8,-24.4,9.8418387,401.9,39.9,0.7205146
2505.1,3923.5,-1.8,-2.4,9.8287599,402.6,39.9,0.72002782
2506.1,3921.5,1,-2,9.8276712,403.3,39.9,0.71954103
2509,3919.7,2.9,-1.8,9.8345273,404,39.9,0.71905424
-335,4005.4,-2844,85.7,-1.341809,403.9,39.9,0.71912378
-340,4008.4,-5,3,-1.362856,403.8,39.9,0.71919332
-335,4010.3,5,1.9,-1.3434505,403.7,39.9,0.71926287
-332,4011.7,3,1.4,-1.3318844,403.7,39.9,0.71926287
-341.1,4013.4,-9.1,1.7,-1.3689707,403.6,39.9,0.71933241
-338,4014.5,3.1,1.1,-1.356901,403.5,39.9,0.71940195
-336,4015.6,2,1.1,-1.3492416,403.4,39.9,0.71947149
-336,4016.6,0,1,-1.3495776,403.3,39.9,0.71954103
1157,3971.5,1493,-45.1,4.5950255,403.6,39.9,0.71933241
1154.2,3970,-2.8,-1.5,4.582174,403.9,39.9,0.71912378
1155.1,3968.9,0.9,-1.1,4.5844764,404.2,39.9,0.71891516
1159.1,3967.9,4,-1,4.5991929,404.6,39.9,0.718637
1155.2,3967.3,-3.9,-0.6,4.583025,404.9,39.9,0.71842837
1151.1,3966.8,-4.1,-0.5,4.5661835,405.2,39.9,0.71821975
1150.2,3966.2,-0.9,-0.6,4.5619232,405.5,39.9,0.71801113
-803,4025.9,-1953.2,59.7,-3.2327977,405.3,39.9,0.71815021
-809.1,4028.9,-6.1,3,-3.259783,405.1,39.9,0.71828929
-808,4030.9,1.1,2,-3.2569672,404.8,39.9,0.71849791
-805.1,4032.5,2.9,1.6,-3.2465657,404.6,39.9,0.718637
-805,4034,0.1,1.5,-3.24737,404.4,39.9,0.71877608
-808.1,4035.5,-3.1,1.5,-3.2610876,404.2,39.9,0.71891516
-806,4036.8,2.1,1.3,-3.2536608,404,39.9,0.71905424
825,3987.6,1631,-49.2,3.28977,404.2,39.9,0.71891516
831.2,3985.8,6.2,-1.8,3.312997,404.4,39.9,0.71877608
831.2,3984.9,0,-0.9,3.3122489,404.6,39.9,0.718637
827.1,3984.2,-4.1,-0.7,3.2953318,404.9,39.9,0.71842837
825.1,3983.6,-2,-0.6,3.2868684,405.1,39.9,0.71828929
825.2,3983.1,0.1,-0.5,3.2868541,405.3,39.9,0.71815021
827.1,3982.5,1.9,-0.6,3.2939257,405.6,39.9,0.71794159
31,4006.6,-796.1,24.1,0.1242046,405.6,39.9,0.71794159
27,4007.6,-4,1,0.1082052,405.6,39.9,0.71794159
87,4006.4,60,-1.2,0.3485568,405.6,39.9,0.71794159
83,4007,-4,0.6,0.332581,405.6,39.9,0.71794159
84,4007.4,1,0.4,0.3366216,405.6,39.9,0.71794159
86,4007.7,2,0.3,0.3446622,405.7,39.9,0.71787204
84,4008.1,-2,0.4,0.3366804,405.7,39.9,0.71787204
84,4008.3,0,0.2,0.3366972,405.7,39.9,0.71787204
751,3988.1,667,-20.2,2.9950631,405.9,39.9,0.71773296
1423.1,3966.6,672.1,-21.5,5.6448685,406.3,39.9,0.7174548
1427.1,3964.7,4,-1.9,5.6580234,406.7,39.9,0.71717663
1421.1,3963.5,-6,-1.2,5.6325299,407.1,39.9,0.71689847
1428.1,3962.2,7,-1.3,5.6584178,407.5,39.9,0.71662031
1423.1,3961.2,-5,-1,5.6371837,407.9,39.9,0.71634214
1425.1,3960.2,2,-1,5.643681,408.3,39.9,0.71606398
1423.2,3959.3,-1.9,-0.9,5.6348758,408.7,39.9,0.71578581
-158.2,4007.2,-1581.4,47.9,-0.63393904,408.7,39.9,0.71578581
-154.1,4008.9,4.1,1.7,-0.61777149,408.6,39.9,0.71585535
514.1,3989.4,668.2,-19.5,2.0509505,408.8,39.9,0.71571627
504.2,3989.6,-9.9,0.2,2.0115563,408.9,39.9,0.71564673
503.1,3989.7,-1.1,0.1,2.0072181,409,39.9,0.71557719
512.1,3989.4,9,-0.3,2.0429717,409.2,39.9,0.71543811
508.1,3989.6,-4,0.2,2.0271158,409.3,39.9,0.71536857
501.2,3989.9,-6.9,0.3,1.9997379,409.5,39.9,0.71522949
506.1,3989.7,4.9,-0.2,2.0191872,409.6,39.9,0.71515994
509.1,3989.6,3,-0.1,2.0311054,409.7,39.9,0.7150904
97,4002.4,-412.1,12.8,0.3882328,409.8,39.9,0.71502086
96,4003.1,-1,0.7,0.3842976,409.8,39.9,0.71502086
106.2,4003.4,10.2,0.3,0.42516108,409.8,39.9,0.71502086
100,4004,-6.2,0.6,0.4004,409.8,39.9,0.71502086
-542,4024.4,-642,20.4,-2.1812248,409.7,39.9,0.7150904
-540.1,4025.8,1.9,1.4,-2.1743346,409.5,39.9,0.71522949
-551.1,4027.4,-11,1.6,-2.2195001,409.4,39.9,0.71529903
-541.1,4028.1,10,0.7,-2.1796049,409.2,39.9,0.71543811
-543,4029.2,-1.9,1.1,-2.1878556,409.1,39.9,0.71550765
-542,4030,1,0.8,-2.18426,408.9,39.9,0.71564673
-575,4031.9,-33,1.9,-2.3183425,408.8,39.9,0.71571627
-573,4032.7,2,0.8,-2.3107371,408.6,39.9,0.71585535
-573,4033.5,0,0.8,-2.3111955,408.5,39.9,0.7159249
-575.1,4034.4,-2.1,0.9,-2.3201834,408.3,39.9,0.71606398
-576,4035.2,-0.9,0.8,-2.3242752,408.1,39.9,0.71620306
-569.1,4035.7,6.9,0.5,-2.2967169,408,39.9,0.7162726
-571,4036.4,-1.9,0.7,-2.3047844,407.8,39.9,0.71641168
-574,4037.2,-3,0.8,-2.3173528,407.7,39.9,0.71648122
900,3992.3,1474,-44.9,3.59307,407.9,39.9,0.71634214
900.1,3990.4,0.1,-1.9,3.591759,408.2,39.9,0.71613352
892.1,3989.3,-8,-1.1,3.5588545,408.4,39.9,0.71599444
900.1,3988,8,-1.3,3.5895988,408.7,39.9,0.71578581
898.1,3987.2,-2,-0.8,3.5809043,408.9,39.9,0.71564673
904.1,3986.1,6,-1.1,3.603833,409.2,39.9,0.71543811
-320,4023.3,-1224.1,37.2,-1.287456,409.1,39.9,0.71550765
-310,4024.3,10,1,-1.247533,409,39.9,0.71557719
74,4013.2,384,-11.1,0.2969768,409,39.9,0.71557719
460.1,4001.5,386.1,-11.7,1.8410902,409.1,39.9,0.71550765
459.1,4001,-1,-0.5,1.8368591,409.3,39.9,0.71536857
452.2,4000.8,-6.9,-0.2,1.8091618,409.4,39.9,0.71529903
461.2,4000.3,9,-0.5,1.8449384,409.5,39.9,0.71522949
458.2,4000.1,-3,-0.2,1.8328458,409.6,39.9,0.71515994
1261,3975.1,802.8,-25,5.0126011,410,39.9,0.71488178
2058.9,3949,797.9,-26.1,8.1305961,410.6,39.9,0.71446453
2063.1,3946.4,4.2,-2.6,8.1418178,411.1,39.9,0.71411683
2067.1,3944.2,4,-2.2,8.1530558,411.7,39.9,0.71369958
2066,3942.3,-1.1,-1.9,8.1447918,412.3,39.9,0.71328234
2065,3940.6,-1,-1.7,8.137339,412.9,39.9,0.71286509
2065,3939.1,0,-1.5,8.1342415,413.4,39.9,0.71251739
2064.1,3937.7,-0.9,-1.4,8.1278066,414,39.9,0.71210014
1323.2,3959,-740.9,21.3,5.2385488,414.4,39.9,0.71182197
582.3,3981.6,-740.9,22.6,2.3184857,414.5,39.9,0.71175243
580.1,3982.5,-2.2,0.9,2.3102482,414.7,39.9,0.71161335
576.1,3983.1,-4,0.6,2.2946639,414.9,39.9,0.71147427
581,3983.2,4.9,0.1,2.3142392,415,39.9,0.71140473
577.1,3983.6,-3.9,0.4,2.2989356,415.2,39.9,0.71126565
578.2,3983.8,1.1,0.2,2.3034332,415.3,39.9,0.71119611
576.1,3984,-2.1,0.2,2.2951824,415.5,39.9,0.71105702
582,3983.9,5.9,-0.1,2.3186298,415.7,39.9,0.71091794
577.1,3984.1,-4.9,0.2,2.2992241,415.8,39.9,0.7108484
844.1,3976,267,-8.1,3.3561416,416.1,39.9,0.71063978
1111.1,3967.5,267,-8.5,4.4082892,416.4,39.9,0.71043115
1109.2,3966.8,-1.9,-0.7,4.3999746,416.7,39.9,0.71022253
1111.1,3966.2,1.9,-0.6,4.4068448,417,39.9,0.71001391
1112.1,3965.7,1,-0.5,4.410255,417.3,39.9,0.70980529
383.2,3987.6,-728.9,21.9,1.5280483,417.4,39.9,0.70973574
385,3988.3,1.8,0.7,1.5354955,417.5,39.9,0.7096662
382.1,3988.9,-2.9,0.6,1.5241587,417.6,39.9,0.70959666
384.1,3989.2,2,0.3,1.5322517,417.7,39.9,0.70952712
383.1,3989.6,-1,0.4,1.5284158,417.8,39.9,0.70945758
385,3989.8,1.9,0.2,1.536073,417.9,39.9,0.70938804
386.1,3990.1,1.1,0.3,1.5405776,418,39.9,0.7093185
382.1,3990.4,-4,0.3,1.5247318,418.2,39.9,0.70917942
-435.9,4016,-818,25.6,-1.7505744,418,39.9,0.7093185
-434,4017.5,1.9,1.5,-1.743595,417.9,39.9,0.70938804
-437,4018.9,-3,1.4,-1.7562593,417.8,39.9,0.70945758
-205.1,4012.8,231.9,-6.1,-0.82302528,417.7,39.9,0.70952712
-206,4013.5,-0.9,0.7,-0.826781,417.7,39.9,0.70952712
-209.1,4014.2,-3.1,0.7,-0.83936922,417.6,39.9,0.70959666
-207.1,4014.8,2,0.6,-0.83146508,417.6,39.9,0.70959666
-206.1,4015.4,1,0.6,-0.82757394,417.5,39.9,0.7096662
-207.1,4016,-1,0.6,-0.8317136,417.4,39.9,0.70973574
-209,4016.6,-1.9,0.6,-0.8394694,417.4,39.9,0.70973574
-211,4017.2,-2,0.6,-0.8476292,417.3,39.9,0.70980529
-196,4017.2,15,0,-0.7873712,417.3,39.9,0.70980529
465.1,3997.2,661.1,-20,1.8590977,417.4,39.9,0.70973574
1128.1,3976.2,663,-21,4.4855512,417.7,39.9,0.70952712
1129.1,3974.6,1,-1.6,4.4877209,418,39.9,0.7093185
1130.1,3973.4,1,-1.2,4.4903393,418.3,39.9,0.70910987
1132.2,3972.3,2.1,-1.1,4.4974381,418.7,39.9,0.70883171
1132.1,3971.4,-0.1,-0.9,4.4960219,419,39.9,0.70862309
1130.1,3970.6,-2,-0.8,4.4871751,419.3,39.9,0.70841446
366.1,3993.4,-764,22.8,1.4619837,419.4,39.9,0.70834492
-398,4017.6,-764.1,24.2,-1.5990048,419.3,39.9,0.70841446
-400,4019.3,-2,1.7,-1.60772,419.2,39.9,0.70848401
-402,4020.6,-2,1.3,-1.6162812,419.1,39.9,0.70855355
-398,4021.5,4,0.9,-1.600557,418.9,39.9,0.70869263
678.1,3989.2,1076.1,-32.3,2.7050765,419.1,39.9,0.70855355
678.1,3988.2,0,-1,2.7043984,419.3,39.9,0.70841446
679,3987.5,0.9,-0.7,2.7075125,419.5,39.9,0.70827538
672.1,3987.2,-6.9,-0.3,2.6797971,419.7,39.9,0.7081363
2364,3934.8,1691.9,-52.4,9.3018672,420.4,39.9,0.70764951
2366.1,3931.6,2.1,-3.2,9.3025588,421,39.9,0.70723227
2364.1,3929.3,-2,-2.3,9.2892581,421.7,39.9,0.70674548
2365.1,3927.2,1,-2.1,9.2882207,422.3,39.9,0.70632823
2369.1,3925.3,4,-1.9,9.2994282,423,39.9,0.70584145
2367.1,3923.7,-2,-1.6,9.2877903,423.6,39.9,0.7054242
2367.1,3922.2,0,-1.5,9.2842396,424.3,39.9,0.70493741
2366.1,3920.9,-1,-1.3,9.2772415,425,39.9,0.70445063
424.2,3978.9,-1941.9,58,1.6878494,425.1,39.9,0.70438108
423.1,3980.5,-1.1,1.6,1.6841495,425.2,39.9,0.70431154
415.1,3981.8,-8,1.3,1.6528452,425.3,39.9,0.704242
423.1,3982.3,8,0.5,1.6849111,425.4,39.9,0.70417246
423.1,3982.9,0,0.6,1.685165,425.5,39.9,0.70410292
423.1,3983.4,0,0.5,1.6853765,425.7,39.9,0.70396384
420.1,3983.9,-3,0.5,1.6736364,425.8,39.9,0.7038943
422.1,3984.2,2,0.3,1.6817308,425.9,39.9,0.70382476
896.1,3970,474,-14.2,3.557517,426.1,39.9,0.70368567
1374.9,3954.8,478.8,-15.2,5.4374545,426.5,39.9,0.70340751
1378.1,3953.7,3.2,-1.1,5.448594,426.9,39.9,0.70312935
1370.1,3953.1,-8,-0.6,5.4161423,427.3,39.9,0.70285118
1377,3952.1,6.9,-1,5.4420417,427.7,39.9,0.70257302
577.1,3976.1,-799.9,24,2.2946073,427.8,39.9,0.70250348
570.1,3977,-7,0.9,2.2672877,428,39.9,0.70236439
578.1,3977.1,8,0.1,2.2991615,428.1,39.9,0.70229485
577.1,3977.5,-1,0.4,2.2954153,428.3,39.9,0.70215577
-1121,4030.1,-1698.1,52.6,-4.5177421,428,39.9,0.70236439
-1128,4033.3,-7,3.2,-4.5495624,427.7,39.9,0.70257302
-1119.2,4035.4,8.8,2.1,-4.5164197,427.4,39.9,0.70278164
-1125,4037.6,-5.8,2.2,-4.5423,427.1,39.9,0.70299026
-1119.1,4039.3,5.9,1.7,-4.5203806,426.7,39.9,0.70326843
-1117.1,4041,2,1.7,-4.5142011,426.4,39.9,0.70347705
505,3992.4,1622.1,-48.6,2.016162,426.6,39.9,0.70333797
2139,3941.1,1634,-51.3,8.4300129,427.2,39.9,0.70292072
2145.1,3937.6,6.1,-3.5,8.4465458,427.8,39.9,0.70250348
2137,3935.3,-8.1,-2.3,8.4097361,428.4,39.9,0.70208623
1309.1,3958.6,-827.9,23.3,5.1822033,428.7,39.9,0.70187761
1310.1,3958.1,1,-0.5,5.1855068,429.1,39.9,0.70159944
1317.1,3957.2,7,-0.9,5.2120281,429.5,39.9,0.70132128
1313.1,3956.6,-4,-0.6,5.1954115,429.8,39.9,0.70111266
1314.1,3955.9,1,-0.7,5.1984482,430.2,39.9,0.70083449
1311.1,3955.4,-3,-0.5,5.1859249,430.5,39.9,0.70062587
799.1,3970.6,-512,15.2,3.1729065,430.8,39.9,0.70041725
282.2,3986.7,-516.9,16.1,1.1250467,430.8,39.9,0.70041725
288,3987.4,5.8,0.7,1.1483712,430.9,39.9,0.70034771
-895.9,4024.6,-1183.9,37.2,-3.6056391,430.7,39.9,0.70048679
-896,4027.1,-0.1,2.5,-3.6082816,430.4,39.9,0.70069541
-632.1,4021,263.9,-6.1,-2.5416741,430.3,39.9,0.70076495
-367.1,4014.1,265,-6.9,-1.4735761,430.2,39.9,0.70083449
-375,4015.1,-7.9,1,-1.5056625,430,39.9,0.70097357
-377,4016.1,-2,1,-1.5140697,429.9,39.9,0.70104312
-378.1,4016.9,-1.1,0.8,-1.5187899,429.8,39.9,0.70111266
-378,4017.7,0.1,0.8,-1.5186906,429.7,39.9,0.7011822
1103.1,3972.7,1481.1,-45,4.3822854,430,39.9,0.70097357
1107.1,3970.9,4,-1.8,4.3961834,430.3,39.9,0.70076495
1104.1,3969.7,-3,-1.2,4.3829458,430.7,39.9,0.70048679
1100.2,3968.8,-3.9,-0.9,4.3664738,431,39.9,0.70027816
-22,4002.6,-1122.2,33.8,-0.0880572,431,39.9,0.70027816
-18,4003.6,4,1,-0.0720648,430.9,39.9,0.70034771
-18,4004.3,0,0.7,-0.0720774,430.9,39.9,0.70034771
-24,4005.1,-6,0.8,-0.0961224,430.9,39.9,0.70034771
-17,4005.5,7,0.4,-0.0680935,430.9,39.9,0.70034771
-18,4006,-1,0.5,-0.072108,430.9,39.9,0.70034771
1225,3968,1243,-38,4.8608,431.3,39.9,0.70006954
1225,3966.3,0,-1.7,4.8587175,431.6,39.9,0.69986092
637.2,3983.2,-587.8,16.9,2.538095,431.8,39.9,0.69972184
44,4001.4,-593.2,18.2,0.1760616,431.8,39.9,0.69972184
44,4002.2,0,0.8,0.1760968,431.8,39.9,0.69972184
49,4002.6,5,0.4,0.1961274,431.8,39.9,0.69972184
157.1,3999.9,108.1,-2.7,0.62838429,431.9,39.9,0.69965229
155.1,4000.1,-2,0.2,0.62041551,431.9,39.9,0.69965229
-332,4015.5,-487.1,15.4,-1.333146,431.8,39.9,0.69972184
-338,4016.8,-6,1.3,-1.3576784,431.7,39.9,0.69979138
2361,3934.5,2699,-82.3,9.2893545,432.4,39.9,0.69930459
2356.1,3931,-4.9,-3.5,9.2618291,433,39.9,0.69888734
2359.1,3928.2,3,-2.8,9.2670166,433.7,39.9,0.69840056
2353.1,3926.2,-6,-2,9.2387412,434.3,39.9,0.69798331
2356.1,3924.1,3,-2.1,9.245572,435,39.9,0.69749652
2355,3922.4,-1.1,-1.7,9.237252,435.7,39.9,0.69700974
2356.1,3920.8,1.1,-1.6,9.2377969,436.3,39.9,0.69659249
2356.1,3919.4,0,-1.4,9.2344983,437,39.9,0.6961057
2358.1,3917.9,2,-1.5,9.2388,437.6,39.9,0.69568846
1137.2,3953.9,-1220.9,36,4.4963751,437.9,39.9,0.69547983
-83,3991.9,-1220.2,38,-0.3313277,437.9,39.9,0.69547983
-85,3994,-2,2.1,-0.33949,437.9,39.9,0.69547983
-82,3995.4,3,1.4,-0.3276228,437.9,39.9,0.69547983
-85,3996.7,-3,1.3,-0.3397195,437.8,39.9,0.69554937
-87,3997.8,-2,1.1,-0.3478086,437.8,39.9,0.69554937
-83,3998.7,4,0.9,-0.3318921,437.8,39.9,0.69554937
-87,3999.6,-4,0.9,-0.3479652,437.8,39.9,0.69554937
2560.1,3919.1,2647.1,-80.5,10.033288,438.5,39.9,0.69506259
2560.1,3915.7,0,-3.4,10.024584,439.2,39.9,0.6945758
-496,4007,-3056.1,91.3,-1.987472,439.1,39.9,0.69464534
-503,4009.8,-7,2.8,-2.0169294,438.9,39.9,0.69478442
-500.1,4011.6,2.9,1.8,-2.0062012,438.8,39.9,0.69485396
-504.1,4013.2,-4,1.6,-2.0230541,438.6,39.9,0.69499305
-499,4014.4,5.1,1.2,-2.0031856,438.5,39.9,0.69506259
-502,4015.7,-3,1.3,-2.0158814,438.4,39.9,0.69513213
-505,4016.9,-3,1.2,-2.0285345,438.2,39.9,0.69527121
61,4000.4,566,-16.5,0.2440244,438.2,39.9,0.69527121
59,4000.5,-2,0.1,0.2360295,438.2,39.9,0.69527121
60,4000.7,1,0.2,0.240042,438.3,39.9,0.69520167
57,4001,-3,0.3,0.228057,438.3,39.9,0.69520167
58,4001.3,1,0.3,0.2320754,438.3,39.9,0.69520167
53,4001.7,-5,0.4,0.2120901,438.3,39.9,0.69520167
-228.1,4010.8,-281.1,9.1,-0.91486348,438.2,39.9,0.69527121
-233.1,4011.7,-5,0.9,-0.93512727,438.2,39.9,0.69527121
-233.1,4012.3,0,0.6,-0.93526713,438.1,39.9,0.69534075
73,4003.3,306.1,-9,0.2922409,438.1,39.9,0.69534075
67,4003.6,-6,0.3,0.2682412,438.2,39.9,0.69527121
70,4003.6,3,0,0.280252,438.2,39.9,0.69527121
69,4003.8,-1,0.2,0.2762622,438.2,39.9,0.69527121
76,4003.8,7,0,0.3042888,438.2,39.9,0.69527121
73,4004.1,-3,0.3,0.2922993,438.2,39.9,0.69527121
71,4004.3,-2,0.2,0.2843053,438.3,39.9,0.69520167
579.1,3988.9,508.1,-15.4,2.309972,438.4,39.9,0.69513213
1082,3972.8,502.9,-16.1,4.2985696,438.7,39.9,0.6949235
1082.1,3971.5,0.1,-1.3,4.2975601,439,39.9,0.69471488
1580.1,3955.1,498,-16.4,6.2494535,439.5,39.9,0.69436718
2086,3937.9,505.9,-17.2,8.2144594,440,39.9,0.69401947
2080,3935.9,-6,-2,8.186672,440.6,39.9,0.69360223
2080,3934,0,-1.9,8.18272,441.2,39.9,0.69318498
2077.1,3932.4,-2.9,-1.6,8.167988,441.8,39.9,0.69276773
2078,3930.8,0.9,-1.6,8.1682024,442.3,39.9,0.69242003
2082.1,3929.3,4.1,-1.5,8.1811955,442.9,39.9,0.69200278
2086.1,3927.9,4,-1.4,8.1939922,443.5,39.9,0.69158554
2081,3926.8,-5.1,-1.1,8.1716708,444.1,39.9,0.69116829
2076.1,3925.8,-4.9,-1,8.1503534,444.7,39.9,0.69075104
2487,3912.3,410.9,-13.5,9.7298901,445.4,39.9,0.69026426
2490.1,3910.6,3.1,-1.7,9.7377851,446,39.9,0.68984701
2483.1,3909.4,-7,-1.2,9.7074311,446.7,39.9,0.68936022
2488.1,3908,5,-1.4,9.7234948,447.4,39.9,0.68887344
2491.1,3906.7,3,-1.3,9.7319804,448.1,39.9,0.68838665
2484.1,3905.7,-7,-1,9.7021494,448.8,39.9,0.68789986
2488.1,3904.5,4,-1.2,9.7147865,449.5,39.9,0.68741307
2331.1,3908.2,-157,3.7,9.110405,450.1,39.9,0.68699583
2181.1,3911.9,-150,3.7,8.5322451,450.7,39.9,0.68657858
2179.1,3911.3,-2,-0.6,8.5231138,451.4,39.9,0.68609179
2186.1,3910.5,7,-0.8,8.548744,452,39.9,0.68567455
2183.1,3909.9,-3,-0.6,8.5357027,452.6,39.9,0.6852573
467.2,3961.8,-1715.9,51.9,1.850953,452.7,39.9,0.68518776
471.1,3963.5,3.9,1.7,1.8672049,452.8,39.9,0.68511822
465.1,3964.9,-6,1.4,1.844075,453,39.9,0.68497914
465.1,3966,0,1.1,1.8445866,453.1,39.9,0.6849096
466.1,3966.8,1,0.8,1.8489255,453.2,39.9,0.68484006
460.1,3967.7,-6,0.9,1.8255388,453.3,39.9,0.68477051
467.1,3968.2,7,0.5,1.8535462,453.5,39.9,0.68463143
975.1,3953.2,508,-15,3.8547653,453.7,39.9,0.68449235
963.1,3953.3,-12,0.1,3.8074232,454,39.9,0.68428373
971.1,3953.1,8,-0.2,3.8388554,454.3,39.9,0.6840751
968.1,3953.1,-3,0,3.8269961,454.6,39.9,0.68386648
975.2,3952.9,7.1,-0.2,3.8548681,454.8,39.9,0.6837274
968.1,3953.1,-7.1,0.2,3.8269961,455.1,39.9,0.68351878
964.1,3953.2,-4,0.1,3.8112801,455.4,39.9,0.68331015
975.1,3952.9,11,-0.3,3.8544728,455.6,39.9,0.68317107
973.1,3953,-2,0.1,3.8466643,455.9,39.9,0.68296245
539.1,3966.3,-434,13.3,2.1382323,456.1,39.9,0.68282337
110.2,3980.1,-428.9,13.8,0.43860702,456.1,39.9,0.68282337
111.1,3981.2,0.9,1.1,0.44231132,456.1,39.9,0.68282337
116.1,3982,5,0.8,0.4623102,456.1,39.9,0.68282337
108.1,3983.1,-8,1.1,0.43057311,456.2,39.9,0.68275382
111.1,3983.7,3,0.6,0.44258907,456.2,39.9,0.68275382
113.1,3984.4,2,0.7,0.45063564,456.2,39.9,0.68275382
113.1,3985,0,0.6,0.4507035,456.3,39.9,0.68268428
113.1,3985.6,0,0.6,0.45077136,456.3,39.9,0.68268428
176.1,3984.3,63,-1.3,0.70163523,456.3,39.9,0.68268428
230.1,3983.1,54,-1.2,0.91651131,456.4,39.9,0.68261474
229,3983.5,-1.1,0.4,0.9122215,456.5,39.9,0.6825452
229.1,3983.8,0.1,0.3,0.91268858,456.5,39.9,0.6825452
231.2,3984.2,2.1,0.4,0.92114704,456.6,39.9,0.68247566
235.1,3984.4,3.9,0.2,0.93673244,456.7,39.9,0.68240612
229.1,3984.9,-6,0.5,0.91294059,456.7,39.9,0.68240612
230.1,3985.2,1,0.3,0.91699452,456.8,39.9,0.68233658
234.1,3985.4,4,0.2,0.93298214,456.9,39.9,0.68226704
378.1,3981.3,144,-4.1,1.5053295,457,39.9,0.6821975
524,3976.8,145.9,-4.5,2.0838432,457.1,39.9,0.68212796
526.9,3976.6,2.9,-0.2,2.0952705,457.3,39.9,0.68198887
525.1,3976.6,-1.8,0,2.0881127,457.4,39.9,0.68191933
525.1,3976.6,0,0,2.0881127,457.6,39.9,0.68178025
528.2,3976.4,3.1,-0.2,2.1003345,457.7,39.9,0.68171071
529.1,3976.4,0.9,0,2.1039132,457.8,39.9,0.68164117
1631,3942.6,1101.9,-33.8,6.4303806,458.3,39.9,0.68129346
1632.1,3940.9,1.1,-1.7,6.4319429,458.8,39.9,0.68094576
1633,3939.5,0.9,-1.4,6.4332035,459.2,39.9,0.68066759
1628.1,3938.5,-4.9,-1,6.4122719,459.7,39.9,0.68031989
1634.1,3937.3,6,-1.2,6.4339419,460.1,39.9,0.68004172
1629,3936.5,-5.1,-0.8,6.4125585,460.6,39.9,0.67969402
1633.1,3935.6,4.1,-0.9,6.4272284,461,39.9,0.67941586
1636.1,3934.7,3,-0.9,6.4375627,461.5,39.9,0.67906815
1630.1,3934,-6,-0.7,6.4128134,461.9,39.9,0.67878999
-527,3999.5,-2157.1,65.5,-2.1077365,461.8,39.9,0.67885953
-531,4002.3,-4,2.8,-2.1252213,461.6,39.9,0.67899861
-530,4004.2,1,1.9,-2.122226,461.5,39.9,0.67906815
-532,4005.9,-2,1.7,-2.1311388,461.3,39.9,0.67920723
-209.1,3997.4,322.9,-8.5,-0.83585634,461.3,39.9,0.67920723
118,3988,327.1,-9.4,0.470584,461.3,39.9,0.67920723
118.1,3988.3,0.1,0.3,0.47101823,461.3,39.9,0.67920723
116.1,3988.7,-2,0.4,0.46308807,461.4,39.9,0.67913769
115.1,3989.1,-1,0.4,0.45914541,461.4,39.9,0.67913769
123.1,3989.2,8,0.1,0.49107052,461.4,39.9,0.67913769
119.1,3989.7,-4,0.5,0.47517327,461.5,39.9,0.67906815
113.1,3990.3,-6,0.6,0.45130293,461.5,39.9,0.67906815
114.1,3990.6,1,0.3,0.45532746,461.5,39.9,0.67906815
121.1,3990.7,7,0.1,0.48327377,461.6,39.9,0.67899861
2001.9,3933.4,1880.8,-57.3,7.8742735,462.1,39.9,0.6786509
1993.1,3930.9,-8.8,-2.5,7.8346768,462.7,39.9,0.67823366
1995.1,3928.9,2,-2,7.8385484,463.2,39.9,0.67788595
1996.1,3927.2,1,-1.7,7.8390839,463.8,39.9,0.67746871
139.2,3982.5,-1856.9,55.3,0.554364,463.8,39.9,0.67746871
144,3983.9,4.8,1.4,0.5736816,463.9,39.9,0.67739917
268.1,3981.1,124.1,-2.8,1.0673329,463.9,39.9,0.67739917
269.1,3981.5,1,0.4,1.0714217,464,39.9,0.67732962
265.2,3982.2,-3.9,0.7,1.0560794,464.1,39.9,0.67726008
1276,3951.6,1010.8,-30.6,5.0422416,464.4,39.9,0.67705146
2292,3919.3,1016,-32.3,8.9830356,465.1,39.9,0.67656467
2297.1,3916.7,5.1,-2.6,8.9970516,465.7,39.9,0.67614743
2295.1,3914.9,-2,-1.8,8.985087,466.4,39.9,0.67566064
2292.2,3913.4,-2.9,-1.5,8.9702955,467,39.9,0.67524339
2292.1,3912,-0.1,-1.4,8.9666952,467.6,39.9,0.67482615
1805.1,3925.5,-487,13.5,7.08592,468.1,39.9,0.67447844
1808.1,3924.9,3,-0.6,7.0966117,468.6,39.9,0.67413074
1804.1,3924.4,-4,-0.5,7.08001,469.1,39.9,0.67378303
1805.1,3923.7,1,-0.7,7.0826709,469.6,39.9,0.67343533
1497.3,3932.5,-307.8,8.8,5.8881323,470.1,39.9,0.67308762
1201.2,3941.3,-296.1,8.8,4.7342896,470.4,39.9,0.672879
1195.1,3941.7,-6.1,0.4,4.7107257,470.7,39.9,0.67267038
1199.1,3941.6,4,-0.1,4.7263726,471.1,39.9,0.67239221
1195.2,3941.7,-3.9,0.1,4.7111198,471.4,39.9,0.67218359
1199.1,3941.5,3.9,-0.2,4.7262527,471.7,39.9,0.67197497
232.2,3971.1,-966.9,29.6,0.92208942,471.8,39.9,0.67190542
231.1,3972.5,-1.1,1.4,0.91804475,471.8,39.9,0.67190542
240.1,3973.2,9,0.7,0.95396532,471.9,39.9,0.67183588
236.1,3974.2,-4,1,0.93830862,472,39.9,0.67176634
241.1,3974.8,5,0.6,0.95832428,472,39.9,0.67176634
234.1,3975.7,-7,0.9,0.93071137,472.1,39.9,0.6716968
718.1,3961.5,484,-14.2,2.8447531,472.3,39.9,0.67155772
1209.1,3946.3,491,-15.2,4.7714713,472.6,39.9,0.6713491
1204.1,3945.5,-5,-0.8,4.7507765,473,39.9,0.67107093
1204.1,3945,0,-0.5,4.7501745,473.3,39.9,0.67086231
1204.1,3944.5,0,-0.5,4.7495724,473.6,39.9,0.67065369
1199.2,3944.2,-4.9,-0.3,4.7298846,474,39.9,0.67037552
1297.1,3940.9,97.9,-3.3,5.1117414,474.3,39.9,0.6701669
1385.1,3937.7,88,-3.2,5.4541083,474.7,39.9,0.66988873
1385.1,3937.2,0,-0.5,5.4534157,475.1,39.9,0.66961057
1384.1,3936.8,-1,-0.4,5.4489249,475.5,39.9,0.66933241
1378.1,3936.5,-6,-0.3,5.4248907,475.9,39.9,0.66905424
1386.1,3935.9,8,-0.6,5.455551,476.3,39.9,0.66877608
1388.1,3935.4,2,-0.5,5.4627287,476.6,39.9,0.66856745
1381.1,3935.3,-7,-0.1,5.4350428,477,39.9,0.66828929
1382.1,3934.9,1,-0.4,5.4384253,477.4,39.9,0.66801113
650.2,3957,-731.9,22.1,2.5728414,477.6,39.9,0.66787204
-79,3980.3,-729.2,23.3,-0.3144437,477.6,39.9,0.66787204
-81,3982,-2,1.7,-0.322542,477.6,39.9,0.66787204
18,3980.1,99,-1.9,0.0716418,477.6,39.9,0.66787204
120.2,3977.9,102.2,-2.2,0.47814358,477.6,39.9,0.66787204
112.1,3979,-8.1,1.1,0.4460459,477.6,39.9,0.66787204
109.1,3979.7,-3,0.7,0.43418527,477.7,39.9,0.6678025
116.1,3980.1,7,0.4,0.46208961,477.7,39.9,0.6678025
116,3980.7,-0.1,0.6,0.4617612,477.7,39.9,0.6678025
115.1,3981.3,-0.9,0.6,0.45824763,477.7,39.9,0.6678025
-248,3993.1,-363.1,11.8,-0.9902888,477.7,39.9,0.6678025
-609.9,4005.3,-361.9,12.2,-2.4428325,477.5,39.9,0.66794159
-610,4006.8,-0.1,1.5,-2.444148,477.3,39.9,0.66808067
-606.1,4007.9,3.9,1.1,-2.4291882,477.2,39.9,0.66815021
-597.1,4008.8,9,0.9,-2.3936545,477,39.9,0.66828929
-602,4010,-4.9,1.2,-2.41402,476.8,39.9,0.66842837
-604,4011.1,-2,1.1,-2.4227044,476.7,39.9,0.66849791
595,3975.2,1199,-35.9,2.365244,476.8,39.9,0.66842837
597.1,3974.2,2.1,-1,2.3729948,477,39.9,0.66828929
596.1,3973.7,-1,-0.5,2.3687226,477.2,39.9,0.66815021
596.1,3973.2,0,-0.5,2.3684245,477.3,39.9,0.66808067
1546,3943.8,949.9,-29.4,6.0971148,477.8,39.9,0.66773296
2492.1,3913.1,946.1,-30.7,9.7518365,478.5,39.9,0.66724618
2498.1,3910.1,6,-3,9.7678208,479.1,39.9,0.66682893
2496.1,3907.9,-2,-2.2,9.7545092,479.8,39.9,0.66634214
2496,3905.9,-0.1,-2,9.7491264,480.5,39.9,0.66585535
2502,3903.9,6,-2,9.7675578,481.2,39.9,0.66536857
1273.2,3939.7,-1228.8,35.8,5.016026,481.6,39.9,0.6650904
55,3977.3,-1218.2,37.6,0.2187515,481.6,39.9,0.6650904
59,3978.9,4,1.6,0.2347551,481.6,39.9,0.6650904
62,3980.1,3,1.2,0.2467662,481.6,39.9,0.6650904
-12,3983.5,-74,3.4,-0.047802,481.6,39.9,0.6650904
-83,3986.7,-71,3.2,-0.3308961,481.6,39.9,0.6650904
-85,3987.7,-2,1,-0.3389545,481.6,39.9,0.6650904
-80,3988.4,5,0.7,-0.319072,481.6,39.9,0.6650904
-85,3989.3,-5,0.9,-0.3390905,481.5,39.9,0.66515994
-83,3989.9,2,0.6,-0.3311617,481.5,39.9,0.66515994
-80,3990.5,3,0.6,-0.31924,481.5,39.9,0.66515994
-86,3991.3,-6,0.8,-0.3432518,481.5,39.9,0.66515994
-82,3991.8,4,0.5,-0.3273276,481.4,39.9,0.66522949
-78,3992.2,4,0.4,-0.3113916,481.4,39.9,0.66522949
-600,4008.7,-522,16.5,-2.40522,481.3,39.9,0.66529903
-606,4010.2,-6,1.5,-2.4301812,481.1,39.9,0.66543811
-611.1,4011.5,-5.1,1.3,-2.4514276,480.9,39.9,0.66557719
-609.1,4012.4,2,0.9,-2.4439528,480.8,39.9,0.66564673
-615,4013.5,-5.9,1.1,-2.4683025,480.6,39.9,0.66578581
-603.1,4014.1,11.9,0.6,-2.4209037,480.4,39.9,0.6659249
2587,3917.1,3190.1,-97,10.133538,481.1,39.9,0.66543811
2585.2,3913.1,-1.8,-4,10.116146,481.8,39.9,0.66495132
2589.1,3909.8,3.9,-3.3,10.122863,482.6,39.9,0.66439499
2581.2,3907.5,-7.9,-2.3,10.086039,483.3,39.9,0.66390821
2582.1,3905.2,0.9,-2.3,10.083617,484,39.9,0.66342142
2587.1,3903,5,-2.2,10.097451,484.7,39.9,0.66293463
2586.2,3901.3,-0.9,-1.7,10.089542,485.4,39.9,0.66244784
2585.1,3899.6,-1.1,-1.7,10.080856,486.2,39.9,0.66189152
2589.1,3898,4,-1.6,10.092312,486.9,39.9,0.66140473
2586.1,3896.6,-3,-1.4,10.076997,487.6,39.9,0.66091794
-109.1,3977.7,-2695.2,81.1,-0.43396707,487.6,39.9,0.66091794
-112,3980.3,-2.9,2.6,-0.4457936,487.5,39.9,0.66098748
-115,3982.2,-3,1.9,-0.457953,487.5,39.9,0.66098748
-115.1,3983.6,-0.1,1.4,-0.45851236,487.5,39.9,0.66098748
-114.1,3984.9,1,1.3,-0.45467709,487.4,39.9,0.66105702
-108,3985.7,6.1,0.8,-0.4304556,487.4,39.9,0.66105702
628,3964,736,-21.7,2.489392,487.6,39.9,0.66091794
626.2,3963.7,-1.8,-0.3,2.4820689,487.8,39.9,0.66077886
627.2,3963.6,1,-0.1,2.4859699,487.9,39.9,0.66070932
625,3963.6,-2.2,0,2.47725,488.1,39.9,0.66057024
631.1,3963.5,6.1,-0.1,2.5013648,488.3,39.9,0.66043115
630.1,3963.5,-1,0,2.4974013,488.5,39.9,0.66029207
631.1,3963.5,1,0,2.5013648,488.6,39.9,0.66022253
629.2,3963.6,-1.9,0.1,2.4938971,488.8,39.9,0.66008345
627.1,3963.7,-2.1,0.1,2.4856363,489,39.9,0.65994437
635.1,3963.4,8,-0.3,2.5171553,489.2,39.9,0.65980529
624.1,3963.8,-11,0.4,2.4738076,489.3,39.9,0.65973574
628.1,3963.7,4,-0.1,2.4896,489.5,39.9,0.65959666
2366,3910.6,1737.9,-53.1,9.2524796,490.2,39.9,0.65910987
2356.1,3908.2,-9.9,-2.4,9.20811,490.8,39.9,0.65869263
2358.1,3906.2,2,-2,9.2112102,491.5,39.9,0.65820584
2360.1,3904.6,2,-1.6,9.2152465,492.1,39.9,0.6577886
1403.2,3932.3,-956.9,27.7,5.5178034,492.5,39.9,0.65751043
452.1,3961.4,-951.1,29.1,1.7909489,492.6,39.9,0.65744089
452.1,3962.6,0,1.2,1.7914915,492.8,39.9,0.65730181
450.1,3963.5,-2,0.9,1.7839713,492.9,39.9,0.65723227
455.2,3963.9,5.1,0.4,1.8043673,493,39.9,0.65716273
82,3975.9,-373.2,12,0.3260238,493,39.9,0.65716273
-294,3988.6,-376,12.7,-1.1726484,493,39.9,0.65716273
-294.1,3990.1,-0.1,1.5,-1.1734884,492.9,39.9,0.65723227
-293.1,3991.2,1,1.1,-1.1698207,492.8,39.9,0.65730181
-297.1,3992.4,-4,1.2,-1.186142,492.7,39.9,0.65737135
-295,3993.3,2.1,0.9,-1.1780235,492.6,39.9,0.65744089
-299.1,3994.4,-4.1,1.1,-1.194725,492.5,39.9,0.65751043
-291.1,3995,8,0.6,-1.1629445,492.5,39.9,0.65751043
-88,3989.6,203.1,-5.4,-0.3510848,492.4,39.9,0.65757997
118.2,3983.6,206.2,-6,0.47086152,492.5,39.9,0.65751043
115.1,3983.8,-3.1,0.2,0.45853538,492.5,39.9,0.65751043
119.1,3983.9,4,0.1,0.47448249,492.5,39.9,0.65751043
115.1,3984.3,-4,0.4,0.45859293,492.6,39.9,0.65744089
115.1,3984.6,0,0.3,0.45862746,492.6,39.9,0.65744089
111.1,3985,-4,0.4,0.4427335,492.6,39.9,0.65744089
93,3985.8,-18.1,0.8,0.3706794,492.7,39.9,0.65737135
93,3986.1,0,0.3,0.3707073,492.7,39.9,0.65737135
98,3986.2,5,0.1,0.3906476,492.7,39.9,0.65737135
95,3986.6,-3,0.4,0.378727,492.7,39.9,0.65737135
94,3986.8,-1,0.2,0.3747592,492.8,39.9,0.65730181
96,3987,2,0.2,0.382752,492.8,39.9,0.65730181
92,3987.4,-4,0.4,0.3668408,492.8,39.9,0.65730181
88,3987.7,-4,0.3,0.3509176,492.8,39.9,0.65730181
94,3987.8,6,0.1,0.3748532,492.9,39.9,0.65723227
61,3989,-33,1.2,0.243329,492.9,39.9,0.65723227
53,3989.5,-8,0.5,0.2114435,492.9,39.9,0.65723227
61,3989.6,8,0.1,0.2433656,492.9,39.9,0.65723227
65,3989.7,4,0.1,0.2593305,492.9,39.9,0.65723227
64,3989.9,-1,0.2,0.2553536,493,39.9,0.65716273
60,3990.3,-4,0.4,0.239418,493,39.9,0.65716273
57,3990.6,-3,0.3,0.2274642,493,39.9,0.65716273
59,3990.7,2,0.1,0.2354513,493,39.9,0.65716273
64,3990.8,5,0.1,0.2554112,493,39.9,0.65716273
64,3991,0,0.2,0.255424,493,39.9,0.65716273
1065.2,3960.5,1001.2,-30.5,4.2187246,493.3,39.9,0.6569541
2064,3928.5,998.8,-32,8.108424,493.9,39.9,0.65653686
2060.1,3926,-3.9,-2.5,8.0879526,494.5,39.9,0.65611961
2061.1,3923.9,1,-2.1,8.0875503,495.1,39.9,0.65570236
2062,3922,0.9,-1.9,8.087164,495.6,39.9,0.65535466
2065,3920.3,3,-1.7,8.0954195,496.2,39.9,0.65493741
750.2,3959,-1314.8,38.7,2.9700418,496.4,39.9,0.65479833
-557,3999.7,-1307.2,40.7,-2.2278329,496.3,39.9,0.65486787
-558,4002,-1,2.3,-2.233116,496.1,39.9,0.65500695
-556.1,4003.6,1.9,1.6,-2.226402,495.9,39.9,0.65514604
-645,4007.8,-88.9,4.2,-2.585031,495.8,39.9,0.65521558
-652,4009.4,-7,1.6,-2.6141288,495.6,39.9,0.65535466
-655,4010.7,-3,1.3,-2.6270085,495.4,39.9,0.65549374
-644.1,4011.5,10.9,0.8,-2.5838071,495.2,39.9,0.65563282
-648.2,4012.6,-4.1,1.1,-2.6009673,495,39.9,0.65577191
-560.1,4010.8,88.1,-1.8,-2.2464491,494.9,39.9,0.65584145
-472,4008.9,88.1,-1.9,-1.8922008,494.8,39.9,0.65591099
-471,4009.5,1,0.6,-1.8884745,494.6,39.9,0.65605007
-475,4010.2,-4,0.7,-1.904845,494.5,39.9,0.65611961
-477,4010.8,-2,0.6,-1.9131516,494.4,39.9,0.65618915
1523,3950.1,2000,-60.7,6.0160023,494.8,39.9,0.65591099
1523.2,3947.5,0.2,-2.6,6.012832,495.2,39.9,0.65563282
692.2,3971,-831,23.5,2.7487262,495.4,39.9,0.65549374
692.1,3970.7,-0.1,-0.3,2.7481215,495.6,39.9,0.65535466
691.1,3970.4,-1,-0.3,2.7439434,495.8,39.9,0.65521558
696.1,3969.9,5,-0.5,2.7634474,496,39.9,0.6550765
690.1,3969.7,-6,-0.2,2.73949,496.2,39.9,0.65493741
537.1,3974,-153,4.3,2.1344354,496.3,39.9,0.65486787
538.2,3973.9,1.1,-0.1,2.138753,496.5,39.9,0.65472879
537.1,3973.8,-1.1,-0.1,2.134328,496.6,39.9,0.65465925
540.2,3973.5,3.1,-0.3,2.1464847,496.8,39.9,0.65452017
537.2,3973.5,-3,0,2.1345642,496.9,39.9,0.65445063
539,3973.3,1.8,-0.2,2.1416087,497.1,39.9,0.65431154
532.1,3973.3,-6.9,0,2.1141929,497.2,39.9,0.654242
-658.9,4009.8,-1191,36.5,-2.6420572,497,39.9,0.65438108
-660,4011.6,-1.1,1.8,-2.647656,496.8,39.9,0.65452017
-658,4013,2,1.4,-2.640554,496.7,39.9,0.65458971
-661,4014.2,-3,1.2,-2.6533862,496.5,39.9,0.65472879
834,3969.3,1495,-44.9,3.3103962,496.7,39.9,0.65458971
838.1,3967.7,4.1,-1.6,3.3253294,496.9,39.9,0.65445063
837.1,3966.7,-1,-1,3.3205246,497.2,39.9,0.654242
836.1,3966,-1,-0.7,3.3159726,497.4,39.9,0.65410292
839.2,3965.3,3.1,-0.7,3.3276798,497.6,39.9,0.65396384
838.1,3964.7,-1.1,-0.6,3.3228151,497.9,39.9,0.65375522
837.1,3964.2,-1,-0.5,3.3184318,498.1,39.9,0.65361613
840.1,3963.6,3,-0.6,3.3298204,498.3,39.9,0.65347705
838.1,3963.1,-2,-0.5,3.3214741,498.6,39.9,0.65326843
305.2,3979.1,-532.9,16,1.2144213,498.7,39.9,0.65319889
-215.9,3995.7,-521.1,16.6,-0.86267163,498.6,39.9,0.65326843
-211.1,3996.6,4.8,0.9,-0.84368226,498.5,39.9,0.65333797
-217.1,3997.6,-6,1,-0.86787896,498.5,39.9,0.65333797
-131.1,3995.7,86,-1.9,-0.52383627,498.4,39.9,0.65340751
-55,3993.8,76.1,-1.9,-0.219659,498.4,39.9,0.65340751
-49,3994,6,0.2,-0.195706,498.4,39.9,0.65340751
-48,3994.3,1,0.3,-0.1917264,498.4,39.9,0.65340751
-49,3994.7,-1,0.4,-0.1957403,498.4,39.9,0.65340751
-52,3995.1,-3,0.4,-0.2077452,498.4,39.9,0.65340751
-51,3995.4,1,0.3,-0.2037654,498.4,39.9,0.65340751
-49,3995.6,2,0.2,-0.1957844,498.3,39.9,0.65347705
-49,3995.8,0,0.2,-0.1957942,498.3,39.9,0.65347705
-53,3996.2,-4,0.4,-0.2117986,498.3,39.9,0.65347705
993.1,3964.3,1046.1,-31.9,3.9369463,498.6,39.9,0.65326843
996.1,3962.8,3,-1.5,3.9473451,498.9,39.9,0.65305981
995.1,3961.8,-1,-1,3.9423872,499.1,39.9,0.65292072
998.1,3960.8,3,-1,3.9532745,499.4,39.9,0.6527121
998.1,3960,0,-0.8,3.952476,499.7,39.9,0.65250348
996.2,3959.4,-1.9,-0.6,3.9443543,500,39.9,0.65229485
2167,3922.9,1170.8,-36.5,8.5009243,500.6,39.9,0.65187761
2170,3920.3,3,-2.6,8.507051,501.2,39.9,0.65146036
2168.1,3918.4,-1.9,-1.9,8.495483,501.8,39.9,0.65104312
2175.1,3916.5,7,-1.9,8.5187792,502.4,39.9,0.65062587
2165.1,3915.3,-10,-1.2,8.477016,503,39.9,0.65020862
2169,3913.8,3.9,-1.5,8.4890322,503.6,39.9,0.64979138
2169.1,3912.4,0.1,-1.4,8.4863868,504.2,39.9,0.64937413
2170,3911.1,0.9,-1.3,8.487087,504.8,39.9,0.64895688
2170,3909.9,0,-1.2,8.484483,505.4,39.9,0.64853964
2173.1,3908.7,3.1,-1.2,8.493996,506,39.9,0.64812239
2445.1,3899.4,272,-9.3,9.5344229,506.7,39.9,0.64763561
2450.1,3897.8,5,-1.6,9.5499998,507.4,39.9,0.64714882
2445.1,3896.7,-5,-1.1,9.5278212,508,39.9,0.64673157
2445.1,3895.5,0,-1.2,9.5248871,508.7,39.9,0.64624478
2445.1,3894.4,0,-1.1,9.5221974,509.4,39.9,0.645758
2447.1,3893.2,2,-1.2,9.5270497,510.1,39.9,0.64527121
1240.3,3929,-1206.8,35.8,4.8731387,510.4,39.9,0.64506259
35,3966.7,-1205.3,37.7,0.1388345,510.4,39.9,0.64506259
27,3969.1,-8,2.4,0.1071657,510.4,39.9,0.64506259
25,3970.8,-2,1.7,0.09927,510.4,39.9,0.64506259
28,3972,3,1.2,0.111216,510.5,39.9,0.64499305
26,3973.2,-2,1.2,0.1033032,510.5,39.9,0.64499305
30,3974.1,4,0.9,0.119223,510.5,39.9,0.64499305
28,3975.1,-2,1,0.1113028,510.5,39.9,0.64499305
26,3976,-2,0.9,0.103376,510.5,39.9,0.64499305
28,3976.7,2,0.7,0.1113476,510.5,39.9,0.64499305
28,3977.4,0,0.7,0.1113672,510.5,39.9,0.64499305
29,3978.1,1,0.7,0.1153649,510.5,39.9,0.64499305
19,3979,-10,0.9,0.075601,510.5,39.9,0.64499305
25,3979.5,6,0.5,0.0994875,510.5,39.9,0.64499305
28,3980,3,0.5,0.11144,510.5,39.9,0.64499305
22,3980.6,-6,0.6,0.0875732,510.5,39.9,0.64499305
23,3981.1,1,0.5,0.0915653,510.5,39.9,0.64499305
28,3981.5,5,0.4,0.111482,510.6,39.9,0.6449235
26,3982,-2,0.5,0.103532,510.6,39.9,0.6449235
26,3982.5,0,0.5,0.103545,510.6,39.9,0.6449235
30,3982.8,4,0.3,0.119484,510.6,39.9,0.6449235
29,3983.2,-1,0.4,0.1155128,510.6,39.9,0.6449235
26,3983.7,-3,0.5,0.1035762,510.6,39.9,0.6449235
26,3984.2,0,0.5,0.1035892,510.6,39.9,0.6449235
23,3984.6,-3,0.4,0.0916458,510.6,39.9,0.6449235
26,3984.9,3,0.3,0.1036074,510.6,39.9,0.6449235
29,3985.1,3,0.2,0.1155679,510.6,39.9,0.6449235
30,3985.4,1,0.3,0.119562,510.6,39.9,0.6449235
28,3985.8,-2,0.4,0.1116024,510.6,39.9,0.6449235
28,3986.1,0,0.3,0.1116108,510.6,39.9,0.6449235
21,3986.6,-7,0.5,0.0837186,510.6,39.9,0.6449235
24,3986.8,3,0.2,0.0956832,510.7,39.9,0.64485396
24,3987.1,0,0.3,0.0956904,510.7,39.9,0.64485396
22,3987.5,-2,0.4,0.087725,510.7,39.9,0.64485396
29,3987.5,7,0,0.1156375,510.7,39.9,0.64485396
27,3987.8,-2,0.3,0.1076706,510.7,39.9,0.64485396
23,3988.1,-4,0.3,0.0917263,510.7,39.9,0.64485396
23,3988.4,0,0.3,0.0917332,510.7,39.9,0.64485396
32,3988.3,9,-0.1,0.1276256,510.7,39.9,0.64485396
29,3988.6,-3,0.3,0.1156694,510.7,39.9,0.64485396
26,3988.9,-3,0.3,0.1037114,510.7,39.9,0.64485396
29,3989.1,3,0.2,0.1156839,510.7,39.9,0.64485396
26,3989.4,-3,0.3,0.1037244,510.7,39.9,0.64485396
21,3989.7,-5,0.3,0.0837837,510.7,39.9,0.64485396
30,3989.6,9,-0.1,0.119688,510.7,39.9,0.64485396
27,3989.9,-3,0.3,0.1077273,510.8,39.9,0.64478442
24,3990.2,-3,0.3,0.0957648,510.8,39.9,0.64478442
26,3990.3,2,0.1,0.1037478,510.8,39.9,0.64478442
28,3990.4,2,0.1,0.1117312,510.8,39.9,0.64478442
25,3990.7,-3,0.3,0.0997675,510.8,39.9,0.64478442
25,3990.8,0,0.1,0.09977,510.8,39.9,0.64478442
34,3990.7,9,-0.1,0.1356838,510.8,39.9,0.64478442
31,3990.9,-3,0.2,0.1237179,510.8,39.9,0.64478442
27,3991.2,-4,0.3,0.1077624,510.8,39.9,0.64478442
32,3991.2,5,0,0.1277184,510.8,39.9,0.64478442
20,3991.7,-12,0.5,0.079834,510.8,39.9,0.64478442
33,3991.5,13,-0.2,0.1317195,510.8,39.9,0.64478442
26,3991.8,-7,0.3,0.1037868,510.8,39.9,0.64478442
23,3992,-3,0.2,0.091816,510.9,39.9,0.64471488
26,3992.1,3,0.1,0.1037946,510.9,39.9,0.64471488
29,3992.1,3,0,0.1157709,510.9,39.9,0.64471488
32,3992.1,3,0,0.1277472,510.9,39.9,0.64471488
23,3992.6,-9,0.5,0.0918298,510.9,39.9,0.64471488
29,3992.5,6,-0.1,0.1157825,510.9,39.9,0.64471488
27,3992.6,-2,0.1,0.1078002,510.9,39.9,0.64471488
24,3992.9,-3,0.3,0.0958296,510.9,39.9,0.64471488
24,3993,0,0.1,0.095832,510.9,39.9,0.64471488
26,3993,2,0,0.103818,510.9,39.9,0.64471488
25,3993.2,-1,0.2,0.09983,510.9,39.9,0.64471488
26,3993.2,1,0,0.1038232,510.9,39.9,0.64471488
30,3993.2,4,0,0.119796,510.9,39.9,0.64471488
26,3993.4,-4,0.2,0.1038284,511,39.9,0.64464534
31,3993.4,5,0,0.1237954,511,39.9,0.64464534
29,3993.5,-2,0.1,0.1158115,511,39.9,0.64464534
26,3993.8,-3,0.3,0.1038388,511,39.9,0.64464534
26,3993.8,0,0,0.1038388,511,39.9,0.64464534
27,3993.9,1,0.1,0.1078353,511,39.9,0.64464534
22,3994.1,-5,0.2,0.0878702,511,39.9,0.64464534
27,3994.1,5,0,0.1078407,511,39.9,0.64464534
28,3994.1,1,0,0.1118348,511,39.9,0.64464534
25,3994.3,-3,0.2,0.0998575,511,39.9,0.64464534
28,3994.3,3,0,0.1118404,511,39.9,0.64464534
24,3994.5,-4,0.2,0.095868,511,39.9,0.64464534
29,3994.4,5,-0.1,0.1158376,511,39.9,0.64464534
29,3994.5,0,0.1,0.1158405,511,39.9,0.64464534
26,3994.7,-3,0.2,0.1038622,511.1,39.9,0.6445758
33,3994.6,7,-0.1,0.1318218,511.1,39.9,0.6445758
34,3994.6,1,0,0.1358164,511.1,39.9,0.6445758
26,3994.9,-8,0.3,0.1038674,511.1,39.9,0.6445758
30,3994.9,4,0,0.119847,511.1,39.9,0.6445758
29,3995,-1,0.1,0.115855,511.1,39.9,0.6445758
28,3995.1,-1,0.1,0.1118628,511.1,39.9,0.6445758
31,3995,3,-0.1,0.123845,511.1,39.9,0.6445758
32,3995.1,1,0.1,0.1278432,511.1,39.9,0.6445758
22,3995.4,-10,0.3,0.0878988,511.1,39.9,0.6445758
22,3995.5,0,0.1,0.087901,511.1,39.9,0.6445758
30,3995.3,8,-0.2,0.119859,511.1,39.9,0.6445758
30,3995.4,0,0.1,0.119862,511.2,39.9,0.64450626
26,3995.6,-4,0.2,0.1038856,511.2,39.9,0.64450626
27,3995.6,1,0,0.1078812,511.2,39.9,0.64450626
32,3995.6,5,0,0.1278592,511.2,39.9,0.64450626
27,3995.8,-5,0.2,0.1078866,511.2,39.9,0.64450626
27,3995.8,0,0,0.1078866,511.2,39.9,0.64450626
26,3995.9,-1,0.1,0.1038934,511.2,39.9,0.64450626
28,3995.9,2,0,0.1118852,511.2,39.9,0.64450626
29,3995.9,1,0,0.1158811,511.2,39.9,0.64450626
25,3996.1,-4,0.2,0.0999025,511.2,39.9,0.64450626
29,3996,4,-0.1,0.115884,511.2,39.9,0.64450626
28,3996.1,-1,0.1,0.1118908,511.2,39.9,0.64450626
28,3996.2,0,0.1,0.1118936,511.2,39.9,0.64450626
23,3996.4,-5,0.2,0.0919172,511.3,39.9,0.64443672
27,3996.3,4,-0.1,0.1079001,511.3,39.9,0.64443672
25,3996.4,-2,0.1,0.09991,511.3,39.9,0.64443672
25,3996.5,0,0.1,0.0999125,511.3,39.9,0.64443672
28,3996.4,3,-0.1,0.1118992,511.3,39.9,0.64443672
29,3996.5,1,0.1,0.1158985,511.3,39.9,0.64443672
28,3996.6,-1,0.1,0.1119048,511.3,39.9,0.64443672
30,3996.5,2,-0.1,0.119895,511.3,39.9,0.64443672
-91,4000.4,-121,3.9,-0.3640364,511.3,39.9,0.64443672
-87,4000.5,4,0.1,-0.3480435,511.3,39.9,0.64443672
-95,4000.9,-8,0.4,-0.3800855,511.2,39.9,0.64450626
-92,4001,3,0.1,-0.368092,511.2,39.9,0.64450626
-91,4001.1,1,0.1,-0.3641001,511.2,39.9,0.64450626
-93,4001.3,-2,0.2,-0.3721209,511.2,39.9,0.64450626
-92,4001.5,1,0.2,-0.368138,511.1,39.9,0.6445758
475.1,3984.1,567.1,-17.4,1.8928459,511.3,39.9,0.64443672
1050.1,3965.7,575,-18.4,4.1643816,511.6,39.9,0.64422809
1048.1,3964.3,-2,-1.4,4.1549828,511.8,39.9,0.64408901
1055.1,3962.8,7,-1.5,4.1811503,512.1,39.9,0.64388039
1055.1,3961.7,0,-1.1,4.1799897,512.4,39.9,0.64367177
1055.1,3960.8,0,-0.9,4.1790401,512.7,39.9,0.64346314
-18,3993,-1073.1,32.2,-0.071874,512.7,39.9,0.64346314
-21,3993.9,-3,0.9,-0.0838719,512.7,39.8,0.64346314
-16,3994.4,5,0.5,-0.0639104,512.7,39.8,0.64346314
-18,3994.8,-2,0.4,-0.0719064,512.7,39.8,0.64346314
-23,3995.3,-5,0.5,-0.0918919,512.7,39.8,0.64346314
-18,3995.5,5,0.2,-0.071919,512.7,39.8,0.64346314
-26,3996,-8,0.5,-0.103896,512.7,39.8,0.64346314
-24,3996.2,2,0.2,-0.0959088,512.7,39.8,0.64346314
-29,3996.5,-5,0.3,-0.1158985,512.7,39.8,0.64346314
178.9,3990.2,207.9,-6.3,0.71384678,512.7,39.8,0.64346314
383,3983.9,204.1,-6.3,1.5258337,512.8,39.8,0.6433936
382.2,3983.5,-0.8,-0.4,1.5224937,512.9,39.8,0.64332406
380.2,3983.2,-2,-0.3,1.5144126,513,39.8,0.64325452
383.1,3982.9,2.9,-0.3,1.525849,513.1,39.8,0.64318498
388,3982.5,4.9,-0.4,1.54521,513.2,39.8,0.64311544
387,3982.3,-1,-0.2,1.5411501,513.4,39.8,0.64297636
2087.9,3929.9,1700.9,-52.4,8.2052382,513.9,39.8,0.64262865
2090.1,3927,2.2,-2.9,8.2078227,514.5,39.8,0.6422114
2092.1,3924.7,2,-2.3,8.2108649,515.1,39.8,0.64179416
2085,3923,-7.1,-1.7,8.179455,515.7,39.8,0.64137691
2088,3921.2,3,-1.8,8.1874656,516.3,39.8,0.64095967
2091.1,3919.4,3.1,-1.8,8.1958573,516.8,39.8,0.64061196
2244,3913.3,152.9,-6.1,8.7814452,517.5,39.8,0.64012517
2407.1,3906.7,163.1,-6.6,9.4038176,518.1,39.8,0.63970793
2406.1,3905,-1,-1.7,9.3958205,518.8,39.8,0.63922114
2408.1,3903.4,2,-1.6,9.3997775,519.5,39.8,0.63873435
2204.1,3908.1,-204,4.7,8.6138432,520.1,39.8,0.63831711
2000.1,3913.3,-204,5.2,7.8269913,520.6,39.8,0.6379694
2003.1,3912.4,3,-0.9,7.8369284,521.2,39.8,0.63755216
2004.1,3911.5,1,-0.9,7.8390372,521.7,39.8,0.63720445
2002.1,3910.7,-2,-0.8,7.8296125,522.3,39.9,0.6367872
2005,3909.8,2.9,-0.9,7.839149,522.9,39.9,0.63636996
1055.1,3938.1,-949.9,28.3,4.1550893,523.2,39.9,0.63616134
106.2,3967.8,-948.9,29.7,0.42138036,523.2,39.9,0.63616134
113.1,3969.3,6.9,1.5,0.44892783,523.2,39.9,0.63616134
103.2,3970.9,-9.9,1.6,0.40979688,523.2,39.9,0.63616134
112.1,3971.7,8.9,0.8,0.44522757,523.3,39.9,0.63609179
110.1,3972.6,-2,0.9,0.43738326,523.3,39.9,0.63609179
109.1,3973.4,-1,0.8,0.43349794,523.3,39.9,0.63609179
109.1,3974.1,0,0.7,0.43357431,523.4,39.9,0.63602225
111.1,3974.7,2,0.6,0.44158917,523.4,39.9,0.63602225
66,3976.7,-45.1,2,0.2624622,523.4,39.9,0.63602225
22,3978.7,-44,2,0.0875314,523.4,39.9,0.63602225
20,3979.3,-2,0.6,0.079586,523.4,39.9,0.63602225
23,3979.9,3,0.6,0.0915377,523.4,39.9,0.63602225
16,3980.6,-7,0.7,0.0636896,523.4,39.9,0.63602225
25,3980.9,9,0.3,0.0995225,523.4,39.9,0.63602225
29,3981.2,4,0.3,0.1154548,523.5,39.9,0.63595271
314.1,3972.9,285.1,-8.3,1.2478879,523.5,39.9,0.63595271
609.1,3963.9,295,-9,2.4144115,523.7,39.9,0.63581363
613.2,3963.4,4.1,-0.5,2.4303569,523.9,39.9,0.63567455
2123.9,3916.7,1510.7,-46.7,8.3186791,524.5,39.9,0.6352573
2130.1,3914,6.2,-2.7,8.3372114,525.1,39.9,0.63484006
2129.1,3912.1,-1,-1.9,8.3292521,525.7,39.9,0.63442281
37,3974.6,-2092.1,62.5,0.1470602,525.7,39.9,0.63442281
32,3976.4,-5,1.8,0.1272448,525.7,39.9,0.63442281
37,3977.3,5,0.9,0.1471601,525.7,39.9,0.63442281
1221.1,3941.8,1184.1,-35.5,4.813332,526,39.9,0.63421419
1227.1,3940.5,6,-1.3,4.8353876,526.4,39.9,0.63393602
1221.2,3939.9,-5.9,-0.6,4.8114059,526.7,39.9,0.6337274
1220.1,3939.2,-1.1,-0.7,4.8062179,527,39.9,0.63351878
1224.1,3938.6,4,-0.6,4.8212403,527.4,39.9,0.63324061
1217.2,3938.3,-6.9,-0.3,4.7936988,527.7,39.9,0.63303199
1219.1,3937.7,1.9,-0.6,4.8004501,528.1,39.9,0.63275382
1221.1,3937.2,2,-0.5,4.8077149,528.4,39.9,0.6325452
853.2,3948.1,-367.9,10.9,3.3685189,528.6,39.9,0.63240612
855.1,3948.1,1.9,0,3.3760203,528.9,39.9,0.6321975
856.1,3948.2,1,0.1,3.380054,529.1,39.9,0.63205841
858.1,3948.1,2,-0.1,3.3878646,529.3,39.9,0.63191933
861.1,3947.9,3,-0.2,3.3995367,529.6,39.9,0.63171071
859.1,3948,-2,0.1,3.3917268,529.8,39.9,0.63157163
1540.1,3927,681,-21,6.0479727,530.3,39.9,0.63122392
1535.1,3926.1,-5,-0.9,6.0269561,530.7,39.9,0.63094576
1539.1,3925.2,4,-0.9,6.0412753,531.1,39.9,0.63066759
1535.1,3924.6,-4,-0.6,6.0246535,531.5,39.9,0.63038943
605.1,3952.4,-930,27.8,2.3915972,531.7,39.9,0.63025035
606.1,3953.2,1,0.8,2.3960345,531.9,39.9,0.63011127
601.1,3953.8,-5,0.6,2.3766292,532,39.9,0.63004172
606.1,3954,5,0.2,2.3965194,532.2,39.9,0.62990264
607.2,3954.2,1.1,0.2,2.4009902,532.4,39.9,0.62976356
607.2,3954.5,0,0.3,2.4011724,532.5,39.9,0.62969402
575.1,3955.6,-32.1,1.1,2.2748656,532.7,39.9,0.62955494
574.1,3955.9,-1,0.3,2.2710822,532.9,39.9,0.62941586
576.2,3956,2.1,0.1,2.2794472,533,39.9,0.62934631
575.1,3956.2,-1.1,0.2,2.2752106,533.2,39.9,0.62920723
-230.9,3981.3,-806,25.1,-0.91928217,533.1,39.9,0.62927677
-227,3982.5,3.9,1.2,-0.9040275,533.1,39.9,0.62927677
-227.1,3983.6,-0.1,1.1,-0.90467556,533,39.9,0.62934631
328.1,3967.4,555.2,-16.2,1.3017039,533.1,39.9,0.62927677
876.1,3950.6,548,-16.8,3.4611207,533.3,39.9,0.62913769
881.1,3949.7,5,-0.9,3.4800807,533.6,39.8,0.62892907
880.1,3949.2,-1,-0.5,3.4756909,533.8,39.8,0.62878999
872.2,3949,-7.9,-0.2,3.4443178,534.1,39.8,0.62858136
870.2,3948.7,-2,-0.3,3.4361587,534.3,39.8,0.62844228
874.1,3948.3,3.9,-0.4,3.451209,534.5,39.8,0.6283032
2081,3911.1,1206.9,-37.2,8.1389991,535.1,39.8,0.62788595
2077.1,3909.2,-3.9,-1.9,8.1197993,535.7,39.8,0.62746871
-322.1,3981.4,-2399.2,72.2,-1.2824089,535.6,39.8,0.62753825
-325,3983.7,-2.9,2.3,-1.2947025,535.5,39.8,0.62760779
2526,3897.7,2851,-86,9.8455902,536.2,39.8,0.627121
2525.2,3894.7,-0.8,-3,9.8348964,536.9,39.8,0.62663421
2522.1,3892.6,-3.1,-2.1,9.8175265,537.6,39.8,0.62614743
2521.1,3890.9,-1,-1.7,9.809348,538.3,39.8,0.62566064
2527.1,3889.1,6,-1.8,9.8281446,539,39.8,0.62517385
2528.1,3887.6,1,-1.5,9.8282416,539.7,39.9,0.62468707
354.2,3952.9,-2173.9,65.3,1.4001172,539.8,39.9,0.62461752
348.1,3955,-6.1,2.1,1.3767355,539.9,39.9,0.62454798
688,3945.7,339.9,-9.3,2.7146416,540.1,39.9,0.6244089
685.1,3946.2,-2.9,0.5,2.7035416,540.3,39.8,0.62426982
673.2,3947,-11.9,0.8,2.6571204,540.5,39.9,0.62413074
685,3946.9,11.8,-0.1,2.7036265,540.7,39.9,0.62399166
682.1,3947.2,-2.9,0.3,2.6923851,540.9,39.9,0.62385257
680.1,3947.6,-2,0.4,2.6847628,541.1,39.9,0.62371349
684,3947.7,3.9,0.1,2.7002268,541.2,39.9,0.62364395
681.1,3947.9,-2.9,0.2,2.6889147,541.4,39.9,0.62350487
680.2,3948.2,-0.9,0.3,2.6855656,541.6,39.9,0.62336579
1472,3924,791.8,-24.2,5.776128,542,39.9,0.62308762
1477.1,3922.7,5.1,-1.3,5.7942202,542.4,39.9,0.62280946
1474.2,3922,-2.9,-0.7,5.7818124,542.9,39.9,0.62246175
1476.1,3921.4,1.9,-0.6,5.7883785,543.3,39.9,0.62218359
1473.2,3920.8,-2.9,-0.6,5.7761226,543.7,39.9,0.62190542
1476.1,3920.2,2.9,-0.6,5.7866072,544.1,39.9,0.62162726
1476.1,3919.7,0,-0.5,5.7858692,544.5,39.9,0.6213491
1474.1,3919.3,-2,-0.4,5.7774401,544.9,39.9,0.62107093
1474.1,3918.9,0,-0.4,5.7768505,545.3,39.9,0.62079277
1477.1,3918.4,3,-0.5,5.7878686,545.7,39.9,0.6205146
1774,3908.9,296.9,-9.5,6.9343886,546.2,39.9,0.6201669
2065,3899.1,291,-9.8,8.0516415,546.8,39.9,0.61974965
2060.1,3898.2,-4.9,-0.9,8.0306818,547.4,39.9,0.61933241
2065,3897.1,4.9,-1.1,8.0475115,547.9,39.9,0.6189847
2060,3896.3,-5,-0.8,8.026378,548.5,39.9,0.61856745
2057.1,3895.6,-2.9,-0.7,8.0136388,549.1,39.9,0.61815021
2062,3894.6,4.9,-1,8.0306652,549.7,39.9,0.61773296
-163.1,3962.4,-2225.1,67.8,-0.64626744,549.6,39.9,0.6178025
-157,3964.9,6.1,2.5,-0.6224893,549.6,39.9,0.6178025
-163.1,3967,-6.1,2.1,-0.6470177,549.5,39.9,0.61787204
-160.1,3968.4,3,1.4,-0.63534084,549.5,39.9,0.61787204
-162.1,3969.9,-2,1.5,-0.64352079,549.4,39.9,0.61794159
-159,3970.9,3.1,1,-0.6313731,549.4,39.9,0.61794159
-163,3972.1,-4,1.2,-0.6474523,549.3,39.9,0.61801113
-161.1,3973.1,1.9,1,-0.64006641,549.3,39.9,0.61801113
-159,3974,2.1,0.9,-0.631866,549.2,39.9,0.61808067
-166,3975,-7,1,-0.65985,549.2,39.9,0.61808067
465.1,3956.4,631.1,-18.6,1.8401216,549.3,39.9,0.61801113
470.1,3956,5,-0.4,1.8597156,549.5,39.9,0.61787204
469.1,3956,-1,0,1.8557596,549.6,39.9,0.6178025
466.1,3956.2,-3,0.2,1.8439848,549.7,39.9,0.61773296
462.1,3956.4,-4,0.2,1.8282524,549.9,39.9,0.61759388
465.2,3956.4,3.1,0,1.8405173,550,39.9,0.61752434
463.1,3956.5,-2.1,0.1,1.8322552,550.1,39.9,0.6174548
469.1,3956.4,6,-0.1,1.8559472,550.2,39.9,0.61738526
-484.9,3986,-954,29.6,-1.9328114,550.1,39.9,0.6174548
-483.1,3987.5,1.8,1.5,-1.9263612,550,39.9,0.61752434
-488,3988.9,-4.9,1.4,-1.9465832,549.8,39.9,0.61766342
-484.1,3989.9,3.9,1,-1.9315106,549.7,39.9,0.61773296
-485,3990.9,-0.9,1,-1.9355865,549.6,39.9,0.6178025
-484.1,3991.8,0.9,0.9,-1.9324304,549.4,39.9,0.61794159
-485,3992.7,-0.9,0.9,-1.9364595,549.3,39.9,0.61801113
-491,3993.7,-6,1,-1.9609067,549.2,39.9,0.61808067
910,3951.4,1401,-42.3,3.595774,549.4,39.9,0.61794159
2301.9,3907.2,1391.9,-44.2,8.9939837,550.1,39.9,0.6174548
2298.1,3904.2,-3.8,-3,8.972242,550.7,39.9,0.61703755
2300.1,3901.7,2,-2.5,8.9743002,551.3,39.9,0.61662031
2304.1,3899.5,4,-2.2,8.984838,552,39.9,0.61613352
2299,3897.7,-5.1,-1.8,8.9608123,552.6,39.9,0.61571627
2306,3895.8,7,-1.9,8.9837148,553.2,39.9,0.61529903
2298.1,3894.5,-7.9,-1.3,8.9499504,553.9,39.9,0.61481224
-502,3979.2,-2800.1,84.7,-1.9975584,553.7,39.9,0.61495132
-493.1,3981.8,8.9,2.6,-1.9634256,553.6,39.9,0.61502086
-501,3984.1,-7.9,2.3,-1.9960341,553.5,39.9,0.6150904
-497,3985.6,4,1.5,-1.9808432,553.3,39.9,0.61522949
-497,3987,0,1.4,-1.981539,553.2,39.9,0.61529903
140,3968.5,637,-18.5,0.55559,553.2,39.9,0.61529903
778,3949.1,638,-19.4,3.0723998,553.4,39.9,0.61515994
775.1,3948.4,-2.9,-0.7,3.0604048,553.7,39.9,0.61495132
778.1,3947.8,3,-0.6,3.0717832,553.9,39.9,0.61481224
774.2,3947.6,-3.9,-0.2,3.0562319,554.1,39.9,0.61467316
776,3947.2,1.8,-0.4,3.0630272,554.3,39.9,0.61453408
777,3946.9,1,-0.3,3.0667413,554.5,39.9,0.61439499
779.1,3946.6,2.1,-0.3,3.0747961,554.7,39.9,0.61425591
-937,3999.3,-1716.1,52.7,-3.7473441,554.5,39.9,0.61439499
-935,4001.7,2,2.4,-3.7415895,554.2,39.9,0.61460362
-937,4003.7,-2,2,-3.7514669,554,39.9,0.6147427
-934,4005.1,3,1.4,-3.7407634,553.7,39.9,0.61495132
-935,4006.6,-1,1.5,-3.746171,553.4,39.9,0.61515994
-939.1,4008.1,-4.1,1.5,-3.7640067,553.2,39.9,0.61529903
2013,3918.6,2952.1,-89.5,7.8881418,553.7,39.9,0.61495132
2014,3915.2,1,-3.4,7.8852128,554.3,39.9,0.61453408
2013.1,3912.8,-0.9,-2.4,7.8768577,554.9,39.9,0.61411683
2009.1,3910.8,-4,-2,7.8571883,555.4,39.9,0.61376912
2014.1,3908.8,5,-2,7.8727141,556,39.9,0.61335188
2013.1,3907.3,-1,-1.5,7.8657856,556.5,39.9,0.61300417
1448.1,3923.1,-565,15.8,5.6810411,556.9,39.9,0.61272601
875.2,3940.3,-572.9,17.2,3.4485506,557.2,39.9,0.61251739
873.1,3940.6,-2.1,0.3,3.4405379,557.4,39.9,0.6123783
873.1,3940.7,0,0.1,3.4406252,557.7,39.9,0.61216968
875.1,3940.6,2,-0.1,3.4484191,557.9,39.9,0.6120306
876.1,3940.5,1,-0.1,3.452272,558.2,39.9,0.61182197
874.2,3940.4,-1.9,-0.1,3.4446977,558.4,39.9,0.61168289
871.1,3940.4,-3.1,0,3.4324824,558.6,39.9,0.61154381
874.1,3940.2,3,-0.2,3.4441288,558.9,39.9,0.61133519
-98,3970.1,-972.1,29.9,-0.3890698,558.9,39.9,0.61133519
-1078,4001.7,-980,31.6,-4.3138326,558.6,39.9,0.61154381
-1075,4004.2,3,2.5,-4.304515,558.3,39.9,0.61175243
-1080,4006.3,-5,2.1,-4.326804,558,39.9,0.61196106
-1076,4008,4,1.7,-4.312608,557.7,39.9,0.61216968
-1075.1,4009.6,0.9,1.6,-4.310721,557.4,39.9,0.6123783
-1074,4011.1,1.1,1.5,-4.3079214,557.1,39.9,0.61258693
-1072,4012.4,2,1.3,-4.3012928,556.8,39.9,0.61279555
-1073,4013.7,-1,1.3,-4.3067001,556.5,39.9,0.61300417
-1074,4015,-1,1.3,-4.31211,556.2,39.9,0.6132128
-526,3999.3,548,-15.7,-2.1036318,556,39.9,0.61335188
20,3982.6,546,-16.7,0.079652,556,39.9,0.61335188
14,3982.4,-6,-0.2,0.0557536,556,39.9,0.61335188
15,3982.2,1,-0.2,0.059733,556,39.9,0.61335188
17,3982.1,2,-0.1,0.0676957,556,39.9,0.61335188
15,3982.1,-2,0,0.0597315,556,39.9,0.61335188
19,3982,4,-0.1,0.075658,556,39.9,0.61335188
9,3982.3,-10,0.3,0.0358407,556.1,39.9,0.61328234
16,3982.2,7,-0.1,0.0637152,556.1,39.9,0.61328234
18,3982.2,2,0,0.0716796,556.1,39.9,0.61328234
17,3982.3,-1,0.1,0.0676991,556.1,39.9,0.61328234
16,3982.3,-1,0,0.0637168,556.1,39.9,0.61328234
16,3982.4,0,0.1,0.0637184,556.1,39.9,0.61328234
14,3982.6,-2,0.2,0.0557564,556.1,39.9,0.61328234
18,3982.6,4,0,0.0716868,556.1,39.9,0.61328234
23,3982.5,5,-0.1,0.0915975,556.1,39.9,0.61328234
22,3982.6,-1,0.1,0.0876172,556.1,39.9,0.61328234
21,3982.7,-1,0.1,0.0836367,556.1,39.9,0.61328234
19,3982.8,-2,0.1,0.0756732,556.1,39.9,0.61328234
17,3983,-2,0.2,0.067711,556.1,39.9,0.61328234
17,3983.1,0,0.1,0.0677127,556.1,39.9,0.61328234
23,3983,6,-0.1,0.091609,556.1,39.9,0.61328234
17,3983.3,-6,0.3,0.0677161,556.1,39.9,0.61328234
20,3983.2,3,-0.1,0.079664,556.1,39.9,0.61328234
22,3983.2,2,0,0.0876304,556.1,39.9,0.61328234
16,3983.5,-6,0.3,0.063736,556.1,39.9,0.61328234
22,3983.4,6,-0.1,0.0876348,556.2,39.9,0.6132128
20,3983.5,-2,0.1,0.07967,556.2,39.9,0.6132128
20,3983.6,0,0.1,0.079672,556.2,39.9,0.6132128
20,3983.7,0,0.1,0.079674,556.2,39.9,0.6132128
18,3983.8,-2,0.1,0.0717084,556.2,39.9,0.6132128
16,3983.9,-2,0.1,0.0637424,556.2,39.9,0.6132128
16,3984,0,0.1,0.063744,556.2,39.9,0.6132128
20,3984,4,0,0.07968,556.2,39.9,0.6132128
19,3984.1,-1,0.1,0.0756979,556.2,39.9,0.6132128
16,3984.2,-3,0.1,0.0637472,556.2,39.9,0.6132128
22,3984.1,6,-0.1,0.0876502,556.2,39.9,0.6132128
21,3984.2,-1,0.1,0.0836682,556.2,39.9,0.6132128
18,3984.4,-3,0.2,0.0717192,556.2,39.9,0.6132128
17,3984.4,-1,0,0.0677348,556.2,39.9,0.6132128
16,3984.6,-1,0.2,0.0637536,556.2,39.9,0.6132128
17,3984.6,1,0,0.0677382,556.2,39.9,0.6132128
19,3984.6,2,0,0.0757074,556.2,39.9,0.6132128
13,3984.8,-6,0.2,0.0518024,556.2,39.9,0.6132128
24,3984.6,11,-0.2,0.0956304,556.2,39.9,0.6132128
17,3984.9,-7,0.3,0.0677433,556.2,39.9,0.6132128
15,3985,-2,0.1,0.059775,556.3,39.9,0.61314325
19,3984.9,4,-0.1,0.0757131,556.3,39.9,0.61314325
19,3985,0,0.1,0.075715,556.3,39.9,0.61314325
23,3984.9,4,-0.1,0.0916527,556.3,39.9,0.61314325
16,3985.2,-7,0.3,0.0637632,556.3,39.9,0.61314325
23,3985,7,-0.2,0.091655,556.3,39.9,0.61314325
20,3985.2,-3,0.2,0.079704,556.3,39.9,0.61314325
19,3985.3,-1,0.1,0.0757207,556.3,39.9,0.61314325
15,3985.4,-4,0.1,0.059781,556.3,39.9,0.61314325
21,3985.3,6,-0.1,0.0836913,556.3,39.9,0.61314325
22,3985.3,1,0,0.0876766,556.3,39.9,0.61314325
21,3985.4,-1,0.1,0.0836934,556.3,39.9,0.61314325
19,3985.5,-2,0.1,0.0757245,556.3,39.9,0.61314325
18,3985.6,-1,0.1,0.0717408,556.3,39.9,0.61314325
20,3985.6,2,0,0.079712,556.3,39.9,0.61314325
16,3985.8,-4,0.2,0.0637728,556.3,39.9,0.61314325
12,3986,-4,0.2,0.047832,556.3,39.9,0.61314325
17,3985.9,5,-0.1,0.0677603,556.3,39.9,0.61314325
16,3986,-1,0.1,0.063776,556.3,39.9,0.61314325
23,3985.8,7,-0.2,0.0916734,556.4,39.9,0.61307371
20,3985.9,-3,0.1,0.079718,556.4,39.9,0.61307371
17,3986.1,-3,0.2,0.0677637,556.4,39.9,0.61307371
16,3986.1,-1,0,0.0637776,556.4,39.9,0.61307371
20,3986,4,-0.1,0.07972,556.4,39.9,0.61307371
17,3986.2,-3,0.2,0.0677654,556.4,39.9,0.61307371
18,3986.2,1,0,0.0717516,556.4,39.9,0.61307371
18,3986.3,0,0.1,0.0717534,556.4,39.9,0.61307371
17,3986.3,-1,0,0.0677671,556.4,39.9,0.61307371
20,3986.3,3,0,0.079726,556.4,39.9,0.61307371
23,3986.3,3,0,0.0916849,556.4,39.9,0.61307371
20,3986.4,-3,0.1,0.079728,556.4,39.9,0.61307371
15,3986.5,-5,0.1,0.0597975,556.4,39.9,0.61307371
16,3986.5,1,0,0.063784,556.4,39.9,0.61307371
19,3986.5,3,0,0.0757435,556.4,39.9,0.61307371
11,3986.8,-8,0.3,0.0438548,556.4,39.9,0.61307371
20,3986.6,9,-0.2,0.079732,556.4,39.9,0.61307371
16,3986.7,-4,0.1,0.0637872,556.4,39.9,0.61307371
19,3986.7,3,0,0.0757473,556.4,39.9,0.61307371
18,3986.8,-1,0.1,0.0717624,556.4,39.9,0.61307371
17,3986.8,-1,0,0.0677756,556.5,39.8,0.61300417
21,3986.8,4,0,0.0837228,556.5,39.8,0.61300417
22,3986.7,1,-0.1,0.0877074,556.5,39.8,0.61300417
20,3986.9,-2,0.2,0.079738,556.5,39.8,0.61300417
23,3986.8,3,-0.1,0.0916964,556.5,39.8,0.61300417
18,3987,-5,0.2,0.071766,556.5,39.8,0.61300417
20,3987,2,0,0.07974,556.5,39.8,0.61300417
20,3987,0,0,0.07974,556.5,39.8,0.61300417
16,3987.1,-4,0.1,0.0637936,556.5,39.8,0.61300417
18,3987.1,2,0,0.0717678,556.5,39.8,0.61300417
20,3987.1,2,0,0.079742,556.5,39.8,0.61300417
17,3987.2,-3,0.1,0.0677824,556.5,39.8,0.61300417
15,3987.4,-2,0.2,0.059811,556.5,39.8,0.61300417
19,3987.3,4,-0.1,0.0757587,556.5,39.8,0.61300417
12,3987.5,-7,0.2,0.04785,556.5,39.8,0.61300417
12,3987.5,0,0,0.04785,556.5,39.8,0.61300417
15,3987.5,3,0,0.0598125,556.5,39.8,0.61300417
18,3987.4,3,-0.1,0.0717732,556.5,39.8,0.61300417
16,3987.5,-2,0.1,0.0638,556.5,39.8,0.61300417
16,3987.5,0,0,0.0638,556.5,39.8,0.61300417
22,3987.4,6,-0.1,0.0877228,556.6,39.8,0.61293463
23,3987.4,1,0,0.0917102,556.6,39.8,0.61293463
20,3987.5,-3,0.1,0.07975,556.6,39.8,0.61293463
16,3987.7,-4,0.2,0.0638032,556.6,39.8,0.61293463
21,3987.5,5,-0.2,0.0837375,556.6,39.8,0.61293463
16,3987.7,-5,0.2,0.0638032,556.6,39.8,0.61293463
21,3987.6,5,-0.1,0.0837396,556.6,39.8,0.61293463
20,3987.7,-1,0.1,0.079754,556.6,39.8,0.61293463
16,3987.8,-4,0.1,0.0638048,556.6,39.8,0.61293463
18,3987.8,2,0,0.0717804,556.6,39.8,0.61293463
10,3988,-8,0.2,0.03988,556.6,39.8,0.61293463
18,3987.9,8,-0.1,0.0717822,556.6,39.8,0.61293463
25,3987.7,7,-0.2,0.0996925,556.6,39.8,0.61293463
41,3987.2,16,-0.5,0.1634752,556.6,39.8,0.61293463
37,3987.3,-4,0.1,0.1475301,556.6,39.8,0.61293463
43,3987.2,6,-0.1,0.1714496,556.6,39.8,0.61293463
37,3987.3,-6,0.1,0.1475301,556.7,39.8,0.61286509
40,3987.3,3,0,0.159492,556.7,39.8,0.61286509
38,3987.3,-2,0,0.1515174,556.7,39.8,0.61286509
42,3987.2,4,-0.1,0.1674624,556.7,39.8,0.61286509
37,3987.4,-5,0.2,0.1475338,556.7,39.8,0.61286509
38,3987.4,1,0,0.1515212,556.7,39.8,0.61286509
38,3987.4,0,0,0.1515212,556.7,39.8,0.61286509
39,3987.4,1,0,0.1555086,556.7,39.8,0.61286509
44,3987.3,5,-0.1,0.1754412,556.7,39.8,0.61286509
42,3987.3,-2,0,0.1674666,556.8,39.8,0.61279555
39,3987.4,-3,0.1,0.1555086,556.8,39.8,0.61279555
38,3987.4,-1,0,0.1515212,556.8,39.8,0.61279555
39,3987.4,1,0,0.1555086,556.8,39.8,0.61279555
38,3987.5,-1,0.1,0.151525,556.8,39.8,0.61279555
40,3987.4,2,-0.1,0.159496,556.8,39.8,0.61279555
46,3987.3,6,-0.1,0.1834158,556.8,39.8,0.61279555
40,3987.4,-6,0.1,0.159496,556.8,39.8,0.61279555
43,3987.3,3,-0.1,0.1714539,556.8,39.8,0.61279555
40,3987.5,-3,0.2,0.1595,556.9,39.8,0.61272601
38,3987.5,-2,0,0.151525,556.9,39.8,0.61272601
35,3987.6,-3,0.1,0.139566,556.9,39.8,0.61272601
37,3987.6,2,0,0.1475412,556.9,39.8,0.61272601
43,3987.5,6,-0.1,0.1714625,556.9,39.8,0.61272601
42,3987.5,-1,0,0.167475,556.9,39.8,0.61272601
38,3987.6,-4,0.1,0.1515288,556.9,39.8,0.61272601
41,3987.5,3,-0.1,0.1634875,556.9,39.8,0.61272601
38,3987.7,-3,0.2,0.1515326,556.9,39.8,0.61272601
38,3987.7,0,0,0.1515326,557,39.8,0.61265647
37,3987.8,-1,0.1,0.1475486,557,39.8,0.61265647
42,3987.6,5,-0.2,0.1674792,557,39.8,0.61265647
34,3987.9,-8,0.3,0.1355886,557,39.8,0.61265647
38,3987.8,4,-0.1,0.1515364,557,39.8,0.61265647
41,3987.7,3,-0.1,0.1634957,557,39.8,0.61265647
41,3987.7,0,0,0.1634957,557,39.8,0.61265647
36,3987.9,-5,0.2,0.1435644,557,39.8,0.61265647
39,3987.8,3,-0.1,0.1555242,557,39.8,0.61265647
37,3987.9,-2,0.1,0.1475523,557,39.8,0.61265647
40,3987.8,3,-0.1,0.159512,557.1,39.8,0.61258693
38,3987.9,-2,0.1,0.1515402,557.1,39.8,0.61258693
33,3988,-5,0.1,0.131604,557.1,39.8,0.61258693
34,3988,1,0,0.135592,557.1,39.8,0.61258693
41,3987.8,7,-0.2,0.1634998,557.1,39.8,0.61258693
38,3987.9,-3,0.1,0.1515402,557.1,39.8,0.61258693
39,3987.9,1,0,0.1555281,557.1,39.8,0.61258693
42,3987.8,3,-0.1,0.1674876,557.1,39.8,0.61258693
43,3987.8,1,0,0.1714754,557.1,39.8,0.61258693
39,3987.9,-4,0.1,0.1555281,557.2,39.8,0.61251739
33,3988.2,-6,0.3,0.1316106,557.2,39.8,0.61251739
41,3987.9,8,-0.3,0.1635039,557.2,39.8,0.61251739
38,3988,-3,0.1,0.151544,557.2,39.8,0.61251739
39,3988,1,0,0.155532,557.2,39.8,0.61251739
33,3988.2,-6,0.2,0.1316106,557.2,39.8,0.61251739
41,3988,8,-0.2,0.163508,557.2,39.8,0.61251739
37,3988.1,-4,0.1,0.1475597,557.2,39.8,0.61251739
43,3988,6,-0.1,0.171484,557.2,39.8,0.61251739
43,3988,0,0,0.171484,557.3,39.8,0.61244784
37,3988.2,-6,0.2,0.1475634,557.3,39.8,0.61244784
40,3988.1,3,-0.1,0.159524,557.3,39.8,0.61244784
34,3988.3,-6,0.2,0.1356022,557.3,39.8,0.61244784
42,3988.1,8,-0.2,0.1675002,557.3,39.8,0.61244784
42,3988.1,0,0,0.1675002,557.3,39.8,0.61244784
41,3988.1,-1,0,0.1635121,557.3,39.8,0.61244784
36,3988.3,-5,0.2,0.1435788,557.3,39.8,0.61244784
43,3988.1,7,-0.2,0.1714883,557.3,39.8,0.61244784
39,3988.2,-4,0.1,0.1555398,557.4,39.8,0.6123783
44,3988.1,5,-0.1,0.1754764,557.4,39.8,0.6123783
38,3988.3,-6,0.2,0.1515554,557.4,39.8,0.6123783
36,3988.3,-2,0,0.1435788,557.4,39.8,0.6123783
38,3988.3,2,0,0.1515554,557.4,39.8,0.6123783
41,3988.2,3,-0.1,0.1635162,557.4,39.8,0.6123783
40,3988.3,-1,0.1,0.159532,557.4,39.8,0.6123783
41,3988.3,1,0,0.1635203,557.4,39.8,0.6123783
40,3988.3,-1,0,0.159532,557.4,39.8,0.6123783
44,3988.2,4,-0.1,0.1754808,557.5,39.8,0.61230876
38,3988.4,-6,0.2,0.1515592,557.5,39.8,0.61230876
39,3988.3,1,-0.1,0.1555437,557.5,39.8,0.61230876
43,3988.2,4,-0.1,0.1714926,557.5,39.8,0.61230876
41,3988.3,-2,0.1,0.1635203,557.5,39.8,0.61230876
40,3988.4,-1,0.1,0.159536,557.5,39.8,0.61230876
41,3988.3,1,-0.1,0.1635203,557.5,39.8,0.61230876
35,3988.5,-6,0.2,0.1395975,557.5,39.8,0.61230876
43,3988.3,8,-0.2,0.1714969,557.5,39.8,0.61230876
31,3988.7,-12,0.4,0.1236497,557.6,39.8,0.61223922
12,3989.3,-19,0.6,0.0478716,557.6,39.8,0.61223922
19,3989.1,7,-0.2,0.0757929,557.6,39.8,0.61223922
17,3989.2,-2,0.1,0.0678164,557.6,39.8,0.61223922
23,3989.1,6,-0.1,0.0917493,557.6,39.8,0.61223922
12,3989.4,-11,0.3,0.0478728,557.6,39.8,0.61223922
21,3989.2,9,-0.2,0.0837732,557.6,39.8,0.61223922
19,3989.3,-2,0.1,0.0757967,557.6,39.8,0.61223922
20,3989.3,1,0,0.079786,557.6,39.8,0.61223922
15,3989.5,-5,0.2,0.0598425,557.6,39.8,0.61223922
17,3989.4,2,-0.1,0.0678198,557.6,39.8,0.61223922
21,3989.3,4,-0.1,0.0837753,557.6,39.8,0.61223922
20,3989.4,-1,0.1,0.079788,557.6,39.8,0.61223922
8,3989.8,-12,0.4,0.0319184,557.6,39.8,0.61223922
25,3989.3,17,-0.5,0.0997325,557.6,39.8,0.61223922
17,3989.5,-8,0.2,0.0678215,557.6,39.8,0.61223922
18,3989.5,1,0,0.071811,557.6,39.8,0.61223922
13,3989.7,-5,0.2,0.0518661,557.6,39.8,0.61223922
18,3989.6,5,-0.1,0.0718128,557.6,39.8,0.61223922
21,3989.5,3,-0.1,0.0837795,557.6,39.8,0.61223922
17,3989.6,-4,0.1,0.0678232,557.6,39.8,0.61223922
17,3989.7,0,0.1,0.0678249,557.7,39.8,0.61216968
18,3989.7,1,0,0.0718146,557.7,39.8,0.61216968
14,3989.8,-4,0.1,0.0558572,557.7,39.8,0.61216968
14,3989.8,0,0,0.0558572,557.7,39.8,0.61216968
19,3989.7,5,-0.1,0.0758043,557.7,39.8,0.61216968
18,3989.8,-1,0.1,0.0718164,557.7,39.8,0.61216968
14,3989.9,-4,0.1,0.0558586,557.7,39.8,0.61216968
11,3990,-3,0.1,0.04389,557.7,39.8,0.61216968
21,3989.7,10,-0.3,0.0837837,557.7,39.8,0.61216968
15,3990,-6,0.3,0.05985,557.7,39.8,0.61216968
19,3989.8,4,-0.2,0.0758062,557.7,39.8,0.61216968
15,3989.9,-4,0.1,0.0598485,557.7,39.8,0.61216968
16,3989.9,1,0,0.0638384,557.7,39.8,0.61216968
15,3990,-1,0.1,0.05985,557.7,39.8,0.61216968
19,3989.9,4,-0.1,0.0758081,557.7,39.8,0.61216968
18,3989.9,-1,0,0.0718182,557.7,39.8,0.61216968
21,3989.8,3,-0.1,0.0837858,557.7,39.8,0.61216968
16,3990,-5,0.2,0.06384,557.7,39.8,0.61216968
20,3989.9,4,-0.1,0.079798,557.7,39.8,0.61216968
23,3989.9,3,0,0.0917677,557.7,39.8,0.61216968
18,3990,-5,0.1,0.07182,557.7,39.8,0.61216968
14,3990.2,-4,0.2,0.0558628,557.8,39.8,0.61210014
15,3990.2,1,0,0.059853,557.8,39.8,0.61210014
12,3990.3,-3,0.1,0.0478836,557.8,39.8,0.61210014
12,3990.3,0,0,0.0478836,557.8,39.8,0.61210014
16,3990.2,4,-0.1,0.0638432,557.8,39.8,0.61210014
18,3990.2,2,0,0.0718236,557.8,39.8,0.61210014
18,3990.1,0,-0.1,0.0718218,557.8,39.8,0.61210014
14,3990.3,-4,0.2,0.0558642,557.8,39.8,0.61210014
17,3990.2,3,-0.1,0.0678334,557.8,39.8,0.61210014
19,3990.2,2,0,0.0758138,557.8,39.8,0.61210014
19,3990.2,0,0,0.0758138,557.8,39.8,0.61210014
21,3990.1,2,-0.1,0.0837921,557.8,39.8,0.61210014
14,3990.4,-7,0.3,0.0558656,557.8,39.8,0.61210014
16,3990.3,2,-0.1,0.0638448,557.8,39.8,0.61210014
24,3990.1,8,-0.2,0.0957624,557.8,39.8,0.61210014
19,3990.2,-5,0.1,0.0758138,557.8,39.8,0.61210014
14,3990.4,-5,0.2,0.0558656,557.8,39.8,0.61210014
17,3990.3,3,-0.1,0.0678351,557.8,39.8,0.61210014
11,3990.6,-6,0.3,0.0438966,557.8,39.8,0.61210014
21,3990.2,10,-0.4,0.0837942,557.8,39.8,0.61210014
18,3990.3,-3,0.1,0.0718254,557.8,39.8,0.61210014
16,3990.4,-2,0.1,0.0638464,557.8,39.8,0.61210014
15,3990.4,-1,0,0.059856,557.9,39.8,0.6120306
17,3990.4,2,0,0.0678368,557.9,39.8,0.6120306
16,3990.5,-1,0.1,0.063848,557.9,39.8,0.6120306
17,3990.4,1,-0.1,0.0678368,557.9,39.8,0.6120306
20,3990.3,3,-0.1,0.079806,557.9,39.8,0.6120306
19,3990.4,-1,0.1,0.0758176,557.9,39.8,0.6120306
16,3990.5,-3,0.1,0.063848,557.9,39.8,0.6120306
21,3990.4,5,-0.1,0.0837984,557.9,39.8,0.6120306
13,3990.6,-8,0.2,0.0518778,557.9,39.8,0.6120306
16,3990.5,3,-0.1,0.063848,557.9,39.8,0.6120306
12,3990.7,-4,0.2,0.0478884,557.9,39.8,0.6120306
15,3990.6,3,-0.1,0.059859,557.9,39.8,0.6120306
22,3990.4,7,-0.2,0.0877888,557.9,39.8,0.6120306
15,3990.6,-7,0.2,0.059859,557.9,39.8,0.6120306
22,3990.4,7,-0.2,0.0877888,557.9,39.8,0.6120306
16,3990.6,-6,0.2,0.0638496,557.9,39.8,0.6120306
13,3990.7,-3,0.1,0.0518791,557.9,39.8,0.6120306
18,3990.6,5,-0.1,0.0718308,557.9,39.8,0.6120306
17,3990.7,-1,0.1,0.0678419,557.9,39.8,0.6120306
17,3990.6,0,-0.1,0.0678402,557.9,39.8,0.6120306
15,3990.7,-2,0.1,0.0598605,557.9,39.8,0.6120306
17,3990.7,2,0,0.0678419,558,39.8,0.61196106
18,3990.6,1,-0.1,0.0718308,558,39.8,0.61196106
15,3990.8,-3,0.2,0.059862,558,39.8,0.61196106
16,3990.7,1,-0.1,0.0638512,558,39.8,0.61196106
17,3990.7,1,0,0.0678419,558,39.8,0.61196106
20,3990.6,3,-0.1,0.079812,558,39.8,0.61196106
15,3990.8,-5,0.2,0.059862,558,39.8,0.61196106
14,3990.8,-1,0,0.0558712,558,39.8,0.61196106
15,3990.8,1,0,0.059862,558,39.8,0.61196106
21,3990.6,6,-0.2,0.0838026,558,39.8,0.61196106
18,3990.7,-3,0.1,0.0718326,558,39.8,0.61196106
15,3990.9,-3,0.2,0.0598635,558,39.8,0.61196106
15,3990.9,0,0,0.0598635,558,39.8,0.61196106
16,3990.9,1,0,0.0638544,558,39.8,0.61196106
13,3991,-3,0.1,0.051883,558,39.8,0.61196106
17,3990.9,4,-0.1,0.0678453,558,39.8,0.61196106
19,3990.8,2,-0.1,0.0758252,558,39.8,0.61196106
14,3990.9,-5,0.1,0.0558726,558,39.8,0.61196106
16,3990.9,2,0,0.0638544,558,39.8,0.61196106
17,3990.9,1,0,0.0678453,558,39.8,0.61196106
15,3991,-2,0.1,0.059865,558,39.8,0.61196106
17,3990.9,2,-0.1,0.0678453,558,39.8,0.61196106
16,3990.9,-1,0,0.0638544,558.1,39.8,0.61189152
9,3991.2,-7,0.3,0.0359208,558.1,39.8,0.61189152
20,3990.9,11,-0.3,0.079818,558.1,39.8,0.61189152
18,3990.9,-2,0,0.0718362,558.1,39.8,0.61189152
15,3991,-3,0.1,0.059865,558.1,39.7,0.61189152
12,3991.1,-3,0.1,0.0478932,558.1,39.7,0.61189152
15,3991.1,3,0,0.0598665,558.1,39.7,0.61189152
20,3990.9,5,-0.2,0.079818,558.1,39.7,0.61189152
17,3991,-3,0.1,0.067847,558.1,39.7,0.61189152
18,3991,1,0,0.071838,558.1,39.7,0.61189152
17,3991,-1,0,0.067847,558.1,39.7,0.61189152
18,3991,1,0,0.071838,558.1,39.7,0.61189152
16,3991.1,-2,0.1,0.0638576,558.1,39.7,0.61189152
24,3990.8,8,-0.3,0.0957792,558.1,39.7,0.61189152
17,3991,-7,0.2,0.067847,558.1,39.7,0.61189152
17,3991.1,0,0.1,0.0678487,558.1,39.7,0.61189152
14,3991.1,-3,0,0.0558754,558.1,39.7,0.61189152
16,3991.1,2,0,0.0638576,558.1,39.7,0.61189152
15,3991.1,-1,0,0.0598665,558.1,39.7,0.61189152
15,3991.2,0,0.1,0.059868,558.1,39.7,0.61189152
17,3991.1,2,-0.1,0.0678487,558.1,39.7,0.61189152
21,3991,4,-0.1,0.083811,558.1,39.7,0.61189152
12,3991.3,-9,0.3,0.0478956,558.2,39.7,0.61182197
14,3991.2,2,-0.1,0.0558768,558.2,39.7,0.61182197
15,3991.2,1,0,0.059868,558.2,39.7,0.61182197
21,3991.1,6,-0.1,0.0838131,558.2,39.7,0.61182197
11,3991.4,-10,0.3,0.0439054,558.2,39.7,0.61182197
20,3991.1,9,-0.3,0.079822,558.2,39.7,0.61182197
21,3991.1,1,0,0.0838131,558.2,39.7,0.61182197
22,3991,1,-0.1,0.087802,558.2,39.7,0.61182197
18,3991.2,-4,0.2,0.0718416,558.2,39.7,0.61182197
14,3991.3,-4,0.1,0.0558782,558.2,39.7,0.61182197
13,3991.3,-1,0,0.0518869,558.2,39.7,0.61182197
12,3991.4,-1,0.1,0.0478968,558.2,39.7,0.61182197
17,3991.2,5,-0.2,0.0678504,558.2,39.7,0.61182197
20,3991.2,3,0,0.079824,558.2,39.7,0.61182197
29,3990.9,9,-0.3,0.1157361,558.2,39.7,0.61182197
32,3990.7,3,-0.2,0.1277024,558.2,39.7,0.61182197
28,3990.9,-4,0.2,0.1117452,558.2,39.7,0.61182197
24,3991,-4,0.1,0.095784,558.2,39.7,0.61182197
27,3990.9,3,-0.1,0.1077543,558.3,39.7,0.61175243
26,3991,-1,0.1,0.103766,558.3,39.7,0.61175243
35,3990.7,9,-0.3,0.1396745,558.3,39.7,0.61175243
33,3990.8,-2,0.1,0.1316964,558.3,39.7,0.61175243
30,3990.8,-3,0,0.119724,558.3,39.7,0.61175243
27,3990.9,-3,0.1,0.1077543,558.3,39.7,0.61175243
24,3991,-3,0.1,0.095784,558.3,39.7,0.61175243
24,3991,0,0,0.095784,558.3,39.7,0.61175243
25,3991,1,0,0.099775,558.3,39.8,0.61175243
25,3991,0,0,0.099775,558.3,39.8,0.61175243
30,3990.8,5,-0.2,0.119724,558.3,39.8,0.61175243
26,3991,-4,0.2,0.103766,558.3,39.8,0.61175243
25,3991,-1,0,0.099775,558.3,39.8,0.61175243
27,3990.9,2,-0.1,0.1077543,558.4,39.8,0.61168289
26,3991,-1,0.1,0.103766,558.4,39.8,0.61168289
27,3990.9,1,-0.1,0.1077543,558.4,39.8,0.61168289
28,3990.9,1,0,0.1117452,558.4,39.8,0.61168289
27,3991,-1,0.1,0.107757,558.4,39.8,0.61168289
26,3991,-1,0,0.103766,558.4,39.8,0.61168289
27,3991,1,0,0.107757,558.4,39.8,0.61168289
31,3990.9,4,-0.1,0.1237179,558.4,39.8,0.61168289
27,3990.9,-4,0,0.1077543,558.4,39.8,0.61168289
32,3990.8,5,-0.1,0.1277056,558.4,39.8,0.61168289
29,3990.9,-3,0.1,0.1157361,558.4,39.8,0.61168289
27,3991,-2,0.1,0.107757,558.4,39.8,0.61168289
27,3991,0,0,0.107757,558.4,39.8,0.61168289
27,3990.9,0,-0.1,0.1077543,558.5,39.8,0.61161335
26,3991,-1,0.1,0.103766,558.5,39.8,0.61161335
31,3990.9,5,-0.1,0.1237179,558.5,39.8,0.61161335
31,3990.8,0,-0.1,0.1237148,558.5,39.8,0.61161335
27,3991,-4,0.2,0.107757,558.5,39.8,0.61161335
24,3991.1,-3,0.1,0.0957864,558.5,39.8,0.61161335
30,3990.9,6,-0.2,0.119727,558.5,39.8,0.61161335
22,3991.1,-8,0.2,0.0878042,558.5,39.8,0.61161335
30,3990.9,8,-0.2,0.119727,558.5,39.8,0.61161335
23,3991.2,-7,0.3,0.0917976,558.5,39.8,0.61161335
29,3991,6,-0.2,0.115739,558.5,39.8,0.61161335
25,3991.1,-4,0.1,0.0997775,558.5,39.8,0.61161335
32,3990.9,7,-0.2,0.1277088,558.5,39.8,0.61161335
23,3991.1,-9,0.2,0.0917953,558.5,39.8,0.61161335
28,3991,5,-0.1,0.111748,558.6,39.8,0.61154381
23,3991.1,-5,0.1,0.0917953,558.6,39.8,0.61154381
25,3991.1,2,0,0.0997775,558.6,39.8,0.61154381
30,3991,5,-0.1,0.11973,558.6,39.8,0.61154381
24,3991.1,-6,0.1,0.0957864,558.6,39.8,0.61154381
31,3990.9,7,-0.2,0.1237179,558.6,39.8,0.61154381
25,3991.1,-6,0.2,0.0997775,558.6,39.8,0.61154381
32,3990.9,7,-0.2,0.1277088,558.6,39.8,0.61154381
29,3991,-3,0.1,0.115739,558.6,39.8,0.61154381
24,3991.1,-5,0.1,0.0957864,558.6,39.8,0.61154381
28,3991,4,-0.1,0.111748,558.6,39.8,0.61154381
26,3991.1,-2,0.1,0.1037686,558.6,39.8,0.61154381
34,3990.9,8,-0.2,0.1356906,558.6,39.8,0.61154381
33,3990.9,-1,0,0.1316997,558.7,39.8,0.61147427
23,3991.2,-10,0.3,0.0917976,558.7,39.8,0.61147427
22,3991.2,-1,0,0.0878064,558.7,39.8,0.61147427
28,3991,6,-0.2,0.111748,558.7,39.8,0.61147427
26,3991.1,-2,0.1,0.1037686,558.7,39.8,0.61147427
32,3991,6,-0.1,0.127712,558.7,39.8,0.61147427
30,3991,-2,0,0.11973,558.7,39.8,0.61147427
23,3991.2,-7,0.2,0.0917976,558.7,39.8,0.61147427
30,3991,7,-0.2,0.11973,558.7,39.8,0.61147427
27,3991.1,-3,0.1,0.1077597,558.7,39.8,0.61147427
28,3991.1,1,0,0.1117508,558.7,39.7,0.61147427
27,3991.1,-1,0,0.1077597,558.7,39.7,0.61147427
32,3990.9,5,-0.2,0.1277088,558.7,39.7,0.61147427
25,3991.2,-7,0.3,0.09978,558.8,39.7,0.61140473
28,3991.1,3,-0.1,0.1117508,558.8,39.7,0.61140473
33,3991,5,-0.1,0.131703,558.8,39.7,0.61140473
29,3991.1,-4,0.1,0.1157419,558.8,39.7,0.61140473
30,3991,1,-0.1,0.11973,558.8,39.7,0.61140473
28,3991.1,-2,0.1,0.1117508,558.8,39.7,0.61140473
19,3991.4,-9,0.3,0.0758366,558.8,39.7,0.61140473
29,3991.1,10,-0.3,0.1157419,558.8,39.7,0.61140473
23,3991.3,-6,0.2,0.0917999,558.8,39.7,0.61140473
27,3991.2,4,-0.1,0.1077624,558.8,39.7,0.61140473
25,3991.2,-2,0,0.09978,558.8,39.7,0.61140473
30,3991.1,5,-0.1,0.119733,558.8,39.7,0.61140473
25,3991.2,-5,0.1,0.09978,558.8,39.7,0.61140473
27,3991.2,2,0,0.1077624,558.9,39.7,0.61133519
31,3991.1,4,-0.1,0.1237241,558.9,39.7,0.61133519
27,3991.2,-4,0.1,0.1077624,558.9,39.7,0.61133519
28,3991.1,1,-0.1,0.1117508,558.9,39.7,0.61133519
25,3991.3,-3,0.2,0.0997825,558.9,39.7,0.61133519
24,3991.3,-1,0,0.0957912,558.9,39.7,0.61133519
30,3991.1,6,-0.2,0.119733,558.9,39.7,0.61133519
32,3991,2,-0.1,0.127712,558.9,39.7,0.61133519
34,3991,2,0,0.135694,558.9,39.7,0.61133519
23,3991.3,-11,0.3,0.0917999,558.9,39.7,0.61133519
26,3991.2,3,-0.1,0.1037712,558.9,39.7,0.61133519
2120,3926.7,2094,-64.5,8.324604,559.5,39.7,0.61091794
2123.1,3923.3,3.1,-3.4,8.3295582,560.1,39.7,0.6105007
2118.1,3921,-5,-2.3,8.3050701,560.7,39.7,0.61008345
2115.1,3918.8,-3,-2.2,8.2886539,561.3,39.7,0.6096662
2121,3916.6,5.9,-2.2,8.3071086,561.9,39.7,0.60924896
2112.1,3915.1,-8.9,-1.5,8.2690827,562.5,39.7,0.60883171
2120,3913.2,7.9,-1.9,8.295984,563.1,39.7,0.60841446
2118.1,3911.6,-1.9,-1.6,8.28516,563.6,39.7,0.60806676
2122,3910.1,3.9,-1.5,8.2972322,564.2,39.7,0.60764951
2119,3908.7,-3,-1.4,8.2825353,564.8,39.7,0.60723227
1035.2,3940.7,-1083.8,32,4.0794126,565.1,39.7,0.60702364
1041.1,3940.8,5.9,0.1,4.1027669,565.4,39.7,0.60681502
1033.1,3941.1,-8,0.3,4.0715504,565.7,39.7,0.6066064
1038.1,3940.8,5,-0.3,4.0909445,566,39.7,0.60639777
1037.2,3940.7,-0.9,-0.1,4.087294,566.3,39.7,0.60618915
1034.1,3940.5,-3.1,-0.2,4.0748711,566.5,39.7,0.60605007
1034.1,3940.3,0,-0.2,4.0746642,566.8,39.7,0.60584145
1034.1,3940,0,-0.3,4.074354,567.1,39.7,0.60563282
1034.2,3939.8,0.1,-0.2,4.0745412,567.4,39.7,0.6054242
2133,3905.7,1098.8,-34.1,8.3308581,568,39.8,0.60500695
2132.1,3903.9,-0.9,-1.8,8.3235052,568.6,39.8,0.60458971
2134.1,3902.3,2,-1.6,8.3278984,569.2,39.8,0.60417246
2135,3901,0.9,-1.3,8.328635,569.8,39.8,0.60375522
2138,3899.6,3,-1.4,8.3373448,570.4,39.8,0.60333797
2138,3898.5,0,-1.1,8.334993,571,39.8,0.60292072
1502.2,3917,-635.8,18.5,5.8841174,571.4,39.8,0.60264256
865.2,3936.6,-637,19.6,3.4059463,571.6,39.8,0.60250348
873.1,3937,7.9,0.4,3.4373947,571.9,39.8,0.60229485
874.1,3937.3,1,0.3,3.4415939,572.1,39.8,0.60215577
261.2,3956.5,-612.9,19.2,1.0334378,572.2,39.8,0.60208623
-348,3976.6,-609.2,20.1,-1.3838568,572.1,39.8,0.60215577
-355,3978.5,-7,1.9,-1.4123675,572,39.8,0.60222531
-356,3980.1,-1,1.6,-1.4169156,571.9,39.8,0.60229485
-353,3981.2,3,1.1,-1.4053636,571.8,39.8,0.60236439
-348,3982.2,5,1,-1.3858056,571.7,39.8,0.60243394
-611,3991.4,-263,9.2,-2.4387454,571.5,39.8,0.60257302
-613,3992.8,-2,1.4,-2.4475864,571.4,39.8,0.60264256
-4,3975.1,609,-17.7,-0.0159004,571.4,39.8,0.60264256
-8,3975.5,-4,0.4,-0.031804,571.3,39.8,0.6027121
553,3958.3,561,-17.2,2.1889399,571.5,39.8,0.60257302
557.2,3957.7,4.2,-0.6,2.2052304,571.7,39.8,0.60243394
546.1,3957.7,-11.1,0,2.1613,571.8,39.8,0.60236439
554.1,3957.2,8,-0.5,2.1926845,572,39.8,0.60222531
558.1,3956.9,4,-0.3,2.2083459,572.1,39.8,0.60215577
551.2,3956.9,-6.9,0,2.1810433,572.3,39.8,0.60201669
548.1,3956.9,-3.1,0,2.1687769,572.4,39.8,0.60194715
551.1,3956.7,3,-0.2,2.1805374,572.6,39.8,0.60180807
-39,3974.9,-590.1,18.2,-0.1550211,572.6,39.8,0.60180807
-623,3993.8,-584,18.9,-2.4881374,572.4,39.8,0.60194715
-626,3995.4,-3,1.6,-2.5011204,572.2,39.8,0.60208623
-621.1,3996.5,4.9,1.1,-2.4822262,572,39.8,0.60222531
-631,3997.9,-9.9,1.4,-2.5226749,571.9,39.8,0.60229485
1207.1,3942.1,1838.1,-55.8,4.7585089,572.2,39.8,0.60208623
1203.1,3940.3,-4,-1.8,4.7405749,572.5,39.8,0.60187761
1207.1,3938.8,4,-1.5,4.7545255,572.9,39.8,0.60159944
1202.1,3937.8,-5,-1,4.7336294,573.2,39.8,0.60139082
1204.2,3936.7,2.1,-1.1,4.7405741,573.5,39.8,0.6011822
1208.1,3935.8,3.9,-0.9,4.75484,573.9,39.8,0.60090403
1206.1,3935.1,-2,-0.7,4.7461241,574.2,39.8,0.60069541
-950,4001,-2156.1,65.9,-3.80095,574,39.8,0.60083449
-951,4003.7,-1,2.7,-3.8075187,573.7,39.8,0.60104312
-470.1,3990.7,480.9,-13,-1.8760281,573.6,39.8,0.60111266
14,3976.6,484.1,-14.1,0.0556724,573.6,39.8,0.60111266
15,3976.6,1,0,0.059649,573.6,39.8,0.60111266
13,3976.9,-2,0.3,0.0516997,573.6,39.8,0.60111266
14,3977.1,1,0.2,0.0556794,573.6,39.8,0.60111266
18,3977.2,4,0.1,0.0715896,573.6,39.8,0.60111266
14,3977.6,-4,0.4,0.0556864,573.6,39.8,0.60111266
16,3977.8,2,0.2,0.0636448,573.6,39.8,0.60111266
18,3978,2,0.2,0.071604,573.6,39.8,0.60111266
17,3978.2,-1,0.2,0.0676294,573.6,39.8,0.60111266
16,3978.5,-1,0.3,0.063656,573.6,39.8,0.60111266
18,3978.6,2,0.1,0.0716148,573.6,39.8,0.60111266
10,3979.1,-8,0.5,0.039791,573.6,39.8,0.60111266
15,3979.1,5,0,0.0596865,573.6,39.8,0.60111266
18,3979.2,3,0.1,0.0716256,573.6,39.8,0.60111266
10,3979.6,-8,0.4,0.039796,573.6,39.8,0.60111266
22,3979.4,12,-0.2,0.0875468,573.6,39.8,0.60111266
19,3979.7,-3,0.3,0.0756143,573.6,39.8,0.60111266
12,3980.1,-7,0.4,0.0477612,573.6,39.8,0.60111266
15,3980.1,3,0,0.0597015,573.6,39.8,0.60111266
22,3980,7,-0.1,0.08756,573.6,39.8,0.60111266
18,3980.3,-4,0.3,0.0716454,573.6,39.8,0.60111266
16,3980.5,-2,0.2,0.063688,573.7,39.8,0.60104312
20,3980.5,4,0,0.07961,573.7,39.8,0.60104312
16,3980.8,-4,0.3,0.0636928,573.7,39.8,0.60104312
14,3980.9,-2,0.1,0.0557326,573.7,39.8,0.60104312
16,3981,2,0.1,0.063696,573.7,39.8,0.60104312
17,3981.1,1,0.1,0.0676787,573.7,39.8,0.60104312
13,3981.4,-4,0.3,0.0517582,573.7,39.8,0.60104312
8,3981.6,-5,0.2,0.0318528,573.7,39.8,0.60104312
14,3981.5,6,-0.1,0.055741,573.7,39.8,0.60104312
14,3981.6,0,0.1,0.0557424,573.7,39.8,0.60104312
13,3981.7,-1,0.1,0.0517621,573.7,39.8,0.60104312
15,3981.8,2,0.1,0.059727,573.7,39.8,0.60104312
20,3981.8,5,0,0.079636,573.7,39.8,0.60104312
17,3981.9,-3,0.1,0.0676923,573.7,39.8,0.60104312
18,3982,1,0.1,0.071676,573.7,39.8,0.60104312
15,3982.2,-3,0.2,0.059733,573.7,39.8,0.60104312
18,3982.2,3,0,0.0716796,573.7,39.8,0.60104312
14,3982.4,-4,0.2,0.0557536,573.7,39.8,0.60104312
12,3982.5,-2,0.1,0.04779,573.7,39.8,0.60104312
18,3982.4,6,-0.1,0.0716832,573.7,39.8,0.60104312
13,3982.6,-5,0.2,0.0517738,573.7,39.8,0.60104312
11,3982.8,-2,0.2,0.0438108,573.7,39.8,0.60104312
19,3982.6,8,-0.2,0.0756694,573.7,39.8,0.60104312
17,3982.8,-2,0.2,0.0677076,573.8,39.8,0.60097357
13,3982.9,-4,0.1,0.0517777,573.8,39.8,0.60097357
12,3983,-1,0.1,0.047796,573.8,39.8,0.60097357
19,3982.9,7,-0.1,0.0756751,573.8,39.8,0.60097357
12,3983.2,-7,0.3,0.0477984,573.8,39.8,0.60097357
15,3983.2,3,0,0.059748,573.8,39.8,0.60097357
13,3983.3,-2,0.1,0.0517829,573.8,39.8,0.60097357
11,3983.4,-2,0.1,0.0438174,573.8,39.8,0.60097357
15,3983.4,4,0,0.059751,573.8,39.8,0.60097357
15,3983.4,0,0,0.059751,573.8,39.8,0.60097357
11,3983.6,-4,0.2,0.0438196,573.8,39.8,0.60097357
12,3983.6,1,0,0.0478032,573.8,39.8,0.60097357
16,3983.5,4,-0.1,0.063736,573.8,39.8,0.60097357
13,3983.7,-3,0.2,0.0517881,573.8,39.8,0.60097357
13,3983.7,0,0,0.0517881,573.8,39.8,0.60097357
11,3983.9,-2,0.2,0.0438229,573.8,39.8,0.60097357
16,3983.8,5,-0.1,0.0637408,573.8,39.8,0.60097357
14,3983.9,-2,0.1,0.0557746,573.8,39.8,0.60097357
10,3984.1,-4,0.2,0.039841,573.8,39.8,0.60097357
13,3984,3,-0.1,0.051792,573.8,39.8,0.60097357
12,3984.1,-1,0.1,0.0478092,573.8,39.8,0.60097357
15,3984.1,3,0,0.0597615,573.8,39.8,0.60097357
14,3984.1,-1,0,0.0557774,573.8,39.8,0.60097357
14,3984.2,0,0.1,0.0557788,573.8,39.8,0.60097357
12,3984.3,-2,0.1,0.0478116,573.8,39.8,0.60097357
14,3984.2,2,-0.1,0.0557788,573.8,39.8,0.60097357
17,3984.2,3,0,0.0677314,573.8,39.8,0.60097357
13,3984.4,-4,0.2,0.0517972,573.9,39.8,0.60090403
10,3984.5,-3,0.1,0.039845,573.9,39.8,0.60090403
18,3984.3,8,-0.2,0.0717174,573.9,39.8,0.60090403
13,3984.5,-5,0.2,0.0517985,573.9,39.8,0.60090403
14,3984.4,1,-0.1,0.0557816,573.9,39.8,0.60090403
13,3984.6,-1,0.2,0.0517998,573.9,39.8,0.60090403
14,3984.6,1,0,0.0557844,573.9,39.8,0.60090403
15,3984.6,1,0,0.059769,573.9,39.8,0.60090403
9,3984.8,-6,0.2,0.0358632,573.9,39.8,0.60090403
17,3984.6,8,-0.2,0.0677382,573.9,39.8,0.60090403
19,3984.5,2,-0.1,0.0757055,573.9,39.8,0.60090403
22,3984.5,3,0,0.087659,573.9,39.8,0.60090403
15,3984.7,-7,0.2,0.0597705,573.9,39.8,0.60090403
17,3984.7,2,0,0.0677399,573.9,39.8,0.60090403
14,3984.8,-3,0.1,0.0557872,573.9,39.8,0.60090403
16,3984.8,2,0,0.0637568,573.9,39.8,0.60090403
18,3984.8,2,0,0.0717264,573.9,39.8,0.60090403
15,3984.9,-3,0.1,0.0597735,573.9,39.8,0.60090403
11,3985,-4,0.1,0.043835,573.9,39.8,0.60090403
19,3984.8,8,-0.2,0.0757112,573.9,39.8,0.60090403
14,3985,-5,0.2,0.05579,573.9,39.8,0.60090403
11,3985.1,-3,0.1,0.0438361,573.9,39.8,0.60090403
8,3985.3,-3,0.2,0.0318824,573.9,39.8,0.60090403
12,3985.2,4,-0.1,0.0478224,573.9,39.8,0.60090403
11,3985.3,-1,0.1,0.0438383,573.9,39.8,0.60090403
16,3985.1,5,-0.2,0.0637616,574,39.8,0.60083449
15,3985.2,-1,0.1,0.059778,574,39.8,0.60083449
17,3985.1,2,-0.1,0.0677467,574,39.8,0.60083449
20,3985,3,-0.1,0.0797,574,39.8,0.60083449
19,3985.1,-1,0.1,0.0757169,574,39.8,0.60083449
16,3985.2,-3,0.1,0.0637632,574,39.8,0.60083449
12,3985.4,-4,0.2,0.0478248,574,39.8,0.60083449
15,3985.3,3,-0.1,0.0597795,574,39.8,0.60083449
17,3985.2,2,-0.1,0.0677484,574,39.8,0.60083449
13,3985.4,-4,0.2,0.0518102,574,39.8,0.60083449
14,3985.4,1,0,0.0557956,574,39.8,0.60083449
19,3985.2,5,-0.2,0.0757188,574,39.8,0.60083449
14,3985.5,-5,0.3,0.055797,574,39.8,0.60083449
12,3985.6,-2,0.1,0.0478272,574,39.8,0.60083449
12,3985.5,0,-0.1,0.047826,574,39.8,0.60083449
16,3985.5,4,0,0.063768,574,39.7,0.60083449
21,3985.3,5,-0.2,0.0836913,574,39.7,0.60083449
12,3985.6,-9,0.3,0.0478272,574,39.7,0.60083449
16,3985.5,4,-0.1,0.063768,574,39.7,0.60083449
21,3985.4,5,-0.1,0.0836934,574,39.7,0.60083449
10,3985.7,-11,0.3,0.039857,574,39.7,0.60083449
18,3985.5,8,-0.2,0.071739,574,39.7,0.60083449
19,3985.5,1,0,0.0757245,574,39.7,0.60083449
16,3985.6,-3,0.1,0.0637696,574.1,39.7,0.60076495
17,3985.6,1,0,0.0677552,574.1,39.7,0.60076495
17,3985.6,0,0,0.0677552,574.1,39.7,0.60076495
18,3985.6,1,0,0.0717408,574.1,39.7,0.60076495
16,3985.7,-2,0.1,0.0637712,574.1,39.7,0.60076495
19,3985.6,3,-0.1,0.0757264,574.1,39.7,0.60076495
17,3985.7,-2,0.1,0.0677569,574.1,39.7,0.60076495
12,3985.9,-5,0.2,0.0478308,574.1,39.7,0.60076495
17,3985.8,5,-0.1,0.0677586,574.1,39.7,0.60076495
18,3985.7,1,-0.1,0.0717426,574.1,39.7,0.60076495
15,3985.8,-3,0.1,0.059787,574.1,39.7,0.60076495
16,3985.9,1,0.1,0.0637744,574.1,39.7,0.60076495
22,3985.7,6,-0.2,0.0876854,574.1,39.7,0.60076495
26,3985.5,4,-0.2,0.103623,574.1,39.7,0.60076495
28,3985.5,2,0,0.111594,574.1,39.7,0.60076495
25,3985.6,-3,0.1,0.09964,574.1,39.7,0.60076495
31,3985.4,6,-0.2,0.1235474,574.1,39.7,0.60076495
28,3985.5,-3,0.1,0.111594,574.1,39.7,0.60076495
28,3985.5,0,0,0.111594,574.2,39.7,0.60069541
32,3985.4,4,-0.1,0.1275328,574.2,39.7,0.60069541
25,3985.6,-7,0.2,0.09964,574.2,39.7,0.60069541
31,3985.4,6,-0.2,0.1235474,574.2,39.7,0.60069541
29,3985.5,-2,0.1,0.1155795,574.2,39.7,0.60069541
26,3985.6,-3,0.1,0.1036256,574.2,39.7,0.60069541
25,3985.6,-1,0,0.09964,574.2,39.7,0.60069541
31,3985.5,6,-0.1,0.1235505,574.2,39.7,0.60069541
31,3985.5,0,0,0.1235505,574.2,39.7,0.60069541
26,3985.6,-5,0.1,0.1036256,574.2,39.7,0.60069541
23,3985.7,-3,0.1,0.0916711,574.2,39.7,0.60069541
31,3985.5,8,-0.2,0.1235505,574.2,39.7,0.60069541
28,3985.6,-3,0.1,0.1115968,574.3,39.7,0.60062587
27,3985.7,-1,0.1,0.1076139,574.3,39.7,0.60062587
27,3985.6,0,-0.1,0.1076112,574.3,39.7,0.60062587
32,3985.5,5,-0.1,0.127536,574.3,39.7,0.60062587
32,3985.5,0,0,0.127536,574.3,39.7,0.60062587
27,3985.7,-5,0.2,0.1076139,574.3,39.7,0.60062587
28,3985.6,1,-0.1,0.1115968,574.3,39.7,0.60062587
29,3985.6,1,0,0.1155824,574.3,39.7,0.60062587
26,3985.7,-3,0.1,0.1036282,574.3,39.7,0.60062587
31,3985.6,5,-0.1,0.1235536,574.3,39.7,0.60062587
22,3985.9,-9,0.3,0.0876898,574.3,39.7,0.60062587
26,3985.7,4,-0.2,0.1036282,574.3,39.7,0.60062587
28,3985.7,2,0,0.1115996,574.3,39.7,0.60062587
36,3985.5,8,-0.2,0.143478,574.4,39.7,0.60055633
31,3985.6,-5,0.1,0.1235536,574.4,39.7,0.60055633
27,3985.8,-4,0.2,0.1076166,574.4,39.7,0.60055633
29,3985.7,2,-0.1,0.1155853,574.4,39.7,0.60055633
27,3985.8,-2,0.1,0.1076166,574.4,39.7,0.60055633
34,3985.6,7,-0.2,0.1355104,574.4,39.7,0.60055633
29,3985.7,-5,0.1,0.1155853,574.4,39.7,0.60055633
29,3985.7,0,0,0.1155853,574.4,39.7,0.60055633
30,3985.7,1,0,0.119571,574.4,39.7,0.60055633
31,3985.7,1,0,0.1235567,574.4,39.7,0.60055633
33,3985.6,2,-0.1,0.1315248,574.4,39.7,0.60055633
27,3985.8,-6,0.2,0.1076166,574.4,39.7,0.60055633
29,3985.7,2,-0.1,0.1155853,574.5,39.7,0.60048679
36,3985.5,7,-0.2,0.143478,574.5,39.7,0.60048679
30,3985.7,-6,0.2,0.119571,574.5,39.7,0.60048679
26,3985.8,-4,0.1,0.1036308,574.5,39.7,0.60048679
24,3985.9,-2,0.1,0.0956616,574.5,39.7,0.60048679
29,3985.8,5,-0.1,0.1155882,574.5,39.7,0.60048679
32,3985.7,3,-0.1,0.1275424,574.5,39.7,0.60048679
24,3985.9,-8,0.2,0.0956616,574.5,39.7,0.60048679
27,3985.9,3,0,0.1076193,574.5,39.7,0.60048679
26,3986,-1,0.1,0.103636,574.5,39.7,0.60048679
24,3986,-2,0,0.095664,574.5,39.7,0.60048679
28,3985.9,4,-0.1,0.1116052,574.5,39.7,0.60048679
27,3985.9,-1,0,0.1076193,574.5,39.7,0.60048679
25,3986,-2,0.1,0.09965,574.6,39.7,0.60041725
24,3986,-1,0,0.095664,574.6,39.7,0.60041725
28,3985.9,4,-0.1,0.1116052,574.6,39.7,0.60041725
31,3985.8,3,-0.1,0.1235598,574.6,39.7,0.60041725
27,3985.9,-4,0.1,0.1076193,574.6,39.7,0.60041725
30,3985.8,3,-0.1,0.119574,574.6,39.7,0.60041725
29,3985.9,-1,0.1,0.1155911,574.6,39.7,0.60041725
27,3986,-2,0.1,0.107622,574.6,39.7,0.60041725
26,3986,-1,0,0.103636,574.6,39.7,0.60041725
32,3985.8,6,-0.2,0.1275456,574.6,39.7,0.60041725
25,3986,-7,0.2,0.09965,574.6,39.7,0.60041725
30,3985.9,5,-0.1,0.119577,574.6,39.7,0.60041725
33,3985.8,3,-0.1,0.1315314,574.6,39.7,0.60041725
30,3985.9,-3,0.1,0.119577,574.7,39.7,0.60034771
28,3986,-2,0.1,0.111608,574.7,39.7,0.60034771
26,3986.1,-2,0.1,0.1036386,574.7,39.7,0.60034771
27,3986,1,-0.1,0.107622,574.7,39.7,0.60034771
26,3986,-1,0,0.103636,574.7,39.7,0.60034771
27,3986.1,1,0.1,0.1076247,574.7,39.7,0.60034771
22,3986.3,-5,0.2,0.0876986,574.7,39.7,0.60034771
27,3986.1,5,-0.2,0.1076247,574.7,39.7,0.60034771
28,3986.1,1,0,0.1116108,574.7,39.7,0.60034771
31,3986,3,-0.1,0.123566,574.7,39.7,0.60034771
27,3986.1,-4,0.1,0.1076247,574.7,39.7,0.60034771
30,3986,3,-0.1,0.11958,574.7,39.7,0.60034771
25,3986.2,-5,0.2,0.099655,574.7,39.7,0.60034771
31,3986,6,-0.2,0.123566,574.8,39.7,0.60027816
36,3985.9,5,-0.1,0.1434924,574.8,39.7,0.60027816
27,3986.2,-9,0.3,0.1076274,574.8,39.7,0.60027816
28,3986.1,1,-0.1,0.1116108,574.8,39.7,0.60027816
25,3986.2,-3,0.1,0.099655,574.8,39.7,0.60027816
27,3986.2,2,0,0.1076274,574.8,39.7,0.60027816
30,3986.1,3,-0.1,0.119583,574.8,39.7,0.60027816
24,3986.3,-6,0.2,0.0956712,574.8,39.7,0.60027816
28,3986.1,4,-0.2,0.1116108,574.8,39.7,0.60027816
29,3986.1,1,0,0.1155969,574.8,39.7,0.60027816
29,3986.1,0,0,0.1155969,574.8,39.7,0.60027816
25,3986.2,-4,0.1,0.099655,574.8,39.7,0.60027816
27,3986.2,2,0,0.1076274,574.8,39.7,0.60027816
35,3986,8,-0.2,0.13951,574.9,39.7,0.60020862
31,3986.1,-4,0.1,0.1235691,574.9,39.7,0.60020862
27,3986.2,-4,0.1,0.1076274,574.9,39.7,0.60020862
32,3986.1,5,-0.1,0.1275552,574.9,39.7,0.60020862
28,3986.1,-4,0,0.1116108,574.9,39.7,0.60020862
30,3986.1,2,0,0.119583,574.9,39.7,0.60020862
28,3986.2,-2,0.1,0.1116136,574.9,39.7,0.60020862
25,3986.3,-3,0.1,0.0996575,574.9,39.7,0.60020862
29,3986.2,4,-0.1,0.1155998,574.9,39.7,0.60020862
29,3986.2,0,0,0.1155998,574.9,39.7,0.60020862
27,3986.3,-2,0.1,0.1076301,574.9,39.7,0.60020862
32,3986.1,5,-0.2,0.1275552,574.9,39.7,0.60020862
32,3986.1,0,0,0.1275552,575,39.7,0.60013908
30,3986.2,-2,0.1,0.119586,575,39.7,0.60013908
26,3986.3,-4,0.1,0.1036438,575,39.7,0.60013908
28,3986.2,2,-0.1,0.1116136,575,39.7,0.60013908
28,3986.2,0,0,0.1116136,575,39.7,0.60013908
30,3986.2,2,0,0.119586,575,39.7,0.60013908
30,3986.2,0,0,0.119586,575,39.7,0.60013908
27,3986.3,-3,0.1,0.1076301,575,39.7,0.60013908
27,3986.3,0,0,0.1076301,575,39.7,0.60013908
30,3986.2,3,-0.1,0.119586,575,39.7,0.60013908
28,3986.3,-2,0.1,0.1116164,575,39.7,0.60013908
33,3986.1,5,-0.2,0.1315413,575,39.7,0.60013908
32,3986.1,-1,0,0.1275552,575.1,39.7,0.60006954
383.1,3975.4,351.1,-10.7,1.5229757,575.2,39.7,0.6
740.2,3963.7,357.1,-11.7,2.9339307,575.4,39.7,0.59986092
737.1,3962.8,-3.1,-0.9,2.9209799,575.6,39.7,0.59972184
1436.9,3940.4,699.8,-22.4,5.6619608,576,39.7,0.59944367
1431.2,3938.8,-5.7,-1.6,5.6372106,576.4,39.7,0.59916551
1433.1,3937.2,1.9,-1.6,5.6424013,576.8,39.7,0.59888734
1429.2,3936,-3.9,-1.2,5.6253312,577.2,39.7,0.59860918
806.2,3954,-623,18,3.1877148,577.4,39.7,0.5984701
182.2,3973.1,-624,19.1,0.72389882,577.4,39.7,0.5984701
179.1,3973.9,-3.1,0.8,0.71172549,577.5,39.7,0.59840056
3,3979.7,-176.1,5.8,0.0119391,577.5,39.7,0.59840056
-181,3986,-184,6.3,-0.721466,577.4,39.7,0.5984701
-183.1,3986.8,-2.1,0.8,-0.72998308,577.4,39.7,0.5984701
-180.1,3987.3,3,0.5,-0.71811273,577.3,39.7,0.59853964
-181.1,3987.8,-1,0.5,-0.72219058,577.3,39.7,0.59853964
-187.1,3988.4,-6,0.6,-0.74622964,577.2,39.7,0.59860918
-177.1,3988.5,10,0.1,-0.70636335,577.2,39.7,0.59860918
-178.1,3989,-1,0.5,-0.7104409,577.1,39.7,0.59867872
-181,3989.4,-2.9,0.4,-0.7220814,577.1,39.7,0.59867872
888,3956.6,1069,-32.8,3.5134608,577.3,39.7,0.59853964
884.1,3955.3,-3.9,-1.3,3.4968807,577.6,39.7,0.59833102
882.1,3954.3,-2,-1,3.488088,577.8,39.7,0.59819193
882.2,3953.5,0.1,-0.8,3.4877777,578.1,39.7,0.59798331
884.1,3952.6,1.9,-0.9,3.4944937,578.3,39.7,0.59784423
889.1,3951.8,5,-0.8,3.5135454,578.6,39.7,0.59763561
725.2,3956.2,-163.9,4.4,2.8690362,578.8,39.7,0.59749652
571.1,3960.6,-154.1,4.4,2.2618987,578.9,39.7,0.59742698
568.1,3960.6,-3,0,2.2500169,579.1,39.7,0.5972879
568.1,3960.4,0,-0.2,2.2499032,579.2,39.7,0.59721836
569.1,3960.2,1,-0.2,2.2537498,579.4,39.7,0.59707928
569.1,3960,0,-0.2,2.253636,579.5,39.7,0.59700974
-266,3985.7,-835.1,25.7,-1.0601962,579.5,39.7,0.59700974
-257,3986.6,9,0.9,-1.0245562,579.4,39.7,0.59707928
-142.1,3983.8,114.9,-2.8,-0.56609798,579.4,39.7,0.59707928
-140,3984.2,2.1,0.4,-0.557788,579.3,39.7,0.59714882
-136.1,3984.5,3.9,0.3,-0.54229045,579.3,39.7,0.59714882
-138,3985,-1.9,0.5,-0.54993,579.2,39.7,0.59721836
1362,3938.9,1500,-46.1,5.3647818,579.6,39.7,0.59694019
1364.1,3936.8,2.1,-2.1,5.3701889,580,39.7,0.59666203
1366.1,3935.2,2,-1.6,5.3758767,580.4,39.7,0.59638387
1367.1,3934,1,-1.2,5.3781714,580.8,39.7,0.5961057
1363.1,3933,-4,-1,5.3610723,581.1,39.7,0.59589708
644.2,3954.1,-718.9,21.1,2.5472312,581.3,39.7,0.595758
647.1,3954.3,2.9,0.2,2.5588275,581.5,39.7,0.59561892
651.2,3954.1,4.1,-0.2,2.5749099,581.7,39.7,0.59547983
739.1,3951.3,87.9,-2.8,2.9204058,581.9,39.7,0.59534075
737.1,3951,-2,-0.3,2.9122821,582.1,39.7,0.59520167
740.1,3950.7,3,-0.3,2.9239131,582.3,39.7,0.59506259
735.1,3950.6,-5,-0.1,2.9040861,582.5,39.7,0.5949235
732.1,3950.4,-3,-0.2,2.8920878,582.7,39.7,0.59478442
735.2,3950.1,3.1,-0.3,2.9041135,582.9,39.7,0.59464534
1133.1,3937.6,397.9,-12.5,4.4616946,583.2,39.7,0.59443672
1138.1,3936.6,5,-1,4.4802445,583.5,39.7,0.59422809
-175,3976.6,-1313.1,40,-0.695905,583.5,39.7,0.59422809
-179,3978.1,-4,1.5,-0.7120799,583.4,39.7,0.59429764
-168.1,3978.8,10.9,0.7,-0.66883628,583.4,39.7,0.59429764
-177.1,3979.9,-9,1.1,-0.70484029,583.3,39.7,0.59436718
-176,3980.5,1.1,0.6,-0.700568,583.3,39.7,0.59436718
-176.1,3981.1,-0.1,0.6,-0.70107171,583.3,39.7,0.59436718
-170.1,3981.5,6,0.4,-0.67725315,583.2,39.7,0.59443672
-175.1,3982.2,-5,0.7,-0.69728322,583.2,39.7,0.59443672
-177,3982.7,-1.9,0.5,-0.7049379,583.1,39.7,0.59450626
429.1,3964.4,606.1,-18.3,1.701124,583.2,39.7,0.59443672
431.1,3963.7,2,-0.7,1.7087511,583.3,39.7,0.59436718
434.1,3963.3,3,-0.4,1.7204685,583.5,39.7,0.59422809
428.2,3963.2,-5.9,-0.1,1.6970422,583.6,39.7,0.59415855
426.1,3963,-2.1,-0.2,1.6886343,583.7,39.7,0.59408901
1415,3932.3,988.9,-30.7,5.5642045,584.1,39.7,0.59381085
1416.1,3930.6,1.1,-1.7,5.5661227,584.5,39.7,0.59353268
1409.2,3929.5,-6.9,-1.1,5.5374514,584.9,39.7,0.59325452
1414.2,3928.2,5,-1.3,5.5552604,585.3,39.7,0.59297636
1413.1,3927.2,-1.1,-1,5.5495263,585.7,39.7,0.59269819
644.1,3950.1,-769,22.9,2.5442594,585.8,39.7,0.59262865
646.1,3950.3,2,0.2,2.5522888,586,39.7,0.59248957
647.1,3950.3,1,0,2.5562391,586.2,39.7,0.59235049
646.1,3950.3,-1,0,2.5522888,586.4,39.7,0.5922114
648.1,3950.2,2,-0.1,2.5601246,586.6,39.7,0.59207232
642.2,3950.3,-5.9,0.1,2.5368827,586.7,39.7,0.59200278
647.1,3950,4.9,-0.3,2.556045,586.9,39.7,0.5918637
618.1,3950.9,-29,0.9,2.4420513,587.1,39.7,0.59172462
623,3950.7,4.9,-0.2,2.4612861,587.3,39.7,0.59158554
622.1,3950.6,-0.9,-0.1,2.4576683,587.4,39.7,0.59151599
619.1,3950.6,-3,0,2.4458165,587.6,39.7,0.59137691
621.1,3950.5,2,-0.1,2.4536555,587.8,39.7,0.59123783
620.2,3950.4,-0.9,-0.1,2.4500381,588,39.7,0.59109875
616.1,3950.5,-4.1,0.1,2.4339031,588.1,39.7,0.59102921
621.1,3950.2,5,-0.3,2.4534692,588.3,39.7,0.59089013
618.1,3950.2,-3,0,2.4416186,588.5,39.7,0.59075104
299.1,3960,-319,9.8,1.184436,588.6,39.7,0.5906815
-19,3970.4,-318.1,10.4,-0.0754376,588.5,39.7,0.59075104
-15,3971.1,4,0.7,-0.0595665,588.5,39.7,0.59075104
-15,3971.7,0,0.6,-0.0595755,588.5,39.7,0.59075104
-23,3972.5,-8,0.8,-0.0913675,588.5,39.7,0.59075104
-20,3972.9,3,0.4,-0.079458,588.5,39.7,0.59075104
361.1,3961.4,381.1,-11.5,1.4304615,588.6,39.7,0.5906815
731,3949.7,369.9,-11.7,2.8872307,588.8,39.7,0.59054242
731.1,3949,0.1,-0.7,2.8871139,589,39.7,0.59040334
740.2,3948.3,9.1,-0.7,2.9225317,589.2,39.7,0.59026426
733.1,3948,-7.1,-0.3,2.8942788,589.4,39.7,0.59012517
1413,3926.7,679.9,-21.3,5.5484271,589.8,39.7,0.58984701
1417.1,3925.2,4.1,-1.5,5.5624009,590.2,39.7,0.58956885
-239,3975.5,-1656.1,50.3,-0.9501445,590.2,39.7,0.58956885
-239.1,3977.1,-0.1,1.6,-0.95092461,590.1,39.7,0.58963839
-244,3978.3,-4.9,1.2,-0.9707052,590,39.7,0.58970793
1189,3934.7,1433,-43.6,4.6783583,590.4,39.7,0.58942976
1194.1,3933.1,5.1,-1.6,4.6965147,590.7,39.7,0.58922114
1185.2,3932.3,-8.9,-0.8,4.660562,591,39.7,0.58901252
422.1,3955.1,-763.1,22.8,1.6694477,591.1,39.7,0.58894298
418.1,3955.6,-4,0.5,1.6538364,591.3,39.7,0.58880389
417.1,3955.9,-1,0.3,1.6500059,591.4,39.7,0.58873435
422.1,3955.9,5,0,1.6697854,591.5,39.7,0.58866481
426.1,3955.9,4,0,1.685609,591.6,39.7,0.58859527
420.1,3956.1,-6,0.2,1.6619576,591.7,39.7,0.58852573
421.1,3956.2,1,0.1,1.6659558,591.8,39.7,0.58845619
420.2,3956.3,-0.9,0.1,1.6624373,592,39.7,0.58831711
88,3966.6,-332.2,10.3,0.3490608,592,39.7,0.58831711
90,3967.1,2,0.5,0.357039,592,39.7,0.58831711
90,3967.5,0,0.4,0.357075,592,39.7,0.58831711
86,3968,-4,0.5,0.341248,592.1,39.7,0.58824757
86,3968.4,0,0.4,0.3412824,592.1,39.7,0.58824757
87,3968.6,1,0.2,0.3452682,592.1,39.7,0.58824757
87,3968.9,0,0.3,0.3452943,592.1,39.7,0.58824757
81,3969.3,-6,0.4,0.3215133,592.1,39.7,0.58824757
90,3969.4,9,0.1,0.357246,592.2,39.8,0.58817803
84,3969.7,-6,0.3,0.3334548,592.2,39.8,0.58817803
649,3952.5,565,-17.2,2.5651725,592.4,39.8,0.58803894
1202.1,3934.7,553.1,-17.8,4.7299029,592.7,39.7,0.58783032
1202.1,3933.3,0,-1.4,4.7282199,593,39.7,0.5876217
1204.1,3932.2,2,-1.1,4.734762,593.4,39.7,0.58734353
1199.1,3931.4,-5,-0.8,4.7141417,593.7,39.7,0.58713491
1202.1,3930.6,3,-0.8,4.7249743,594,39.7,0.58692629
900.1,3939.2,-302,8.6,3.5456739,594.3,39.7,0.58671766
598.2,3948.3,-301.9,9.1,2.3618731,594.5,39.7,0.58657858
594.1,3948.6,-4.1,0.3,2.3458633,594.6,39.8,0.58650904
597.1,3948.6,3,0,2.3577091,594.8,39.8,0.58636996
597.1,3948.5,0,-0.1,2.3576493,595,39.8,0.58623088
591.1,3948.7,-6,0.2,2.3340766,595.1,39.8,0.58616134
598.1,3948.5,7,-0.2,2.3615978,595.3,39.8,0.58602225
597.1,3948.4,-1,-0.1,2.3575896,595.5,39.8,0.58588317
1342,3925.3,744.9,-23.1,5.2677526,595.8,39.8,0.58567455
2097.9,3900.8,755.9,-24.5,8.1834883,596.4,39.8,0.5852573
2094.1,3898.9,-3.8,-1.9,8.1646865,597,39.8,0.58484006
2094.1,3897.2,0,-1.7,8.1611265,597.6,39.8,0.58442281
2092,3895.8,-2.1,-1.4,8.1500136,598.2,39.8,0.58400556
2087.1,3894.7,-4.9,-1.1,8.1286284,598.7,39.8,0.58365786
2093,3893.2,5.9,-1.5,8.1484676,599.3,39.8,0.58324061
2093,3892.1,0,-1.1,8.1461653,599.9,39.8,0.58282337
2091.1,3891,-1.9,-1.1,8.1364701,600.5,39.8,0.58240612
2091.1,3889.9,0,-1.1,8.1341699,601.1,39.8,0.58198887
-845,3979.9,-2936.1,90,-3.3630155,600.8,39.8,0.5821975
-846,3983.5,-1,3.6,-3.370041,600.6,39.8,0.58233658
-841.1,3985.9,4.9,2.4,-3.3525405,600.4,39.8,0.58247566
-844,3988.1,-2.9,2.2,-3.3659564,600.1,39.8,0.58268428
-841,3989.8,3,1.7,-3.3554218,599.9,39.8,0.58282337
-842,3991.5,-1,1.7,-3.360843,599.7,39.8,0.58296245
165.1,3961.7,1007.1,-29.8,0.65407667,599.7,39.8,0.58296245
171.1,3961.2,6,-0.5,0.67776132,599.7,39.8,0.58296245
168.3,3961.4,-2.8,0.2,0.66670362,599.8,39.8,0.58289291
171.1,3961.4,2.8,0,0.67779554,599.8,39.8,0.58289291
285,3958.1,113.9,-3.3,1.1280585,599.9,39.8,0.58282337
282.3,3958.2,-2.7,0.1,1.1173999,600,39.8,0.58275382
280.1,3958.3,-2.2,0.1,1.1087198,600.1,39.8,0.58268428
283.1,3958.2,3,-0.1,1.1205664,600.2,39.8,0.58261474
278.1,3958.5,-5,0.3,1.1008589,600.2,39.8,0.58261474
285.2,3958.3,7.1,-0.2,1.1289072,600.3,39.8,0.5825452
280.1,3958.6,-5.1,0.3,1.1088039,600.4,39.8,0.58247566
282.1,3958.6,2,0,1.1167211,600.5,39.8,0.58240612
276.2,3958.9,-5.9,0.3,1.0934482,600.5,39.8,0.58240612
282.1,3958.9,5.9,0,1.1168057,600.6,39.8,0.58233658
433.1,3954.2,151,-4.7,1.712564,600.7,39.8,0.58226704
436.1,3954,3,-0.2,1.7243394,600.9,39.8,0.58212796
-213,3974.1,-649.1,20.1,-0.8464833,600.8,39.8,0.5821975
-860,3995.1,-647,21,-3.435786,600.6,39.8,0.58233658
-860.1,3996.8,-0.1,1.7,-3.4376477,600.3,39.8,0.5825452
-859,3998.2,1.1,1.4,-3.4344538,600.1,39.8,0.58268428
-857,3999.4,2,1.2,-3.4274858,599.9,39.8,0.58282337
-856,4000.5,1,1.1,-3.424428,599.6,39.8,0.58303199
560,3957.5,1416,-43,2.2162,599.8,39.8,0.58289291
560.1,3956.3,0.1,-1.2,2.2159236,599.9,39.8,0.58282337
562,3955.4,1.9,-0.9,2.2229348,600.1,39.8,0.58268428
560.1,3954.9,-1.9,-0.5,2.2151395,600.2,39.8,0.58261474
563.1,3954.3,3,-0.6,2.2266663,600.4,39.8,0.58247566
563.1,3953.8,0,-0.5,2.2263848,600.6,39.8,0.58233658
2234,3901.8,1670.9,-52,8.7166212,601.2,39.8,0.58191933
2230.1,3898.9,-3.9,-2.9,8.6949369,601.8,39.8,0.58150209
2001.1,3903.6,-229,4.7,7.811494,602.3,39.8,0.58115438
1775.1,3908.9,-226,5.3,6.9386884,602.8,39.8,0.58080668
1777.1,3907.6,2,-1.3,6.944196,603.3,39.8,0.58045897
1778.1,3906.3,1,-1.3,6.945792,603.8,39.8,0.58011127
622.2,3940.9,-1155.9,34.6,2.452028,604,39.8,0.57997218
-530.9,3977.5,-1153.1,36.6,-2.1116548,603.9,39.8,0.58004172
-532,3979.7,-1.1,2.2,-2.1172004,603.7,39.8,0.58018081
1189.1,3927.9,1721.1,-51.8,4.6706659,604,39.8,0.57997218
1186.1,3926.6,-3,-1.3,4.6573403,604.4,39.8,0.57969402
314.2,3952.7,-871.9,26.1,1.2419383,604.5,39.8,0.57962448
309.1,3953.4,-5.1,0.7,1.2219959,604.5,39.8,0.57962448
313.1,3953.7,4,0.3,1.2379035,604.6,39.8,0.57955494
318.1,3953.8,5,0.1,1.2577038,604.7,39.8,0.5794854
14,3963.5,-304.1,9.7,0.055489,604.7,39.8,0.5794854
15,3964.1,1,0.6,0.0594615,604.7,39.8,0.5794854
13,3964.8,-2,0.7,0.0515424,604.7,39.8,0.5794854
1305.1,3925.3,1292.1,-39.5,5.122909,605.1,39.8,0.57920723
1304.1,3923.7,-1,-1.6,5.1168972,605.4,39.8,0.57899861
1309.1,3922.4,5,-1.3,5.1348138,605.8,39.8,0.57872045
1303.1,3921.6,-6,-0.8,5.110237,606.2,39.8,0.57844228
58,3959.2,-1245.1,37.6,0.2296336,606.2,39.8,0.57844228
51,3960.6,-7,1.4,0.2019906,606.2,39.8,0.57844228
50,3961.5,-1,0.9,0.198075,606.2,39.8,0.57844228
54,3962,4,0.5,0.213948,606.2,39.8,0.57844228
-155,3969.1,-209,7.1,-0.6152105,606.2,39.8,0.57844228
-370,3976.6,-215,7.5,-1.471342,606.1,39.8,0.57851182
-368,3977.6,2,1,-1.4637568,606,39.8,0.57858136
-373,3978.6,-5,1,-1.4840178,605.9,39.8,0.5786509
-372.1,3979.3,0.9,0.7,-1.4806975,605.8,39.8,0.57872045
-376.1,3980.2,-4,0.9,-1.4969532,605.7,39.8,0.57878999
-366.1,3980.6,10,0.4,-1.4572977,605.6,39.8,0.57885953
-371,3981.4,-4.9,0.8,-1.4770994,605.5,39.8,0.57892907
-370.1,3981.9,0.9,0.5,-1.4737012,605.4,39.8,0.57899861
-372,3982.6,-1.9,0.7,-1.4815272,605.3,39.8,0.57906815
211.1,3965,583.1,-17.6,0.8370115,605.3,39.8,0.57906815
780.1,3946.9,569,-18.1,3.0789767,605.5,39.8,0.57892907
779.1,3945.9,-1,-1,3.0742507,605.8,39.8,0.57872045
784.1,3944.9,5,-1,3.0931961,606,39.8,0.57858136
-604.9,3987.3,-1389,42.4,-2.4119178,605.8,39.8,0.57872045
-605,3988.9,-0.1,1.6,-2.4132845,605.6,39.8,0.57885953
-606,3990.1,-1,1.2,-2.4180006,605.5,39.8,0.57892907
-604,3991,2,0.9,-2.410564,605.3,39.8,0.57906815
-604,3991.8,0,0.8,-2.4110472,605.1,39.8,0.57920723
-576.2,3991.7,27.8,-0.1,-2.3000175,605,39.8,0.57927677
-572,3992.3,4.2,0.6,-2.2835956,604.8,39.8,0.57941586
528.1,3958.8,1100.1,-33.5,2.0906423,605,39.8,0.57927677
533.1,3957.5,5,-1.3,2.1097433,605.1,39.8,0.57920723
535.1,3956.6,2,-0.9,2.1171767,605.3,39.8,0.57906815
528.1,3956.2,-7,-0.4,2.0892692,605.4,39.8,0.57899861
533,3955.5,4.9,-0.7,2.1082815,605.6,39.8,0.57885953
531.1,3955.1,-1.9,-0.4,2.1005536,605.7,39.8,0.57878999
535.2,3954.6,4.1,-0.5,2.1165019,605.8,39.8,0.57872045
1402,3927.4,866.8,-27.2,5.5062148,606.2,39.8,0.57844228
2269.9,3898.7,867.9,-28.7,8.8496591,606.9,39.8,0.57795549
2268,3896.1,-1.9,-2.6,8.8363548,607.5,39.8,0.57753825
2267.1,3893.8,-0.9,-2.3,8.827634,608.1,39.8,0.577121
2258.1,3892.1,-9,-1.7,8.788751,608.8,39.8,0.57663421
2272,3889.8,13.9,-2.3,8.8376256,609.4,39.8,0.57621697
2267.1,3888.3,-4.9,-1.5,8.8151649,610,39.8,0.57579972
2272,3886.6,4.9,-1.7,8.8303552,610.6,39.8,0.57538248
2267.1,3885.3,-4.9,-1.3,8.8083636,611.3,39.8,0.57489569
943.2,3924.8,-1323.9,39.5,3.7018714,611.5,39.8,0.57475661
940.3,3925.5,-2.9,0.7,3.6911477,611.8,39.8,0.57454798
941.1,3925.8,0.8,0.3,3.6945704,612.1,39.8,0.57433936
946,3925.8,4.9,0,3.7138068,612.3,39.8,0.57420028
940.1,3925.9,-5.9,0.1,3.6907386,612.6,39.8,0.57399166
943.2,3925.8,3.1,-0.1,3.7028146,612.8,39.8,0.57385257
941.1,3925.8,-2.1,0,3.6945704,613.1,39.8,0.57364395
942.1,3925.7,1,-0.1,3.698402,613.4,39.8,0.57343533
946.1,3925.4,4,-0.3,3.7138209,613.6,39.8,0.57329624
1583.1,3905.6,637,-19.8,6.1829554,614.1,39.8,0.57294854
1589.1,3904.3,6,-1.3,6.2043231,614.5,39.8,0.57267038
170.1,3947.3,-1419,43,0.67143573,614.6,39.8,0.57260083
175.1,3948.6,5,1.3,0.69139986,614.6,39.8,0.57260083
166.1,3949.8,-9,1.2,0.65606178,614.7,39.8,0.57253129
172.1,3950.4,6,0.6,0.67986384,614.7,39.8,0.57253129
173.1,3951.1,1,0.7,0.68393541,614.8,39.8,0.57246175
171.2,3951.7,-1.9,0.6,0.67653104,614.8,39.8,0.57246175
168.2,3952.3,-3,0.6,0.66477686,614.8,39.8,0.57246175
173.1,3952.6,4.9,0.3,0.68419506,614.9,39.8,0.57239221
2005,3896.3,1831.9,-56.3,7.8120815,615.5,39.8,0.57197497
2000.1,3894,-4.9,-2.3,7.7883894,616,39.8,0.57162726
2001,3892.1,0.9,-1.9,7.7880921,616.6,39.8,0.57121001
2000.1,3890.5,-0.9,-1.6,7.7813891,617.1,39.8,0.57086231
2002.1,3889.1,2,-1.4,7.7863671,617.7,39.8,0.57044506
1999.1,3888,-3,-1.1,7.7725008,618.2,39.8,0.57009736
2000.1,3886.8,1,-1.2,7.7739887,618.8,39.8,0.56968011
1122.2,3912.9,-877.9,26.1,4.3910564,619.1,39.8,0.56947149
248.2,3940.4,-874,27.5,0.97800728,619.2,39.8,0.56940195
246.1,3941.9,-2.1,1.5,0.97010159,619.2,39.8,0.56940195
247.1,3942.9,1,1,0.97429059,619.3,39.8,0.56933241
245.1,3943.8,-2,0.9,0.96662538,619.4,39.8,0.56926287
244.2,3944.5,-0.9,0.7,0.9632469,619.4,39.8,0.56926287
-9,3953.2,-253.2,8.7,-0.0355788,619.4,39.8,0.56926287
-11,3954.2,-2,1,-0.0434962,619.4,39.8,0.56926287
-11,3955,0,0.8,-0.043505,619.4,39.8,0.56926287
-10,3955.7,1,0.7,-0.039557,619.4,39.8,0.56926287
-10,3956.4,0,0.7,-0.039564,619.4,39.8,0.56926287
-17,3957.2,-7,0.8,-0.0672724,619.4,39.8,0.56926287
-10,3957.6,7,0.4,-0.039576,619.4,39.8,0.56926287
770.9,3933.9,780.9,-23.7,3.0326435,619.6,39.8,0.56912378
1559,3908.7,788.1,-25.2,6.0936633,620.1,39.8,0.56877608
1558.1,3906.9,-0.9,-1.8,6.0873409,620.5,39.8,0.56849791
1550.1,3905.8,-8,-1.1,6.0543806,620.9,39.8,0.56821975
1555.1,3904.5,5,-1.3,6.0718879,621.4,39.8,0.56787204
1553.1,3903.5,-2,-1,6.0625259,621.8,39.8,0.56759388
1557.1,3902.5,4,-1,6.0765827,622.2,39.8,0.56731572
1556.1,3901.7,-1,-0.8,6.0714354,622.7,39.8,0.56696801
1559.1,3900.8,3,-0.9,6.0817373,623.1,39.8,0.56668985
1557.1,3900.1,-2,-0.7,6.0728457,623.5,39.8,0.56641168
1375.2,3905.1,-181.9,5,5.3702935,623.9,39.8,0.56613352
1376.1,3904.6,0.9,-0.5,5.3731201,624.3,39.8,0.56585535
1372.2,3904.3,-3.9,-0.3,5.3574805,624.7,39.8,0.56557719
1365.1,3904.1,-7.1,-0.2,5.3294869,625,39.8,0.56536857
1378,3903.3,12.9,-0.8,5.3787474,625.4,39.8,0.5650904
1375.1,3902.9,-2.9,-0.4,5.3668778,625.8,39.8,0.56481224
1373.1,3902.6,-2,-0.3,5.3586601,626.2,39.8,0.56453408
1371.1,3902.2,-2,-0.4,5.3503064,626.6,39.8,0.56425591
1978,3883.1,606.9,-19.1,7.6807718,627.1,39.8,0.56390821
2590.9,3862.8,612.9,-20.3,10.008129,627.8,39.8,0.56342142
2588.1,3860.8,-2.8,-2,9.9921365,628.6,39.8,0.56286509
2591.1,3859,3,-1.8,9.9990549,629.3,39.8,0.5623783
2590.1,3857.5,-1,-1.5,9.9913108,630,39.8,0.56189152
-725.9,3958.9,-3316,101.4,-2.8737655,629.8,39.8,0.5620306
-727.1,3962.9,-1.2,4,-2.8814246,629.6,39.8,0.56216968
-727.1,3965.7,0,2.8,-2.8834605,629.4,39.8,0.56230876
-720,3967.8,7.1,2.1,-2.856816,629.2,39.8,0.56244784
-725,3969.9,-5,2.1,-2.8781775,629,39.8,0.56258693
-726,3971.7,-1,1.8,-2.8834542,628.8,39.8,0.56272601
-719,3973.1,7,1.4,-2.8566589,628.6,39.8,0.56286509
-726,3974.8,-7,1.7,-2.8857048,628.4,39.8,0.56300417
-721.1,3976.1,4.9,1.3,-2.8671657,628.2,39.8,0.56314325
332.1,3944.6,1053.2,-31.5,1.3100017,628.3,39.8,0.56307371
332.1,3944.1,0,-0.5,1.3098356,628.4,39.8,0.56300417
334.1,3943.8,2,-0.3,1.3176236,628.5,39.8,0.56293463
334.1,3943.8,0,0,1.3176236,628.6,39.8,0.56286509
340.1,3943.6,6,-0.2,1.3412184,628.7,39.8,0.56279555
338.1,3943.7,-2,0.1,1.333365,628.7,39.8,0.56279555
331.1,3944,-7,0.3,1.3058584,628.8,39.8,0.56272601
440,3940.7,108.9,-3.3,1.733908,629,39.8,0.56258693
556.1,3937,116.1,-3.7,2.1893657,629.1,39.8,0.56251739
553.2,3936.8,-2.9,-0.2,2.1778378,629.3,39.8,0.5623783
548.1,3936.8,-5.1,0,2.1577601,629.4,39.8,0.56230876
1773.9,3898.7,1225.8,-38.1,6.9159039,629.9,39.8,0.56196106
1771.1,3896.7,-2.8,-2,6.9014454,630.4,39.8,0.56161335
1778,3894.9,6.9,-1.8,6.9251322,630.9,39.8,0.56126565
1773.1,3893.6,-4.9,-1.3,6.9037422,631.4,39.8,0.56091794
1770.1,3892.4,-3,-1.2,6.8899372,631.9,39.8,0.56057024
1773.1,3891.1,3,-1.3,6.8993094,632.4,39.8,0.56022253
1772.1,3890.1,-1,-1,6.8936462,632.9,39.8,0.55987483
1768.1,3889.2,-4,-0.9,6.8764945,633.4,39.8,0.55952712
1402.1,3899.6,-366,10.4,5.4676292,633.8,39.8,0.55924896
1032.2,3910.7,-369.9,11.1,4.0366245,634,39.8,0.55910987
1033.1,3910.9,0.9,0.2,4.0403508,634.3,39.8,0.55890125
1029.1,3911,-4,0.1,4.0248101,634.6,39.8,0.55869263
1032.1,3910.9,3,-0.1,4.0364399,634.9,39.8,0.55848401
1036.1,3910.6,4,-0.3,4.0517727,635.2,39.8,0.55827538
1032.1,3910.6,-4,0,4.0361303,635.5,39.8,0.55806676
-829.9,3968.3,-1862,57.7,-3.2932922,635.2,39.8,0.55827538
-837,3971.5,-7.1,3.2,-3.3241455,635,39.8,0.55841446
-831.1,3973.5,5.9,2,-3.3023758,634.8,39.8,0.55855355
-208.1,3956,623,-17.5,-0.8232436,634.7,39.8,0.55862309
-208.1,3956.7,0,0.7,-0.82338927,634.7,39.8,0.55862309
-202,3957.3,6.1,0.6,-0.7993746,634.6,39.8,0.55869263
1174,3915.3,1376,-42,4.5965622,634.9,39.8,0.55848401
2547,3871.1,1373,-44.2,9.8596917,635.6,39.8,0.55799722
2553,3867.6,6,-3.5,9.8739828,636.3,39.8,0.55751043
2551.1,3865.1,-1.9,-2.5,9.8602566,637.1,39.8,0.5569541
2548.1,3863,-3,-2.1,9.8433103,637.8,39.8,0.55646732
2550.1,3861,2,-2,9.8459361,638.5,39.9,0.55598053
2549.1,3859.2,-1,-1.8,9.8374867,639.2,39.9,0.55549374
1051.2,3903.9,-1497.9,44.7,4.1037797,639.5,39.9,0.55528512
-475,3952.2,-1526.2,48.3,-1.877295,639.3,39.9,0.5554242
-473,3955,2,2.8,-1.870715,639.2,39.9,0.55549374
-471,3957,2,2,-1.863747,639.1,39.9,0.55556328
-474.1,3958.8,-3.1,1.8,-1.8768671,638.9,39.9,0.55570236
-468.1,3960.1,6,1.3,-1.8537228,638.8,39.9,0.55577191
-469.1,3961.5,-1,1.4,-1.8583397,638.7,39.9,0.55584145
-468,3962.7,1.1,1.2,-1.8545436,638.6,39.9,0.55591099
-474.1,3964.1,-6.1,1.4,-1.8793798,638.4,39.9,0.55605007
-468,3964.9,6.1,0.8,-1.8555732,638.3,39.9,0.55611961
2,3951.2,470,-13.7,0.0079024,638.3,39.9,0.55611961
2,3951.4,0,0.2,0.0079028,638.3,39.9,0.55611961
-1,3951.9,-3,0.5,-0.0039519,638.3,39.9,0.55611961
2,3952,3,0.1,0.007904,638.3,39.9,0.55611961
1056,3919.8,1054,-32.2,4.1393088,638.6,39.9,0.55591099
1055.1,3918.3,-0.9,-1.5,4.1341983,638.9,39.9,0.55570236
1052.2,3917.5,-2.9,-0.8,4.1219935,639.2,39.9,0.55549374
1051.1,3916.6,-1.1,-0.9,4.1167383,639.5,39.9,0.55528512
1049.1,3916,-2,-0.6,4.1082756,639.8,39.9,0.5550765
1057.1,3915.1,8,-0.9,4.1386522,640.1,39.9,0.55486787
1050.1,3914.7,-7,-0.4,4.1108265,640.3,39.9,0.55472879
1050.1,3914.2,0,-0.5,4.1103014,640.6,39.9,0.55452017
578.2,3928.2,-471.9,14,2.2712852,640.8,39.9,0.55438108
96,3943.4,-482.2,15.2,0.3785664,640.8,39.9,0.55438108
89,3944.5,-7,1.1,0.3510605,640.8,39.9,0.55438108
93,3945.1,4,0.6,0.3668943,640.9,39.9,0.55431154
95,3945.7,2,0.6,0.3748415,640.9,39.9,0.55431154
96,3946.2,1,0.5,0.3788352,640.9,39.9,0.55431154
-405.1,3962.3,-501.1,16.1,-1.6051277,640.8,39.9,0.55438108
-408,3963.6,-2.9,1.3,-1.6171488,640.7,39.9,0.55445063
-403,3964.4,5,0.8,-1.5976532,640.6,39.9,0.55452017
-402,3965.3,1,0.9,-1.5940506,640.5,39.9,0.55458971
-406,3966.3,-4,1,-1.6103178,640.4,39.9,0.55465925
-403,3966.9,3,0.6,-1.5986607,640.3,39.9,0.55472879
-402.1,3967.7,0.9,0.8,-1.5954122,640.1,39.9,0.55486787
-406,3968.5,-3.9,0.8,-1.611211,640,39.9,0.55493741
425,3943.3,831,-25.2,1.6759025,640.1,39.9,0.55486787
422.1,3942.6,-2.9,-0.7,1.6641715,640.3,39.9,0.55472879
422.1,3942.1,0,-0.5,1.6639604,640.4,39.9,0.55465925
425.1,3941.7,3,-0.4,1.6756167,640.5,39.9,0.55458971
426.1,3941.4,1,-0.3,1.6794305,640.6,39.9,0.55452017
481,3939.4,54.9,-2,1.8948514,640.8,39.9,0.55438108
478.1,3939.3,-2.9,-0.1,1.8833793,640.9,39.9,0.55431154
480.1,3938.9,2,-0.4,1.8910659,641,39.9,0.554242
484.1,3938.6,4,-0.3,1.9066763,641.2,39.9,0.55410292
488.1,3938.2,4,-0.4,1.9222354,641.3,39.9,0.55403338
478.2,3938.3,-9.9,0.1,1.8832951,641.4,39.9,0.55396384
483,3938,4.8,-0.3,1.902054,641.6,39.9,0.55382476
479.1,3937.9,-3.9,-0.1,1.8866479,641.7,39.9,0.55375522
480.1,3937.8,1,-0.1,1.8905378,641.8,39.9,0.55368567
477.2,3937.7,-2.9,-0.1,1.8790704,642,39.9,0.55354659
2233,3883.2,1755.8,-54.5,8.6711856,642.6,39.9,0.55312935
2237.1,3880.1,4.1,-3.1,8.6801717,643.2,39.9,0.5527121
-794,3971.7,-3031.1,91.6,-3.1535298,643,39.9,0.55285118
-801,3974.8,-7,3.1,-3.1838148,642.8,39.9,0.55299026
-803.1,3976.9,-2.1,2.1,-3.1938484,642.5,39.9,0.55319889
-799,3978.4,4.1,1.5,-3.1787416,642.3,39.9,0.55333797
1140,3919.6,1939,-58.8,4.468344,642.6,39.9,0.55312935
1142.1,3917.6,2.1,-2,4.474291,642.9,39.9,0.55292072
1143.1,3916.3,1,-1.3,4.4767225,643.3,39.9,0.55264256
486.1,3935.5,-657,19.2,1.9130466,643.4,39.9,0.55257302
491.1,3935.4,5,-0.1,1.9326749,643.5,39.9,0.55250348
487.1,3935.5,-4,0.1,1.9169821,643.7,39.9,0.55236439
1253,3911.8,765.9,-23.7,4.9014854,644,39.9,0.55215577
2019,3886.7,766,-25.1,7.8472473,644.6,39.9,0.55173853
2013,3884.6,-6,-2.1,7.8196998,645.1,39.9,0.55139082
2014.1,3882.7,1.1,-1.9,7.8201461,645.7,39.9,0.55097357
2018,3881,3.9,-1.7,7.831858,646.3,39.9,0.55055633
2013.1,3879.6,-4.9,-1.4,7.8100228,646.8,39.9,0.55020862
2015.1,3878.2,2,-1.4,7.8149608,647.4,39.9,0.54979138
2016.1,3876.8,1,-1.4,7.8160165,647.9,39.9,0.54944367
2009.1,3875.8,-7,-1,7.7868698,648.5,39.9,0.54902643
2011,3874.6,1.9,-1.2,7.7918206,649,39.9,0.54867872
973.2,3905.6,-1037.8,31,3.8009299,649.3,39.9,0.5484701
975.1,3906.1,1.9,0.5,3.8088381,649.6,39.9,0.54826147
502.2,3921,-472.9,14.9,1.9691262,649.7,39.9,0.54819193
26,3936.7,-476.2,15.7,0.1023542,649.7,39.9,0.54819193
24,3938.2,-2,1.5,0.0945168,649.7,39.9,0.54819193
29,3939.1,5,0.9,0.1142339,649.8,39.9,0.54812239
25,3940.2,-4,1.1,0.098505,649.8,39.9,0.54812239
23,3941,-2,0.8,0.090643,649.8,39.9,0.54812239
32,3941.5,9,0.5,0.126128,649.8,39.9,0.54812239
28,3942.3,-4,0.8,0.1103844,649.8,39.9,0.54812239
26,3943,-2,0.7,0.102518,649.8,39.9,0.54812239
32,3943.4,6,0.4,0.1261888,649.8,39.9,0.54812239
28,3944,-4,0.6,0.110432,649.8,39.9,0.54812239
32,3944.4,4,0.4,0.1262208,649.8,39.9,0.54812239
36,3944.8,4,0.4,0.1420128,649.8,39.9,0.54812239
31,3945.4,-5,0.6,0.1223074,649.8,39.9,0.54812239
23,3946.1,-8,0.7,0.0907603,649.8,39.9,0.54812239
27,3946.3,4,0.2,0.1065501,649.8,39.9,0.54812239
25,3946.8,-2,0.5,0.09867,649.9,39.9,0.54805285
32,3947,7,0.2,0.126304,649.9,39.9,0.54805285
29,3947.4,-3,0.4,0.1144746,649.9,39.9,0.54805285
32,3947.6,3,0.2,0.1263232,649.9,39.9,0.54805285
29,3948,-3,0.4,0.114492,649.9,39.9,0.54805285
32,3948.2,3,0.2,0.1263424,649.9,39.9,0.54805285
29,3948.6,-3,0.4,0.1145094,649.9,39.9,0.54805285
29,3948.9,0,0.3,0.1145181,649.9,39.9,0.54805285
30,3949.2,1,0.3,0.118476,649.9,39.9,0.54805285
28,3949.5,-2,0.3,0.110586,649.9,39.9,0.54805285
30,3949.7,2,0.2,0.118491,649.9,39.9,0.54805285
30,3949.9,0,0.2,0.118497,649.9,39.9,0.54805285
30,3950.2,0,0.3,0.118506,650,39.9,0.54798331
23,3950.6,-7,0.4,0.0908638,650,39.9,0.54798331
25,3950.8,2,0.2,0.09877,650,39.9,0.54798331
26,3951,1,0.2,0.102726,650,39.9,0.54798331
30,3951,4,0,0.11853,650,39.9,0.54798331
24,3951.4,-6,0.4,0.0948336,650,39.9,0.54798331
31,3951.4,7,0,0.1224934,650,39.9,0.54798331
29,3951.6,-2,0.2,0.1145964,650,39.9,0.54798331
27,3951.9,-2,0.3,0.1067013,650,39.9,0.54798331
26,3952.1,-1,0.2,0.1027546,650,39.8,0.54798331
33,3952,7,-0.1,0.130416,650,39.8,0.54798331
23,3952.5,-10,0.5,0.0909075,650,39.8,0.54798331
30,3952.5,7,0,0.118575,650,39.8,0.54798331
30,3952.6,0,0.1,0.118578,650.1,39.8,0.54791377
24,3952.9,-6,0.3,0.0948696,650.1,39.8,0.54791377
31,3952.9,7,0,0.1225399,650.1,39.8,0.54791377
31,3953,0,0.1,0.122543,650.1,39.8,0.54791377
24,3953.4,-7,0.4,0.0948816,650.1,39.8,0.54791377
31,3953.2,7,-0.2,0.1225492,650.1,39.8,0.54791377
20,3953.7,-11,0.5,0.079074,650.1,39.8,0.54791377
34,3953.4,14,-0.3,0.1344156,650.1,39.8,0.54791377
28,3953.7,-6,0.3,0.1107036,650.1,39.8,0.54791377
28,3953.8,0,0.1,0.1107064,650.1,39.8,0.54791377
29,3953.9,1,0.1,0.1146631,650.1,39.8,0.54791377
28,3954.1,-1,0.2,0.1107148,650.1,39.8,0.54791377
25,3954.2,-3,0.1,0.098855,650.1,39.8,0.54791377
29,3954.2,4,0,0.1146718,650.2,39.8,0.54784423
27,3954.4,-2,0.2,0.1067688,650.2,39.8,0.54784423
26,3954.5,-1,0.1,0.102817,650.2,39.8,0.54784423
23,3954.7,-3,0.2,0.0909581,650.2,39.8,0.54784423
31,3954.6,8,-0.1,0.1225926,650.2,39.8,0.54784423
26,3954.8,-5,0.2,0.1028248,650.2,39.8,0.54784423
31,3954.7,5,-0.1,0.1225957,650.2,39.8,0.54784423
30,3954.9,-1,0.2,0.118647,650.2,39.8,0.54784423
23,3955.2,-7,0.3,0.0909696,650.2,39.8,0.54784423
27,3955.1,4,-0.1,0.1067877,650.2,39.8,0.54784423
30,3955.1,3,0,0.118653,650.2,39.8,0.54784423
29,3955.2,-1,0.1,0.1147008,650.2,39.8,0.54784423
28,3955.3,-1,0.1,0.1107484,650.2,39.8,0.54784423
26,3955.4,-2,0.1,0.1028404,650.3,39.8,0.54777469
26,3955.5,0,0.1,0.102843,650.3,39.8,0.54777469
26,3955.6,0,0.1,0.1028456,650.3,39.8,0.54777469
31,3955.5,5,-0.1,0.1226205,650.3,39.8,0.54777469
25,3955.7,-6,0.2,0.0988925,650.3,39.8,0.54777469
27,3955.8,2,0.1,0.1068066,650.3,39.8,0.54777469
29,3955.8,2,0,0.1147182,650.3,39.8,0.54777469
24,3956,-5,0.2,0.094944,650.3,39.8,0.54777469
30,3955.9,6,-0.1,0.118677,650.3,39.8,0.54777469
31,3955.9,1,0,0.1226329,650.3,39.8,0.54777469
30,3956,-1,0.1,0.11868,650.3,39.8,0.54777469
29,3956.1,-1,0.1,0.1147269,650.3,39.8,0.54777469
26,3956.2,-3,0.1,0.1028612,650.3,39.8,0.54777469
33,3956.1,7,-0.1,0.1305513,650.4,39.8,0.54770515
28,3956.3,-5,0.2,0.1107764,650.4,39.8,0.54770515
33,3956.2,5,-0.1,0.1305546,650.4,39.8,0.54770515
26,3956.4,-7,0.2,0.1028664,650.4,39.8,0.54770515
24,3956.5,-2,0.1,0.094956,650.4,39.8,0.54770515
28,3956.5,4,0,0.110782,650.4,39.8,0.54770515
22,3956.7,-6,0.2,0.0870474,650.4,39.8,0.54770515
27,3956.6,5,-0.1,0.1068282,650.4,39.8,0.54770515
33,3956.5,6,-0.1,0.1305645,650.4,39.8,0.54770515
26,3956.8,-7,0.3,0.1028768,650.4,39.8,0.54770515
27,3956.8,1,0,0.1068336,650.4,39.8,0.54770515
28,3956.8,1,0,0.1107904,650.4,39.8,0.54770515
32,3956.7,4,-0.1,0.1266144,650.4,39.8,0.54770515
24,3957,-8,0.3,0.094968,650.5,39.8,0.54763561
29,3956.9,5,-0.1,0.1147501,650.5,39.8,0.54763561
27,3957,-2,0.1,0.106839,650.5,39.8,0.54763561
30,3956.9,3,-0.1,0.118707,650.5,39.8,0.54763561
31,3956.9,1,0,0.1226639,650.5,39.8,0.54763561
30,3957,-1,0.1,0.11871,650.5,39.8,0.54763561
28,3957.1,-2,0.1,0.1107988,650.5,39.8,0.54763561
26,3957.2,-2,0.1,0.1028872,650.5,39.8,0.54763561
30,3957.1,4,-0.1,0.118713,650.5,39.8,0.54763561
29,3957.2,-1,0.1,0.1147588,650.5,39.8,0.54763561
26,3957.3,-3,0.1,0.1028898,650.5,39.8,0.54763561
31,3957.2,5,-0.1,0.1226732,650.5,39.8,0.54763561
19,3957.6,-12,0.4,0.0751944,650.5,39.8,0.54763561
25,3957.4,6,-0.2,0.098935,650.6,39.8,0.54756606
25,3957.5,0,0.1,0.0989375,650.6,39.8,0.54756606
25,3957.5,0,0,0.0989375,650.6,39.8,0.54756606
30,3957.4,5,-0.1,0.118722,650.6,39.8,0.54756606
29,3957.5,-1,0.1,0.1147675,650.6,39.8,0.54756606
27,3957.5,-2,0,0.1068525,650.6,39.8,0.54756606
36,3957.3,9,-0.2,0.1424628,650.6,39.8,0.54756606
27,3957.6,-9,0.3,0.1068552,650.6,39.8,0.54756606
27,3957.7,0,0.1,0.1068579,650.6,39.8,0.54756606
26,3957.7,-1,0,0.1029002,650.6,39.8,0.54756606
31,3957.6,5,-0.1,0.1226856,650.6,39.8,0.54756606
22,3957.9,-9,0.3,0.0870738,650.6,39.8,0.54756606
28,3957.7,6,-0.2,0.1108156,650.6,39.8,0.54756606
29,3957.7,1,0,0.1147733,650.7,39.8,0.54749652
34,3957.6,5,-0.1,0.1345584,650.7,39.8,0.54749652
40,3957.4,6,-0.2,0.158296,650.7,39.8,0.54749652
42,3957.4,2,0,0.1662108,650.7,39.8,0.54749652
41,3957.4,-1,0,0.1622534,650.7,39.8,0.54749652
40,3957.5,-1,0.1,0.1583,650.7,39.8,0.54749652
40,3957.5,0,0,0.1583,650.7,39.8,0.54749652
37,3957.6,-3,0.1,0.1464312,650.7,39.8,0.54749652
44,3957.4,7,-0.2,0.1741256,650.7,39.8,0.54749652
43,3957.4,-1,0,0.1701682,650.8,39.8,0.54742698
40,3957.5,-3,0.1,0.1583,650.8,39.8,0.54742698
36,3957.7,-4,0.2,0.1424772,650.8,39.8,0.54742698
48,3957.3,12,-0.4,0.1899504,650.8,39.8,0.54742698
39,3957.6,-9,0.3,0.1543464,650.8,39.8,0.54742698
36,3957.7,-3,0.1,0.1424772,650.8,39.8,0.54742698
33,3957.8,-3,0.1,0.1306074,650.8,39.8,0.54742698
37,3957.7,4,-0.1,0.1464349,650.8,39.8,0.54742698
40,3957.6,3,-0.1,0.158304,650.8,39.8,0.54742698
41,3957.6,1,0,0.1622616,650.9,39.8,0.54735744
39,3957.7,-2,0.1,0.1543503,650.9,39.8,0.54735744
41,3957.7,2,0,0.1622657,650.9,39.8,0.54735744
40,3957.7,-1,0,0.158308,650.9,39.8,0.54735744
40,3957.7,0,0,0.158308,650.9,39.8,0.54735744
40,3957.7,0,0,0.158308,650.9,39.8,0.54735744
37,3957.8,-3,0.1,0.1464386,650.9,39.8,0.54735744
34,3957.9,-3,0.1,0.1345686,650.9,39.8,0.54735744
37,3957.9,3,0,0.1464423,650.9,39.8,0.54735744
41,3957.8,4,-0.1,0.1622698,651,39.8,0.5472879
42,3957.7,1,-0.1,0.1662234,651,39.8,0.5472879
40,3957.8,-2,0.1,0.158312,651,39.8,0.5472879
35,3958,-5,0.2,0.13853,651,39.8,0.5472879
43,3957.7,8,-0.3,0.1701811,651,39.8,0.5472879
35,3958,-8,0.3,0.13853,651,39.8,0.5472879
41,3957.9,6,-0.1,0.1622739,651,39.8,0.5472879
41,3957.9,0,0,0.1622739,651,39.8,0.5472879
34,3958.1,-7,0.2,0.1345754,651,39.8,0.5472879
42,3957.8,8,-0.3,0.1662276,651,39.8,0.5472879
39,3957.9,-3,0.1,0.1543581,651.1,39.8,0.54721836
39,3958,0,0.1,0.154362,651.1,39.8,0.54721836
42,3957.9,3,-0.1,0.1662318,651.1,39.8,0.54721836
35,3958.1,-7,0.2,0.1385335,651.1,39.8,0.54721836
36,3958.1,1,0,0.1424916,651.1,39.8,0.54721836
40,3958,4,-0.1,0.15832,651.1,39.8,0.54721836
44,3957.8,4,-0.2,0.1741432,651.1,39.8,0.54721836
44,3957.9,0,0.1,0.1741476,651.1,39.8,0.54721836
46,3957.8,2,-0.1,0.1820588,651.1,39.8,0.54721836
44,3957.9,-2,0.1,0.1741476,651.2,39.8,0.54714882
39,3958.1,-5,0.2,0.1543659,651.2,39.8,0.54714882
41,3958,2,-0.1,0.162278,651.2,39.8,0.54714882
43,3958,2,0,0.170194,651.2,39.8,0.54714882
44,3958,1,0,0.174152,651.2,39.8,0.54714882
41,3958,-3,0,0.162278,651.2,39.8,0.54714882
37,3958.2,-4,0.2,0.1464534,651.2,39.8,0.54714882
36,3958.2,-1,0,0.1424952,651.2,39.8,0.54714882
42,3958.1,6,-0.1,0.1662402,651.3,39.8,0.54707928
34,3958.3,-8,0.2,0.1345822,651.3,39.8,0.54707928
40,3958.2,6,-0.1,0.158328,651.3,39.8,0.54707928
40,3958.1,0,-0.1,0.158324,651.3,39.8,0.54707928
39,3958.2,-1,0.1,0.1543698,651.3,39.8,0.54707928
44,3958,5,-0.2,0.174152,651.3,39.8,0.54707928
40,3958.2,-4,0.2,0.158328,651.3,39.8,0.54707928
32,3958.4,-8,0.2,0.1266688,651.3,39.8,0.54707928
37,3958.3,5,-0.1,0.1464571,651.3,39.8,0.54707928
44,3958.1,7,-0.2,0.1741564,651.3,39.8,0.54707928
44,3958.1,0,0,0.1741564,651.4,39.8,0.54700974
37,3958.3,-7,0.2,0.1464571,651.4,39.8,0.54700974
36,3958.4,-1,0.1,0.1425024,651.4,39.8,0.54700974
41,3958.2,5,-0.2,0.1622862,651.4,39.8,0.54700974
41,3958.2,0,0,0.1622862,651.4,39.8,0.54700974
38,3958.3,-3,0.1,0.1504154,651.4,39.8,0.54700974
31,3958.6,-7,0.3,0.1227166,651.4,39.8,0.54700974
40,3958.3,9,-0.3,0.158332,651.4,39.8,0.54700974
37,3958.4,-3,0.1,0.1464608,651.4,39.8,0.54700974
37,3958.4,0,0,0.1464608,651.5,39.8,0.54694019
44,3958.2,7,-0.2,0.1741608,651.5,39.8,0.54694019
46,3958.2,2,0,0.1820772,651.5,39.8,0.54694019
37,3958.4,-9,0.2,0.1464608,651.5,39.8,0.54694019
34,3958.5,-3,0.1,0.134589,651.5,39.8,0.54694019
33,3958.6,-1,0.1,0.1306338,651.5,39.8,0.54694019
42,3958.3,9,-0.3,0.1662486,651.5,39.8,0.54694019
34,3958.6,-8,0.3,0.1345924,651.5,39.8,0.54694019
41,3958.4,7,-0.2,0.1622944,651.5,39.8,0.54694019
41,3958.3,0,-0.1,0.1622903,651.6,39.8,0.54687065
43,3958.4,2,0.1,0.1702112,651.6,39.8,0.54687065
44,3958.3,1,-0.1,0.1741652,651.6,39.8,0.54687065
44,3958.3,0,0,0.1741652,651.6,39.8,0.54687065
39,3958.5,-5,0.2,0.1543815,651.6,39.8,0.54687065
45,3958.3,6,-0.2,0.1781235,651.6,39.8,0.54687065
39,3958.5,-6,0.2,0.1543815,651.6,39.8,0.54687065
39,3958.5,0,0,0.1543815,651.6,39.8,0.54687065
40,3958.5,1,0,0.15834,651.6,39.8,0.54687065
46,3958.3,6,-0.2,0.1820818,651.7,39.8,0.54680111
38,3958.5,-8,0.2,0.150423,651.7,39.8,0.54680111
38,3958.6,0,0.1,0.1504268,651.7,39.8,0.54680111
39,3958.5,1,-0.1,0.1543815,651.7,39.8,0.54680111
41,3958.5,2,0,0.1622985,651.7,39.8,0.54680111
41,3958.5,0,0,0.1622985,651.7,39.8,0.54680111
36,3958.6,-5,0.1,0.1425096,651.7,39.8,0.54680111
40,3958.5,4,-0.1,0.15834,651.7,39.8,0.54680111
38,3958.6,-2,0.1,0.1504268,651.7,39.8,0.54680111
39,3958.6,1,0,0.1543854,651.8,39.8,0.54673157
40,3958.5,1,-0.1,0.15834,651.8,39.8,0.54673157
38,3958.6,-2,0.1,0.1504268,651.8,39.8,0.54673157
39,3958.6,1,0,0.1543854,651.8,39.8,0.54673157
41,3958.5,2,-0.1,0.1622985,651.8,39.8,0.54673157
42,3958.5,1,0,0.166257,651.8,39.8,0.54673157
43,3958.4,1,-0.1,0.1702112,651.8,39.8,0.54673157
35,3958.8,-8,0.4,0.138558,651.8,39.8,0.54673157
38,3958.7,3,-0.1,0.1504306,651.8,39.8,0.54673157
40,3958.6,2,-0.1,0.158344,651.9,39.8,0.54666203
42,3958.5,2,-0.1,0.166257,651.9,39.8,0.54666203
41,3958.6,-1,0.1,0.1623026,651.9,39.8,0.54666203
45,3958.5,4,-0.1,0.1781325,651.9,39.8,0.54666203
33,3958.8,-12,0.3,0.1306404,651.9,39.8,0.54666203
36,3958.7,3,-0.1,0.1425132,651.9,39.8,0.54666203
33,3958.9,-3,0.2,0.1306437,651.9,39.8,0.54666203
27,3959,-6,0.1,0.106893,651.9,39.8,0.54666203
28,3959,1,0,0.110852,651.9,39.8,0.54666203
32,3958.9,4,-0.1,0.1266848,651.9,39.8,0.54666203
29,3959,-3,0.1,0.114811,652,39.8,0.54659249
26,3959.2,-3,0.2,0.1029392,652,39.8,0.54659249
30,3959.1,4,-0.1,0.118773,652,39.8,0.54659249
30,3959,0,-0.1,0.11877,652,39.8,0.54659249
30,3959.1,0,0.1,0.118773,652,39.8,0.54659249
34,3959,4,-0.1,0.134606,652,39.8,0.54659249
34,3959,0,0,0.134606,652,39.8,0.54659249
27,3959.2,-7,0.2,0.1068984,652,39.8,0.54659249
29,3959.1,2,-0.1,0.1148139,652,39.8,0.54659249
35,3959,6,-0.1,0.138565,652,39.8,0.54659249
26,3959.3,-9,0.3,0.1029418,652,39.8,0.54659249
31,3959.1,5,-0.2,0.1227321,652,39.8,0.54659249
30,3959.2,-1,0.1,0.118776,652.1,39.8,0.54652295
26,3959.3,-4,0.1,0.1029418,652.1,39.8,0.54652295
28,3959.3,2,0,0.1108604,652.1,39.8,0.54652295
33,3959.1,5,-0.2,0.1306503,652.1,39.8,0.54652295
29,3959.3,-4,0.2,0.1148197,652.1,39.8,0.54652295
29,3959.3,0,0,0.1148197,652.1,39.8,0.54652295
31,3959.2,2,-0.1,0.1227352,652.1,39.8,0.54652295
28,3959.3,-3,0.1,0.1108604,652.1,39.8,0.54652295
29,3959.3,1,0,0.1148197,652.1,39.8,0.54652295
29,3959.3,0,0,0.1148197,652.1,39.8,0.54652295
27,3959.4,-2,0.1,0.1069038,652.1,39.8,0.54652295
25,3959.4,-2,0,0.098985,652.1,39.8,0.54652295
33,3959.2,8,-0.2,0.1306536,652.1,39.8,0.54652295
34,3959.2,1,0,0.1346128,652.2,39.8,0.54645341
25,3959.4,-9,0.2,0.098985,652.2,39.8,0.54645341
28,3959.3,3,-0.1,0.1108604,652.2,39.8,0.54645341
31,3959.3,3,0,0.1227383,652.2,39.8,0.54645341
33,3959.2,2,-0.1,0.1306536,652.2,39.8,0.54645341
30,3959.3,-3,0.1,0.118779,652.2,39.8,0.54645341
22,3959.6,-8,0.3,0.0871112,652.2,39.8,0.54645341
28,3959.4,6,-0.2,0.1108632,652.2,39.8,0.54645341
29,3959.4,1,0,0.1148226,652.2,39.8,0.54645341
33,3959.2,4,-0.2,0.1306536,652.2,39.8,0.54645341
29,3959.4,-4,0.2,0.1148226,652.2,39.8,0.54645341
35,3959.2,6,-0.2,0.138572,652.2,39.8,0.54645341
40,3959.1,5,-0.1,0.158364,652.3,39.8,0.54638387
28,3959.4,-12,0.3,0.1108632,652.3,39.8,0.54638387
31,3959.4,3,0,0.1227414,652.3,39.8,0.54638387
30,3959.4,-1,0,0.118782,652.3,39.8,0.54638387
32,3959.3,2,-0.1,0.1266976,652.3,39.8,0.54638387
33,3959.3,1,0,0.1306569,652.3,39.8,0.54638387
26,3959.5,-7,0.2,0.102947,652.3,39.8,0.54638387
23,3959.6,-3,0.1,0.0910708,652.3,39.8,0.54638387
33,3959.3,10,-0.3,0.1306569,652.3,39.8,0.54638387
31,3959.4,-2,0.1,0.1227414,652.3,39.8,0.54638387
30,3959.4,-1,0,0.118782,652.3,39.8,0.54638387
32,3959.4,2,0,0.1267008,652.3,39.8,0.54638387
30,3959.5,-2,0.1,0.118785,652.4,39.8,0.54631433
29,3959.5,-1,0,0.1148255,652.4,39.8,0.54631433
33,3959.4,4,-0.1,0.1306602,652.4,39.8,0.54631433
31,3959.4,-2,0,0.1227414,652.4,39.8,0.54631433
32,3959.4,1,0,0.1267008,652.4,39.8,0.54631433
27,3959.6,-5,0.2,0.1069092,652.4,39.8,0.54631433
28,3959.6,1,0,0.1108688,652.4,39.8,0.54631433
29,3959.6,1,0,0.1148284,652.4,39.8,0.54631433
32,3959.5,3,-0.1,0.126704,652.4,39.8,0.54631433
30,3959.5,-2,0,0.118785,652.4,39.8,0.54631433
34,3959.4,4,-0.1,0.1346196,652.4,39.8,0.54631433
31,3959.5,-3,0.1,0.1227445,652.5,39.8,0.54624478
25,3959.7,-6,0.2,0.0989925,652.5,39.8,0.54624478
30,3959.5,5,-0.2,0.118785,652.5,39.8,0.54624478
31,3959.5,1,0,0.1227445,652.5,39.8,0.54624478
34,3959.4,3,-0.1,0.1346196,652.5,39.8,0.54624478
32,3959.5,-2,0.1,0.126704,652.5,39.8,0.54624478
30,3959.6,-2,0.1,0.118788,652.5,39.8,0.54624478
29,3959.6,-1,0,0.1148284,652.5,39.8,0.54624478
28,3959.6,-1,0,0.1108688,652.5,39.8,0.54624478
28,3959.6,0,0,0.1108688,652.5,39.8,0.54624478
32,3959.5,4,-0.1,0.126704,652.5,39.8,0.54624478
33,3959.5,1,0,0.1306635,652.5,39.8,0.54624478
27,3959.7,-6,0.2,0.1069119,652.6,39.8,0.54617524
22,3959.8,-5,0.1,0.0871156,652.6,39.8,0.54617524
30,3959.6,8,-0.2,0.118788,652.6,39.8,0.54617524
35,3959.4,5,-0.2,0.138579,652.6,39.8,0.54617524
35,3959.5,0,0.1,0.1385825,652.6,39.8,0.54617524
31,3959.6,-4,0.1,0.1227476,652.6,39.7,0.54617524
28,3959.6,-3,0,0.1108688,652.6,39.7,0.54617524
30,3959.6,2,0,0.118788,652.6,39.8,0.54617524
28,3959.7,-2,0.1,0.1108716,652.6,39.7,0.54617524
28,3959.7,0,0,0.1108716,652.6,39.8,0.54617524
28,3959.7,0,0,0.1108716,652.6,39.8,0.54617524
28,3959.7,0,0,0.1108716,652.6,39.8,0.54617524
29,3959.7,1,0,0.1148313,652.6,39.8,0.54617524
27,3959.7,-2,0,0.1069119,652.7,39.8,0.5461057
35,3959.5,8,-0.2,0.1385825,652.7,39.8,0.5461057
31,3959.6,-4,0.1,0.1227476,652.7,39.8,0.5461057
30,3959.6,-1,0,0.118788,652.7,39.8,0.5461057
31,3959.6,1,0,0.1227476,652.7,39.8,0.5461057
30,3959.7,-1,0.1,0.118791,652.7,39.8,0.5461057
31,3959.6,1,-0.1,0.1227476,652.7,39.8,0.5461057
30,3959.7,-1,0.1,0.118791,652.7,39.8,0.5461057
29,3959.7,-1,0,0.1148313,652.7,39.8,0.5461057
34,3959.5,5,-0.2,0.134623,652.7,39.8,0.5461057
25,3959.8,-9,0.3,0.098995,652.7,39.8,0.5461057
24,3959.9,-1,0.1,0.0950376,652.7,39.8,0.5461057
8,3960.4,-16,0.5,0.0316832,652.7,39.8,0.5461057
15,3960.2,7,-0.2,0.059403,652.8,39.8,0.54603616
14,3960.3,-1,0.1,0.0554442,652.8,39.8,0.54603616
14,3960.3,0,0,0.0554442,652.8,39.8,0.54603616
12,3960.4,-2,0.1,0.0475248,652.8,39.8,0.54603616
16,3960.3,4,-0.1,0.0633648,652.8,39.8,0.54603616
15,3960.3,-1,0,0.0594045,652.8,39.8,0.54603616
14,3960.4,-1,0.1,0.0554456,652.8,39.8,0.54603616
15,3960.3,1,-0.1,0.0594045,652.8,39.8,0.54603616
18,3960.2,3,-0.1,0.0712836,652.8,39.8,0.54603616
18,3960.3,0,0.1,0.0712854,652.8,39.8,0.54603616
9,3960.6,-9,0.3,0.0356454,652.8,39.8,0.54603616
14,3960.4,5,-0.2,0.0554456,652.8,39.8,0.54603616
16,3960.4,2,0,0.0633664,652.8,39.8,0.54603616
18,3960.3,2,-0.1,0.0712854,652.8,39.8,0.54603616
20,3960.3,2,0,0.079206,652.8,39.8,0.54603616
14,3960.4,-6,0.1,0.0554456,652.8,39.8,0.54603616
19,3960.3,5,-0.1,0.0752457,652.8,39.8,0.54603616
17,3960.4,-2,0.1,0.0673268,652.8,39.8,0.54603616
20,3960.3,3,-0.1,0.079206,652.8,39.8,0.54603616
16,3960.4,-4,0.1,0.0633664,652.8,39.8,0.54603616
15,3960.5,-1,0.1,0.0594075,652.8,39.8,0.54603616
13,3960.5,-2,0,0.0514865,652.8,39.8,0.54603616
14,3960.5,1,0,0.055447,652.8,39.8,0.54603616
12,3960.6,-2,0.1,0.0475272,652.9,39.8,0.54596662
12,3960.6,0,0,0.0475272,652.9,39.8,0.54596662
17,3960.5,5,-0.1,0.0673285,652.9,39.8,0.54596662
17,3960.5,0,0,0.0673285,652.9,39.8,0.54596662
15,3960.5,-2,0,0.0594075,652.9,39.8,0.54596662
22,3960.3,7,-0.2,0.0871266,652.9,39.8,0.54596662
16,3960.5,-6,0.2,0.063368,652.9,39.8,0.54596662
17,3960.5,1,0,0.0673285,652.9,39.8,0.54596662
13,3960.6,-4,0.1,0.0514878,652.9,39.8,0.54596662
13,3960.6,0,0,0.0514878,652.9,39.8,0.54596662
14,3960.6,1,0,0.0554484,652.9,39.8,0.54596662
16,3960.6,2,0,0.0633696,652.9,39.8,0.54596662
17,3960.6,1,0,0.0673302,652.9,39.8,0.54596662
14,3960.6,-3,0,0.0554484,652.9,39.8,0.54596662
15,3960.6,1,0,0.059409,652.9,39.8,0.54596662
12,3960.7,-3,0.1,0.0475284,652.9,39.8,0.54596662
13,3960.7,1,0,0.0514891,652.9,39.8,0.54596662
15,3960.6,2,-0.1,0.059409,652.9,39.8,0.54596662
12,3960.8,-3,0.2,0.0475296,652.9,39.8,0.54596662
9,3960.9,-3,0.1,0.0356481,652.9,39.8,0.54596662
12,3960.8,3,-0.1,0.0475296,652.9,39.8,0.54596662
11,3960.8,-1,0,0.0435688,652.9,39.8,0.54596662
19,3960.6,8,-0.2,0.0752514,652.9,39.8,0.54596662
14,3960.7,-5,0.1,0.0554498,652.9,39.8,0.54596662
10,3960.9,-4,0.2,0.039609,652.9,39.8,0.54596662
10,3960.8,0,-0.1,0.039608,653,39.8,0.54589708
22,3960.5,12,-0.3,0.087131,653,39.8,0.54589708
20,3960.6,-2,0.1,0.079212,653,39.8,0.54589708
19,3960.6,-1,0,0.0752514,653,39.8,0.54589708
8,3961,-11,0.4,0.031688,653,39.8,0.54589708
19,3960.6,11,-0.4,0.0752514,653,39.8,0.54589708
11,3960.9,-8,0.3,0.0435699,653,39.8,0.54589708
15,3960.8,4,-0.1,0.059412,653,39.7,0.54589708
12,3960.8,-3,0,0.0475296,653,39.7,0.54589708
12,3960.9,0,0.1,0.0475308,653,39.7,0.54589708
16,3960.8,4,-0.1,0.0633728,653,39.7,0.54589708
14,3960.8,-2,0,0.0554512,653,39.7,0.54589708
19,3960.7,5,-0.1,0.0752533,653,39.7,0.54589708
19,3960.7,0,0,0.0752533,653,39.7,0.54589708
14,3960.8,-5,0.1,0.0554512,653,39.7,0.54589708
16,3960.7,2,-0.1,0.0633712,653,39.7,0.54589708
13,3960.9,-3,0.2,0.0514917,653,39.7,0.54589708
7,3961.1,-6,0.2,0.0277277,653,39.7,0.54589708
12,3960.9,5,-0.2,0.0475308,653,39.7,0.54589708
13,3960.9,1,0,0.0514917,653,39.7,0.54589708
12,3961,-1,0.1,0.047532,653,39.7,0.54589708
16,3960.8,4,-0.2,0.0633728,653,39.7,0.54589708
12,3960.9,-4,0.1,0.0475308,653,39.7,0.54589708
17,3960.8,5,-0.1,0.0673336,653,39.7,0.54589708
24,3960.6,7,-0.2,0.0950544,653.1,39.7,0.54582754
26,3960.5,2,-0.1,0.102973,653.1,39.7,0.54582754
31,3960.4,5,-0.1,0.1227724,653.1,39.7,0.54582754
31,3960.4,0,0,0.1227724,653.1,39.7,0.54582754
23,3960.6,-8,0.2,0.0910938,653.1,39.7,0.54582754
30,3960.3,7,-0.3,0.118809,653.1,39.7,0.54582754
35,3960.1,5,-0.2,0.1386035,653.1,39.7,0.54582754
27,3960.4,-8,0.3,0.1069308,653.1,39.7,0.54582754
27,3960.4,0,0,0.1069308,653.1,39.7,0.54582754
31,3960.3,4,-0.1,0.1227693,653.1,39.7,0.54582754
25,3960.4,-6,0.1,0.09901,653.1,39.7,0.54582754
25,3960.5,0,0.1,0.0990125,653.1,39.7,0.54582754
27,3960.4,2,-0.1,0.1069308,653.1,39.7,0.54582754
24,3960.5,-3,0.1,0.095052,653.2,39.7,0.545758
26,3960.5,2,0,0.102973,653.2,39.7,0.545758
25,3960.5,-1,0,0.0990125,653.2,39.7,0.545758
25,3960.5,0,0,0.0990125,653.2,39.7,0.545758
27,3960.4,2,-0.1,0.1069308,653.2,39.7,0.545758
28,3960.4,1,0,0.1108912,653.2,39.7,0.545758
28,3960.4,0,0,0.1108912,653.2,39.7,0.545758
28,3960.4,0,0,0.1108912,653.2,39.7,0.545758
32,3960.3,4,-0.1,0.1267296,653.2,39.7,0.545758
28,3960.4,-4,0.1,0.1108912,653.2,39.7,0.545758
25,3960.5,-3,0.1,0.0990125,653.2,39.7,0.545758
26,3960.4,1,-0.1,0.1029704,653.2,39.7,0.545758
26,3960.4,0,0,0.1029704,653.2,39.7,0.545758
32,3960.2,6,-0.2,0.1267264,653.3,39.7,0.54568846
26,3960.4,-6,0.2,0.1029704,653.3,39.7,0.54568846
26,3960.4,0,0,0.1029704,653.3,39.7,0.54568846
23,3960.5,-3,0.1,0.0910915,653.3,39.7,0.54568846
20,3960.6,-3,0.1,0.079212,653.3,39.7,0.54568846
25,3960.5,5,-0.1,0.0990125,653.3,39.7,0.54568846
31,3960.3,6,-0.2,0.1227693,653.3,39.7,0.54568846
29,3960.3,-2,0,0.1148487,653.3,39.7,0.54568846
25,3960.5,-4,0.2,0.0990125,653.3,39.7,0.54568846
28,3960.4,3,-0.1,0.1108912,653.3,39.7,0.54568846
28,3960.4,0,0,0.1108912,653.3,39.7,0.54568846
32,3960.2,4,-0.2,0.1267264,653.3,39.7,0.54568846
28,3960.4,-4,0.2,0.1108912,653.3,39.7,0.54568846
29,3960.3,1,-0.1,0.1148487,653.3,39.7,0.54568846
22,3960.5,-7,0.2,0.087131,653.4,39.7,0.54561892
24,3960.5,2,0,0.095052,653.4,39.7,0.54561892
27,3960.4,3,-0.1,0.1069308,653.4,39.7,0.54561892
25,3960.5,-2,0.1,0.0990125,653.4,39.7,0.54561892
22,3960.6,-3,0.1,0.0871332,653.4,39.7,0.54561892
22,3960.6,0,0,0.0871332,653.4,39.7,0.54561892
24,3960.5,2,-0.1,0.095052,653.4,39.7,0.54561892
23,3960.6,-1,0.1,0.0910938,653.4,39.7,0.54561892
24,3960.5,1,-0.1,0.095052,653.4,39.7,0.54561892
26,3960.5,2,0,0.102973,653.4,39.7,0.54561892
28,3960.4,2,-0.1,0.1108912,653.4,39.7,0.54561892
24,3960.5,-4,0.1,0.095052,653.4,39.7,0.54561892
33,3960.2,9,-0.3,0.1306866,653.4,39.7,0.54561892
27,3960.4,-6,0.2,0.1069308,653.4,39.7,0.54561892
28,3960.4,1,0,0.1108912,653.5,39.7,0.54554937
27,3960.4,-1,0,0.1069308,653.5,39.7,0.54554937
28,3960.4,1,0,0.1108912,653.5,39.7,0.54554937
28,3960.4,0,0,0.1108912,653.5,39.7,0.54554937
26,3960.4,-2,0,0.1029704,653.5,39.7,0.54554937
23,3960.5,-3,0.1,0.0910915,653.5,39.7,0.54554937
20,3960.6,-3,0.1,0.079212,653.5,39.7,0.54554937
25,3960.5,5,-0.1,0.0990125,653.5,39.7,0.54554937
29,3960.4,4,-0.1,0.1148516,653.5,39.7,0.54554937
30,3960.3,1,-0.1,0.118809,653.5,39.7,0.54554937
26,3960.4,-4,0.1,0.1029704,653.5,39.7,0.54554937
23,3960.5,-3,0.1,0.0910915,653.5,39.7,0.54554937
25,3960.5,2,0,0.0990125,653.5,39.7,0.54554937
27,3960.4,2,-0.1,0.1069308,653.5,39.7,0.54554937
28,3960.4,1,0,0.1108912,653.6,39.7,0.54547983
29,3960.4,1,0,0.1148516,653.6,39.7,0.54547983
32,3960.3,3,-0.1,0.1267296,653.6,39.7,0.54547983
23,3960.5,-9,0.2,0.0910915,653.6,39.7,0.54547983
30,3960.3,7,-0.2,0.118809,653.6,39.7,0.54547983
26,3960.4,-4,0.1,0.1029704,653.6,39.7,0.54547983
23,3960.5,-3,0.1,0.0910915,653.6,39.7,0.54547983
23,3960.5,0,0,0.0910915,653.6,39.7,0.54547983
29,3960.4,6,-0.1,0.1148516,653.6,39.7,0.54547983
23,3960.5,-6,0.1,0.0910915,653.6,39.7,0.54547983
25,3960.5,2,0,0.0990125,653.6,39.7,0.54547983
29,3960.4,4,-0.1,0.1148516,653.6,39.7,0.54547983
28,3960.4,-1,0,0.1108912,653.6,39.7,0.54547983
24,3960.5,-4,0.1,0.095052,653.6,39.7,0.54547983
29,3960.4,5,-0.1,0.1148516,653.7,39.7,0.54541029
23,3960.6,-6,0.2,0.0910938,653.7,39.7,0.54541029
20,3960.6,-3,0,0.079212,653.7,39.7,0.54541029
27,3960.5,7,-0.1,0.1069335,653.7,39.7,0.54541029
29,3960.4,2,-0.1,0.1148516,653.7,39.7,0.54541029
24,3960.5,-5,0.1,0.095052,653.7,39.7,0.54541029
30,3960.3,6,-0.2,0.118809,653.7,39.7,0.54541029
24,3960.5,-6,0.2,0.095052,653.7,39.7,0.54541029
26,3960.5,2,0,0.102973,653.7,39.7,0.54541029
29,3960.4,3,-0.1,0.1148516,653.7,39.7,0.54541029
20,3960.7,-9,0.3,0.079214,653.7,39.7,0.54541029
26,3960.5,6,-0.2,0.102973,653.7,39.7,0.54541029
31,3960.3,5,-0.2,0.1227693,653.7,39.7,0.54541029
23,3960.6,-8,0.3,0.0910938,653.8,39.7,0.54534075
31,3960.3,8,-0.3,0.1227693,653.8,39.7,0.54534075
25,3960.5,-6,0.2,0.0990125,653.8,39.7,0.54534075
27,3960.4,2,-0.1,0.1069308,653.8,39.7,0.54534075
26,3960.5,-1,0.1,0.102973,653.8,39.7,0.54534075
25,3960.5,-1,0,0.0990125,653.8,39.7,0.54534075
26,3960.4,1,-0.1,0.1029704,653.8,39.7,0.54534075
29,3960.4,3,0,0.1148516,653.8,39.7,0.54534075
26,3960.5,-3,0.1,0.102973,653.8,39.7,0.54534075
26,3960.5,0,0,0.102973,653.8,39.7,0.54534075
24,3960.5,-2,0,0.095052,653.8,39.7,0.54534075
28,3960.4,4,-0.1,0.1108912,653.8,39.7,0.54534075
25,3960.5,-3,0.1,0.0990125,653.8,39.7,0.54534075
25,3960.5,0,0,0.0990125,653.8,39.7,0.54534075
27,3960.5,2,0,0.1069335,653.9,39.7,0.54527121
25,3960.5,-2,0,0.0990125,653.9,39.7,0.54527121
23,3960.6,-2,0.1,0.0910938,653.9,39.7,0.54527121
23,3960.6,0,0,0.0910938,653.9,39.7,0.54527121
26,3960.5,3,-0.1,0.102973,653.9,39.7,0.54527121
33,3960.3,7,-0.2,0.1306899,653.9,39.7,0.54527121
27,3960.4,-6,0.1,0.1069308,653.9,39.7,0.54527121
25,3960.5,-2,0.1,0.0990125,653.9,39.7,0.54527121
23,3960.6,-2,0.1,0.0910938,653.9,39.7,0.54527121
25,3960.5,2,-0.1,0.0990125,653.9,39.7,0.54527121
23,3960.6,-2,0.1,0.0910938,653.9,39.7,0.54527121
25,3960.5,2,-0.1,0.0990125,653.9,39.7,0.54527121
-740.9,3984.5,-765.9,24,-2.9521161,653.7,39.7,0.54541029
-742,3985.8,-1.1,1.3,-2.9574636,653.5,39.7,0.54554937
-741,3986.8,1,1,-2.9542188,653.3,39.7,0.54568846
-739.1,3987.6,1.9,0.8,-2.9472352,653.1,39.7,0.54582754
-736,3988.2,3.1,0.6,-2.9353152,652.9,39.7,0.54596662
-740,3989,-4,0.8,-2.95186,652.7,39.7,0.5461057
-748,3989.9,-8,0.9,-2.9844452,652.5,39.7,0.54624478
2412,3892,3160,-97.9,9.387504,653.2,39.7,0.545758
2418.1,3887.3,6.1,-4.7,9.3998801,653.8,39.7,0.54534075
2421.1,3883.7,3,-3.6,9.4028261,654.5,39.7,0.54485396
2416.1,3880.9,-5,-2.8,9.3766425,655.2,39.7,0.54436718
2417.1,3878.2,1,-2.7,9.3739972,655.8,39.7,0.54394993
2418.1,3875.7,1,-2.5,9.3718302,656.5,39.7,0.54346314
1454.1,3903.4,-964,27.7,5.6759339,656.9,39.7,0.54318498
490.2,3932.8,-963.9,29.4,1.9278586,657.1,39.7,0.5430459
490.1,3933.7,-0.1,0.9,1.9279064,657.2,39.7,0.54297636
490.1,3934,0,0.3,1.9280534,657.3,39.7,0.54290682
488.2,3934.3,-1.9,0.3,1.9207253,657.5,39.7,0.54276773
802,3924.6,313.8,-9.7,3.1475292,657.7,39.7,0.54262865
818,3923.6,16,-1,3.2095048,657.9,39.7,0.54248957
811.1,3923.4,-6.9,-0.2,3.1822697,658.1,39.7,0.54235049
813.2,3923,2.1,-0.4,3.1901836,658.4,39.7,0.54214186
815.1,3922.5,1.9,-0.5,3.1972297,658.6,39.7,0.54200278
809.2,3922.4,-5.9,-0.1,3.1740061,658.8,39.7,0.5418637
814.1,3921.8,4.9,-0.6,3.1927374,659,39.7,0.54172462
450.1,3932.8,-364,11,1.7701533,659.2,39.7,0.54158554
85,3944.5,-365.1,11.7,0.3352825,659.2,39.7,0.54158554
85,3945.2,0,0.7,0.335342,659.2,39.7,0.54158554
84,3945.7,-1,0.5,0.3314388,659.2,39.7,0.54158554
-84,3951.6,-168,5.9,-0.3319344,659.2,39.7,0.54158554
-251,3957.5,-167,5.9,-0.9933325,659.1,39.7,0.54165508
-255.1,3958.4,-4.1,0.9,-1.0097878,659.1,39.7,0.54165508
-261.1,3959.3,-6,0.9,-1.0337732,659,39.7,0.54172462
-255,3959.9,6.1,0.6,-1.0097745,658.9,39.7,0.54179416
-256.1,3960.4,-1.1,0.5,-1.0142584,658.9,39.7,0.54179416
-248.1,3960.7,8,0.3,-0.98264967,658.8,39.7,0.5418637
352.1,3942.4,600.2,-18.3,1.388119,658.9,39.7,0.54179416
345.1,3942.1,-7,-0.3,1.3604187,659,39.7,0.54172462
1763.9,3897.6,1418.8,-44.5,6.8749766,659.5,39.7,0.54137691
1758.1,3895.1,-5.8,-2.5,6.8479753,660,39.7,0.54102921
1759.1,3893.1,1,-2,6.8483522,660.5,39.8,0.5406815
-235.1,3953.6,-1994.2,60.5,-0.92949136,660.4,39.8,0.54075104
-243,3955.6,-7.9,2,-0.9612108,660.3,39.8,0.54082058
-234,3956.4,9,0.8,-0.9257976,660.3,39.8,0.54082058
-235.1,3957.3,-1.1,0.9,-0.93036123,660.2,39.8,0.54089013
-236.1,3958.1,-1,0.8,-0.93450741,660.1,39.8,0.54095967
-234,3958.7,2.1,0.6,-0.9263358,660.1,39.8,0.54095967
-237,3959.4,-3,0.7,-0.9383778,660,39.8,0.54102921
-235,3959.8,2,0.4,-0.930553,659.9,39.8,0.54109875
-232.2,3960.2,2.8,0.4,-0.91955844,659.9,39.8,0.54109875
-234.1,3960.8,-1.9,0.6,-0.92722328,659.8,39.8,0.54116829
78,3951.3,312.1,-9.5,0.3082014,659.8,39.8,0.54116829
395.2,3941.3,317.2,-10,1.5576018,659.9,39.8,0.54109875
397.1,3940.7,1.9,-0.6,1.564852,660,39.7,0.54102921
1438.1,3907.9,1041,-32.8,5.619951,660.4,39.7,0.54075104
2481.1,3873.3,1043,-34.6,9.6100446,661.1,39.7,0.54026426
2482,3870,0.9,-3.3,9.60534,661.8,39.8,0.53977747
2485.1,3867.2,3.1,-2.8,9.6103787,662.5,39.8,0.53929068
1081.2,3908.5,-1403.9,41.3,4.2258702,662.8,39.8,0.53908206
-325,3952.5,-1406.2,44,-1.2845625,662.7,39.8,0.5391516
-314.1,3954.2,10.9,1.7,-1.2420142,662.6,39.8,0.53922114
1798,3889.8,2112.1,-64.4,6.9938604,663.1,39.8,0.53887344
1789.1,3887.7,-8.9,-2.1,6.9554841,663.6,39.8,0.53852573
1790,3885.9,0.9,-1.8,6.955761,664.1,39.8,0.53817803
1791.1,3884.4,1.1,-1.5,6.9573488,664.6,39.8,0.53783032
1790.1,3883.1,-1,-1.3,6.9511373,665.1,39.8,0.53748261
1784.1,3882,-6,-1.1,6.9258762,665.6,39.8,0.53713491
1789,3880.7,4.9,-1.3,6.9425723,666.1,39.8,0.5367872
1788.1,3879.6,-0.9,-1.1,6.9371128,666.6,39.8,0.5364395
1792.1,3878.5,4,-1.1,6.9506599,667.1,39.8,0.53609179
1790.2,3877.5,-1.9,-1,6.9415005,667.6,39.8,0.53574409
-601.9,3951.2,-2392.1,73.7,-2.3782273,667.4,39.8,0.53588317
-598.1,3954.1,3.8,2.9,-2.3649472,667.3,39.8,0.53595271
-606,3956.5,-7.9,2.4,-2.397639,667.1,39.8,0.53609179
-601.1,3958.1,4.9,1.6,-2.3792139,666.9,39.8,0.53623088
-608.1,3959.8,-7,1.7,-2.4079544,666.8,39.8,0.53630042
-603,3961.1,5.1,1.3,-2.3885433,666.6,39.8,0.5364395
-602,3962.3,1,1.2,-2.3853046,666.4,39.8,0.53657858
-302.1,3954,299.9,-8.3,-1.1945034,666.3,39.8,0.53664812
-6,3945.4,296.1,-8.6,-0.0236724,666.3,39.8,0.53664812
-5,3945.5,1,0.1,-0.0197275,666.3,39.8,0.53664812
-8,3945.8,-3,0.3,-0.0315664,666.3,39.8,0.53664812
-3,3945.9,5,0.1,-0.0118377,666.3,39.8,0.53664812
-1,3946.1,2,0.2,-0.0039461,666.3,39.8,0.53664812
-2,3946.4,-1,0.3,-0.0078928,666.3,39.8,0.53664812
-6,3946.8,-4,0.4,-0.0236808,666.3,39.8,0.53664812
-5,3947,1,0.2,-0.019735,666.3,39.8,0.53664812
-4,3947.3,1,0.3,-0.0157892,666.3,39.8,0.53664812
92,3944.4,96,-2.9,0.3628848,666.4,39.8,0.53657858
188.1,3941.5,96.1,-2.9,0.74139615,666.4,39.8,0.53657858
188.1,3941.4,0,-0.1,0.74137734,666.5,39.8,0.53650904
183.1,3941.6,-5,0.2,0.72170696,666.5,39.8,0.53650904
185.1,3941.5,2,-0.1,0.72957165,666.6,39.8,0.5364395
182.1,3941.6,-3,0.1,0.71776536,666.6,39.8,0.5364395
-394,3959.8,-576.1,18.2,-1.5601612,666.5,39.8,0.53650904
-402.1,3961,-8.1,1.2,-1.5927181,666.4,39.8,0.53657858
2042.9,3885.5,2445,-75.5,7.9376879,667,39.8,0.53616134
2047.1,3882,4.2,-3.5,7.9468422,667.5,39.8,0.53581363
2054,3879.2,6.9,-2.8,7.9678768,668.1,39.8,0.53539638
2045,3877.3,-9,-1.9,7.9290785,668.7,39.8,0.53497914
2053.1,3875.2,8.1,-2.1,7.9561731,669.2,39.8,0.53463143
2047.1,3873.6,-6,-1.6,7.9296466,669.8,39.8,0.53421419
-329.1,3946.2,-2376.2,72.6,-1.2986944,669.7,39.8,0.53428373
-338.9,3948.8,-9.8,2.6,-1.3382483,669.6,39.8,0.53435327
-333,3950.3,5.9,1.5,-1.3154499,669.5,39.8,0.53442281
-337.1,3951.6,-4.1,1.3,-1.3320844,669.4,39.8,0.53449235
-337,3952.7,0.1,1.1,-1.3320599,669.3,39.8,0.53456189
-340,3953.8,-3,1.1,-1.344292,669.3,39.8,0.53456189
-341.1,3954.7,-1.1,0.9,-1.3489482,669.2,39.8,0.53463143
352.1,3933.7,693.2,-21,1.3850558,669.3,39.8,0.53456189
354.1,3933.2,2,-0.5,1.3927461,669.4,39.8,0.53449235
2555.9,3864.3,2201.8,-68.9,9.8767644,670.1,39.8,0.53400556
2556,3860.6,0.1,-3.7,9.8676936,670.8,39.8,0.53351878
2556,3857.7,0,-2.9,9.8602812,671.5,39.8,0.53303199
2550.1,3855.4,-5.9,-2.3,9.8316555,672.2,39.8,0.5325452
2552.1,3853.2,2,-2.2,9.8337517,672.9,39.8,0.53205841
2550.1,3851.3,-2,-1.9,9.8212001,673.6,39.8,0.53157163
1295.2,3888.4,-1254.9,37.1,5.0362557,674,39.8,0.53129346
36,3927.9,-1259.2,39.5,0.1414044,674,39.8,0.53129346
35,3929.8,-1,1.9,0.137543,674,39.8,0.53129346
34,3931.2,-1,1.4,0.1336608,674,39.8,0.53129346
36,3932.2,2,1,0.1415592,674,39.8,0.53129346
32,3933.2,-4,1,0.1258624,674,39.8,0.53129346
35,3933.9,3,0.7,0.1376865,674,39.8,0.53129346
36,3934.5,1,0.6,0.141642,674,39.8,0.53129346
34,3935.2,-2,0.7,0.1337968,674,39.8,0.53129346
36,3935.7,2,0.5,0.1416852,674.1,39.8,0.53122392
27,3936.5,-9,0.8,0.1062855,674.1,39.8,0.53122392
32,3936.8,5,0.3,0.1259776,674.1,39.8,0.53122392
33,3937.3,1,0.5,0.1299309,674.1,39.8,0.53122392
32,3937.7,-1,0.4,0.1260064,674.1,39.8,0.53122392
32,3938.1,0,0.4,0.1260192,674.1,39.8,0.53122392
33,3938.5,1,0.4,0.1299705,674.1,39.8,0.53122392
39,3938.7,6,0.2,0.1536093,674.1,39.8,0.53122392
35,3939.1,-4,0.4,0.1378685,674.1,39.8,0.53122392
42,3939.2,7,0.1,0.1654464,674.1,39.8,0.53122392
34,3939.8,-8,0.6,0.1339532,674.2,39.8,0.53115438
34,3940.1,0,0.3,0.1339634,674.2,39.8,0.53115438
38,3940.2,4,0.1,0.1497276,674.2,39.8,0.53115438
36,3940.5,-2,0.3,0.141858,674.2,39.8,0.53115438
31,3941,-5,0.5,0.122171,674.2,39.8,0.53115438
33,3941.2,2,0.2,0.1300596,674.2,39.8,0.53115438
39,3941.2,6,0,0.1537068,674.2,39.8,0.53115438
37,3941.5,-2,0.3,0.1458355,674.2,39.8,0.53115438
36,3941.8,-1,0.3,0.1419048,674.2,39.8,0.53115438
38,3941.9,2,0.1,0.1497922,674.2,39.8,0.53115438
34,3942.2,-4,0.3,0.1340348,674.2,39.8,0.53115438
30,3942.5,-4,0.3,0.118275,674.3,39.8,0.53108484
32,3942.7,2,0.2,0.1261664,674.3,39.8,0.53108484
36,3942.7,4,0,0.1419372,674.3,39.8,0.53108484
29,3943.1,-7,0.4,0.1143499,674.3,39.8,0.53108484
31,3943.2,2,0.1,0.1222392,674.3,39.8,0.53108484
35,3943.3,4,0.1,0.1380155,674.3,39.8,0.53108484
35,3943.4,0,0.1,0.138019,674.3,39.8,0.53108484
31,3943.7,-4,0.3,0.1222547,674.3,39.8,0.53108484
34,3943.7,3,0,0.1340858,674.3,39.8,0.53108484
32,3943.9,-2,0.2,0.1262048,674.3,39.8,0.53108484
37,3943.9,5,0,0.1459243,674.4,39.8,0.5310153
36,3944.1,-1,0.2,0.1419876,674.4,39.8,0.5310153
32,3944.3,-4,0.2,0.1262176,674.4,39.8,0.5310153
35,3944.3,3,0,0.1380505,674.4,39.8,0.5310153
38,3944.3,3,0,0.1498834,674.4,39.8,0.5310153
38,3944.5,0,0.2,0.149891,674.4,39.8,0.5310153
36,3944.6,-2,0.1,0.1420056,674.4,39.8,0.5310153
35,3944.8,-1,0.2,0.138068,674.4,39.8,0.5310153
35,3944.9,0,0.1,0.1380715,674.4,39.8,0.5310153
35,3945,0,0.1,0.138075,674.4,39.8,0.5310153
32,3945.2,-3,0.2,0.1262464,674.4,39.8,0.5310153
35,3945.2,3,0,0.138082,674.5,39.8,0.53094576
32,3945.3,-3,0.1,0.1262496,674.5,39.8,0.53094576
35,3945.4,3,0.1,0.138089,674.5,39.8,0.53094576
31,3945.6,-4,0.2,0.1223136,674.5,39.8,0.53094576
36,3945.5,5,-0.1,0.142038,674.5,39.8,0.53094576
33,3945.7,-3,0.2,0.1302081,674.5,39.8,0.53094576
40,3945.6,7,-0.1,0.157824,674.5,39.8,0.53094576
32,3945.8,-8,0.2,0.1262656,674.5,39.8,0.53094576
37,3945.8,5,0,0.1459946,674.5,39.8,0.53094576
39,3945.8,2,0,0.1538862,674.5,39.8,0.53094576
32,3946.1,-7,0.3,0.1262752,674.6,39.8,0.53087622
32,3946.2,0,0.1,0.1262784,674.6,39.8,0.53087622
25,3946.4,-7,0.2,0.09866,674.6,39.8,0.53087622
33,3946.3,8,-0.1,0.1302279,674.6,39.8,0.53087622
34,3946.3,1,0,0.1341742,674.6,39.8,0.53087622
31,3946.4,-3,0.1,0.1223384,674.6,39.8,0.53087622
41,3946.2,10,-0.2,0.1617942,674.6,39.8,0.53087622
34,3946.5,-7,0.3,0.134181,674.6,39.8,0.53087622
39,3946.4,5,-0.1,0.1539096,674.6,39.8,0.53087622
34,3946.6,-5,0.2,0.1341844,674.6,39.8,0.53087622
33,3946.6,-1,0,0.1302378,674.6,39.8,0.53087622
36,3946.6,3,0,0.1420776,674.7,39.8,0.53080668
36,3946.6,0,0,0.1420776,674.7,39.8,0.53080668
36,3946.7,0,0.1,0.1420812,674.7,39.8,0.53080668
31,3946.9,-5,0.2,0.1223539,674.7,39.8,0.53080668
34,3946.9,3,0,0.1341946,674.7,39.8,0.53080668
32,3947,-2,0.1,0.126304,674.7,39.8,0.53080668
33,3947,1,0,0.130251,674.7,39.8,0.53080668
34,3947,1,0,0.134198,674.7,39.8,0.53080668
38,3946.9,4,-0.1,0.1499822,674.7,39.8,0.53080668
39,3946.9,1,0,0.1539291,674.7,39.8,0.53080668
38,3947,-1,0.1,0.149986,674.8,39.8,0.53073713
36,3947,-2,0,0.142092,674.8,39.8,0.53073713
30,3947.3,-6,0.3,0.118419,674.8,39.8,0.53073713
32,3947.3,2,0,0.1263136,674.8,39.8,0.53073713
33,3947.3,1,0,0.1302609,674.8,39.8,0.53073713
39,3947.2,6,-0.1,0.1539408,674.8,39.8,0.53073713
38,3947.2,-1,0,0.1499936,674.8,39.8,0.53073713
37,3947.3,-1,0.1,0.1460501,674.8,39.8,0.53073713
33,3947.4,-4,0.1,0.1302642,674.8,39.8,0.53073713
43,3947.2,10,-0.2,0.1697296,674.8,39.8,0.53073713
29,3947.6,-14,0.4,0.1144804,674.9,39.8,0.53066759
44,3947.2,15,-0.4,0.1736768,674.9,39.8,0.53066759
33,3947.6,-11,0.4,0.1302708,674.9,39.8,0.53066759
34,3947.5,1,-0.1,0.134215,674.9,39.8,0.53066759
29,3947.7,-5,0.2,0.1144833,674.9,39.8,0.53066759
39,3947.4,10,-0.3,0.1539486,674.9,39.8,0.53066759
38,3947.5,-1,0.1,0.150005,674.9,39.8,0.53066759
35,3947.6,-3,0.1,0.138166,674.9,39.8,0.53066759
35,3947.6,0,0,0.138166,674.9,39.8,0.53066759
31,3947.8,-4,0.2,0.1223818,674.9,39.8,0.53066759
33,3947.8,2,0,0.1302774,674.9,39.8,0.53066759
35,3947.7,2,-0.1,0.1381695,675,39.8,0.53059805
35,3947.8,0,0.1,0.138173,675,39.8,0.53059805
34,3947.8,-1,0,0.1342252,675,39.8,0.53059805
36,3947.8,2,0,0.1421208,675,39.8,0.53059805
40,3947.7,4,-0.1,0.157908,675,39.8,0.53059805
35,3947.8,-5,0.1,0.138173,675,39.8,0.53059805
34,3947.9,-1,0.1,0.1342286,675,39.8,0.53059805
25,3948.2,-9,0.3,0.098705,675,39.8,0.53059805
33,3948,8,-0.2,0.130284,675,39.8,0.53059805
22,3948.4,-11,0.4,0.0868648,675,39.8,0.53059805
29,3948.1,7,-0.3,0.1144949,675,39.8,0.53059805
27,3948.2,-2,0.1,0.1066014,675.1,39.8,0.53052851
26,3948.3,-1,0.1,0.1026558,675.1,39.8,0.53052851
27,3948.3,1,0,0.1066041,675.1,39.8,0.53052851
29,3948.2,2,-0.1,0.1144978,675.1,39.8,0.53052851
35,3948.1,6,-0.1,0.1381835,675.1,39.8,0.53052851
32,3948.2,-3,0.1,0.1263424,675.1,39.8,0.53052851
26,3948.4,-6,0.2,0.1026584,675.1,39.8,0.53052851
30,3948.3,4,-0.1,0.118449,675.1,39.8,0.53052851
27,3948.5,-3,0.2,0.1066095,675.1,39.8,0.53052851
30,3948.4,3,-0.1,0.118452,675.1,39.8,0.53052851
23,3948.6,-7,0.2,0.0908178,675.1,39.8,0.53052851
27,3948.5,4,-0.1,0.1066095,675.1,39.8,0.53052851
22,3948.7,-5,0.2,0.0868714,675.1,39.8,0.53052851
27,3948.5,5,-0.2,0.1066095,675.2,39.8,0.53045897
26,3948.6,-1,0.1,0.1026636,675.2,39.8,0.53045897
28,3948.5,2,-0.1,0.110558,675.2,39.8,0.53045897
26,3948.6,-2,0.1,0.1026636,675.2,39.8,0.53045897
25,3948.7,-1,0.1,0.0987175,675.2,39.8,0.53045897
21,3948.8,-4,0.1,0.0829248,675.2,39.8,0.53045897
27,3948.7,6,-0.1,0.1066149,675.2,39.8,0.53045897
27,3948.7,0,0,0.1066149,675.2,39.8,0.53045897
28,3948.7,1,0,0.1105636,675.2,39.8,0.53045897
25,3948.8,-3,0.1,0.09872,675.2,39.8,0.53045897
25,3948.8,0,0,0.09872,675.2,39.8,0.53045897
30,3948.7,5,-0.1,0.118461,675.2,39.8,0.53045897
28,3948.7,-2,0,0.1105636,675.2,39.8,0.53045897
27,3948.8,-1,0.1,0.1066176,675.3,39.8,0.53038943
29,3948.7,2,-0.1,0.1145123,675.3,39.8,0.53038943
24,3948.9,-5,0.2,0.0947736,675.3,39.8,0.53038943
29,3948.8,5,-0.1,0.1145152,675.3,39.8,0.53038943
26,3948.8,-3,0,0.1026688,675.3,39.8,0.53038943
30,3948.8,4,0,0.118464,675.3,39.8,0.53038943
26,3948.9,-4,0.1,0.1026714,675.3,39.8,0.53038943
31,3948.7,5,-0.2,0.1224097,675.3,39.8,0.53038943
25,3948.9,-6,0.2,0.0987225,675.3,39.8,0.53038943
29,3948.8,4,-0.1,0.1145152,675.3,39.8,0.53038943
29,3948.8,0,0,0.1145152,675.3,39.8,0.53038943
23,3949,-6,0.2,0.090827,675.3,39.8,0.53038943
26,3948.9,3,-0.1,0.1026714,675.3,39.8,0.53038943
28,3948.9,2,0,0.1105692,675.4,39.8,0.53031989
25,3949,-3,0.1,0.098725,675.4,39.8,0.53031989
26,3949,1,0,0.102674,675.4,39.8,0.53031989
27,3949,1,0,0.106623,675.4,39.8,0.53031989
25,3949.1,-2,0.1,0.0987275,675.4,39.8,0.53031989
27,3949,2,-0.1,0.106623,675.4,39.8,0.53031989
29,3949,2,0,0.114521,675.4,39.8,0.53031989
23,3949.2,-6,0.2,0.0908316,675.4,39.8,0.53031989
32,3948.9,9,-0.3,0.1263648,675.4,39.8,0.53031989
27,3949.1,-5,0.2,0.1066257,675.4,39.8,0.53031989
30,3949,3,-0.1,0.11847,675.4,39.8,0.53031989
27,3949.1,-3,0.1,0.1066257,675.4,39.8,0.53031989
28,3949,1,-0.1,0.110572,675.4,39.8,0.53031989
29,3949,1,0,0.114521,675.4,39.8,0.53031989
25,3949.2,-4,0.2,0.09873,675.5,39.8,0.53025035
25,3949.2,0,0,0.09873,675.5,39.8,0.53025035
24,3949.2,-1,0,0.0947808,675.5,39.8,0.53025035
27,3949.1,3,-0.1,0.1066257,675.5,39.8,0.53025035
25,3949.2,-2,0.1,0.09873,675.5,39.8,0.53025035
32,3949,7,-0.2,0.126368,675.5,39.8,0.53025035
26,3949.2,-6,0.2,0.1026792,675.5,39.8,0.53025035
27,3949.2,1,0,0.1066284,675.5,39.8,0.53025035
25,3949.2,-2,0,0.09873,675.5,39.8,0.53025035
22,3949.3,-3,0.1,0.0868846,675.5,39.8,0.53025035
25,3949.2,3,-0.1,0.09873,675.5,39.8,0.53025035
31,3949.1,6,-0.1,0.1224221,675.5,39.8,0.53025035
31,3949.1,0,0,0.1224221,675.5,39.8,0.53025035
26,3949.2,-5,0.1,0.1026792,675.6,39.8,0.53018081
32,3949.1,6,-0.1,0.1263712,675.6,39.8,0.53018081
33,3949,1,-0.1,0.130317,675.6,39.8,0.53018081
27,3949.3,-6,0.3,0.1066311,675.6,39.8,0.53018081
24,3949.3,-3,0,0.0947832,675.6,39.8,0.53018081
28,3949.2,4,-0.1,0.1105776,675.6,39.8,0.53018081
21,3949.4,-7,0.2,0.0829374,675.6,39.8,0.53018081
28,3949.2,7,-0.2,0.1105776,675.6,39.8,0.53018081
28,3949.2,0,0,0.1105776,675.6,39.8,0.53018081
25,3949.3,-3,0.1,0.0987325,675.6,39.8,0.53018081
21,3949.5,-4,0.2,0.0829395,675.6,39.8,0.53018081
28,3949.3,7,-0.2,0.1105804,675.6,39.8,0.53018081
27,3949.3,-1,0,0.1066311,675.6,39.8,0.53018081
23,3949.4,-4,0.1,0.0908362,675.6,39.8,0.53018081
29,3949.3,6,-0.1,0.1145297,675.7,39.8,0.53011127
26,3949.4,-3,0.1,0.1026844,675.7,39.8,0.53011127
31,3949.2,5,-0.2,0.1224252,675.7,39.8,0.53011127
26,3949.4,-5,0.2,0.1026844,675.7,39.8,0.53011127
29,3949.3,3,-0.1,0.1145297,675.7,39.7,0.53011127
34,3949.1,5,-0.2,0.1342694,675.7,39.7,0.53011127
26,3949.4,-8,0.3,0.1026844,675.7,39.7,0.53011127
26,3949.4,0,0,0.1026844,675.7,39.8,0.53011127
23,3949.5,-3,0.1,0.0908385,675.7,39.8,0.53011127
32,3949.2,9,-0.3,0.1263744,675.7,39.7,0.53011127
33,3949.2,1,0,0.1303236,675.7,39.7,0.53011127
28,3949.3,-5,0.1,0.1105804,675.7,39.7,0.53011127
24,3949.5,-4,0.2,0.094788,675.8,39.7,0.53004172
33,3949.2,9,-0.3,0.1303236,675.8,39.7,0.53004172
26,3949.4,-7,0.2,0.1026844,675.8,39.7,0.53004172
23,3949.5,-3,0.1,0.0908385,675.8,39.7,0.53004172
27,3949.4,4,-0.1,0.1066338,675.8,39.7,0.53004172
32,3949.3,5,-0.1,0.1263776,675.8,39.7,0.53004172
27,3949.4,-5,0.1,0.1066338,675.8,39.7,0.53004172
27,3949.4,0,0,0.1066338,675.8,39.7,0.53004172
27,3949.4,0,0,0.1066338,675.8,39.7,0.53004172
21,3949.6,-6,0.2,0.0829416,675.8,39.7,0.53004172
30,3949.3,9,-0.3,0.118479,675.8,39.7,0.53004172
28,3949.4,-2,0.1,0.1105832,675.8,39.7,0.53004172
24,3949.6,-4,0.2,0.0947904,675.8,39.7,0.53004172
28,3949.4,4,-0.2,0.1105832,675.8,39.7,0.53004172
21,3949.6,-7,0.2,0.0829416,675.9,39.7,0.52997218
27,3949.4,6,-0.2,0.1066338,675.9,39.7,0.52997218
23,3949.6,-4,0.2,0.0908408,675.9,39.7,0.52997218
24,3949.6,1,0,0.0947904,675.9,39.7,0.52997218
31,3949.3,7,-0.3,0.1224283,675.9,39.7,0.52997218
26,3949.5,-5,0.2,0.102687,675.9,39.7,0.52997218
27,3949.5,1,0,0.1066365,675.9,39.7,0.52997218
28,3949.4,1,-0.1,0.1105832,675.9,39.7,0.52997218
27,3949.5,-1,0.1,0.1066365,675.9,39.7,0.52997218
29,3949.5,2,0,0.1145355,675.9,39.7,0.52997218
26,3949.5,-3,0,0.102687,675.9,39.7,0.52997218
30,3949.4,4,-0.1,0.118482,675.9,39.7,0.52997218
29,3949.4,-1,0,0.1145326,675.9,39.7,0.52997218
29,3949.4,0,0,0.1145326,676,39.7,0.52990264
23,3949.6,-6,0.2,0.0908408,676,39.7,0.52990264
25,3949.6,2,0,0.09874,676,39.7,0.52990264
29,3949.4,4,-0.2,0.1145326,676,39.7,0.52990264
23,3949.6,-6,0.2,0.0908408,676,39.7,0.52990264
26,3949.5,3,-0.1,0.102687,676,39.7,0.52990264
27,3949.5,1,0,0.1066365,676,39.7,0.52990264
24,3949.6,-3,0.1,0.0947904,676,39.7,0.52990264
16,3949.9,-8,0.3,0.0631984,676,39.7,0.52990264
18,3949.8,2,-0.1,0.0710964,676,39.7,0.52990264
16,3949.9,-2,0.1,0.0631984,676,39.7,0.52990264
14,3950,-2,0.1,0.0553,676,39.7,0.52990264
18,3949.9,4,-0.1,0.0710982,676,39.7,0.52990264
16,3950,-2,0.1,0.0632,676,39.7,0.52990264
13,3950.1,-3,0.1,0.0513513,676,39.7,0.52990264
18,3949.9,5,-0.2,0.0710982,676,39.7,0.52990264
20,3949.8,2,-0.1,0.078996,676,39.7,0.52990264
21,3949.8,1,0,0.0829458,676,39.7,0.52990264
18,3949.9,-3,0.1,0.0710982,676.1,39.7,0.5298331
12,3950.1,-6,0.2,0.0474012,676.1,39.7,0.5298331
14,3950.1,2,0,0.0553014,676.1,39.7,0.5298331
13,3950.1,-1,0,0.0513513,676.1,39.7,0.5298331
17,3950,4,-0.1,0.06715,676.1,39.7,0.5298331
21,3949.9,4,-0.1,0.0829479,676.1,39.7,0.5298331
13,3950.1,-8,0.2,0.0513513,676.1,39.7,0.5298331
16,3950,3,-0.1,0.0632,676.1,39.7,0.5298331
17,3950,1,0,0.06715,676.1,39.7,0.5298331
9,3950.3,-8,0.3,0.0355527,676.1,39.7,0.5298331
16,3950.1,7,-0.2,0.0632016,676.1,39.7,0.5298331
13,3950.2,-3,0.1,0.0513526,676.1,39.7,0.5298331
17,3950.1,4,-0.1,0.0671517,676.1,39.7,0.5298331
13,3950.2,-4,0.1,0.0513526,676.1,39.7,0.5298331
16,3950.2,3,0,0.0632032,676.1,39.7,0.5298331
15,3950.2,-1,0,0.059253,676.1,39.7,0.5298331
16,3950.2,1,0,0.0632032,676.1,39.7,0.5298331
16,3950.2,0,0,0.0632032,676.1,39.7,0.5298331
19,3950.1,3,-0.1,0.0750519,676.1,39.7,0.5298331
16,3950.2,-3,0.1,0.0632032,676.1,39.7,0.5298331
14,3950.3,-2,0.1,0.0553042,676.1,39.7,0.5298331
17,3950.2,3,-0.1,0.0671534,676.1,39.7,0.5298331
14,3950.2,-3,0,0.0553028,676.1,39.7,0.5298331
16,3950.2,2,0,0.0632032,676.2,39.7,0.52976356
20,3950.1,4,-0.1,0.079002,676.2,39.7,0.52976356
14,3950.3,-6,0.2,0.0553042,676.2,39.7,0.52976356
15,3950.2,1,-0.1,0.059253,676.2,39.7,0.52976356
12,3950.3,-3,0.1,0.0474036,676.2,39.7,0.52976356
20,3950.1,8,-0.2,0.079002,676.2,39.7,0.52976356
15,3950.3,-5,0.2,0.0592545,676.2,39.7,0.52976356
13,3950.3,-2,0,0.0513539,676.2,39.7,0.52976356
18,3950.2,5,-0.1,0.0711036,676.2,39.7,0.52976356
18,3950.2,0,0,0.0711036,676.2,39.7,0.52976356
15,3950.3,-3,0.1,0.0592545,676.2,39.7,0.52976356
15,3950.3,0,0,0.0592545,676.2,39.7,0.52976356
17,3950.3,2,0,0.0671551,676.2,39.7,0.52976356
18,3950.2,1,-0.1,0.0711036,676.2,39.7,0.52976356
9,3950.5,-9,0.3,0.0355545,676.2,39.7,0.52976356
19,3950.2,10,-0.3,0.0750538,676.2,39.7,0.52976356
14,3950.3,-5,0.1,0.0553042,676.2,39.7,0.52976356
15,3950.3,1,0,0.0592545,676.2,39.7,0.52976356
15,3950.4,0,0.1,0.059256,676.2,39.7,0.52976356
19,3950.3,4,-0.1,0.0750557,676.2,39.7,0.52976356
17,3950.3,-2,0,0.0671551,676.2,39.7,0.52976356
18,3950.2,1,-0.1,0.0711036,676.2,39.7,0.52976356
16,3950.3,-2,0.1,0.0632048,676.2,39.7,0.52976356
15,3950.4,-1,0.1,0.059256,676.3,39.7,0.52969402
17,3950.3,2,-0.1,0.0671551,676.3,39.7,0.52969402
11,3950.5,-6,0.2,0.0434555,676.3,39.7,0.52969402
17,3950.3,6,-0.2,0.0671551,676.3,39.7,0.52969402
15,3950.4,-2,0.1,0.059256,676.3,39.7,0.52969402
15,3950.4,0,0,0.059256,676.3,39.7,0.52969402
14,3950.4,-1,0,0.0553056,676.3,39.7,0.52969402
19,3950.2,5,-0.2,0.0750538,676.3,39.7,0.52969402
16,3950.3,-3,0.1,0.0632048,676.3,39.7,0.52969402
20,3950.2,4,-0.1,0.079004,676.3,39.7,0.52969402
13,3950.5,-7,0.3,0.0513565,676.3,39.7,0.52969402
13,3950.5,0,0,0.0513565,676.3,39.7,0.52969402
14,3950.4,1,-0.1,0.0553056,676.3,39.7,0.52969402
13,3950.5,-1,0.1,0.0513565,676.3,39.7,0.52969402
15,3950.4,2,-0.1,0.059256,676.3,39.7,0.52969402
13,3950.5,-2,0.1,0.0513565,676.3,39.7,0.52969402
18,3950.3,5,-0.2,0.0711054,676.3,39.7,0.52969402
15,3950.5,-3,0.2,0.0592575,676.3,39.7,0.52969402
20,3950.3,5,-0.2,0.079006,676.3,39.7,0.52969402
21,3950.2,1,-0.1,0.0829542,676.3,39.7,0.52969402
17,3950.4,-4,0.2,0.0671568,676.3,39.7,0.52969402
19,3950.3,2,-0.1,0.0750557,676.3,39.7,0.52969402
12,3950.5,-7,0.2,0.047406,676.4,39.7,0.52962448
18,3950.4,6,-0.1,0.0711072,676.4,39.7,0.52962448
16,3950.4,-2,0,0.0632064,676.4,39.7,0.52962448
17,3950.4,1,0,0.0671568,676.4,39.7,0.52962448
19,3950.3,2,-0.1,0.0750557,676.4,39.7,0.52962448
19,3950.3,0,0,0.0750557,676.4,39.7,0.52962448
15,3950.4,-4,0.1,0.059256,676.4,39.7,0.52962448
15,3950.5,0,0.1,0.0592575,676.4,39.7,0.52962448
17,3950.4,2,-0.1,0.0671568,676.4,39.7,0.52962448
17,3950.4,0,0,0.0671568,676.4,39.7,0.52962448
19,3950.4,2,0,0.0750576,676.4,39.7,0.52962448
16,3950.5,-3,0.1,0.063208,676.4,39.7,0.52962448
14,3950.5,-2,0,0.055307,676.4,39.7,0.52962448
9,3950.7,-5,0.2,0.0355563,676.4,39.7,0.52962448
15,3950.5,6,-0.2,0.0592575,676.4,39.7,0.52962448
12,3950.6,-3,0.1,0.0474072,676.4,39.7,0.52962448
17,3950.5,5,-0.1,0.0671585,676.4,39.7,0.52962448
14,3950.5,-3,0,0.055307,676.4,39.7,0.52962448
18,3950.4,4,-0.1,0.0711072,676.4,39.7,0.52962448
19,3950.4,1,0,0.0750576,676.4,39.7,0.52962448
13,3950.6,-6,0.2,0.0513578,676.4,39.7,0.52962448
18,3950.4,5,-0.2,0.0711072,676.4,39.7,0.52962448
14,3950.5,-4,0.1,0.055307,676.4,39.7,0.52962448
15,3950.5,1,0,0.0592575,676.5,39.7,0.52955494
13,3950.6,-2,0.1,0.0513578,676.5,39.7,0.52955494
19,3950.4,6,-0.2,0.0750576,676.5,39.7,0.52955494
15,3950.5,-4,0.1,0.0592575,676.5,39.7,0.52955494
15,3950.6,0,0.1,0.059259,676.5,39.7,0.52955494
12,3950.6,-3,0,0.0474072,676.5,39.7,0.52955494
16,3950.5,4,-0.1,0.063208,676.5,39.7,0.52955494
14,3950.6,-2,0.1,0.0553084,676.5,39.7,0.52955494
19,3950.4,5,-0.2,0.0750576,676.5,39.7,0.52955494
20,3950.4,1,0,0.079008,676.5,39.7,0.52955494
16,3950.5,-4,0.1,0.063208,676.5,39.7,0.52955494
14,3950.6,-2,0.1,0.0553084,676.5,39.7,0.52955494
18,3950.5,4,-0.1,0.071109,676.5,39.7,0.52955494
19,3950.4,1,-0.1,0.0750576,676.5,39.7,0.52955494
14,3950.6,-5,0.2,0.0553084,676.5,39.7,0.52955494
18,3950.5,4,-0.1,0.071109,676.5,39.7,0.52955494
13,3950.6,-5,0.1,0.0513578,676.5,39.7,0.52955494
19,3950.4,6,-0.2,0.0750576,676.5,39.7,0.52955494
12,3950.7,-7,0.3,0.0474084,676.5,39.7,0.52955494
11,3950.7,-1,0,0.0434577,676.5,39.7,0.52955494
16,3950.6,5,-0.1,0.0632096,676.5,39.7,0.52955494
14,3950.6,-2,0,0.0553084,676.5,39.7,0.52955494
19,3950.5,5,-0.1,0.0750595,676.5,39.7,0.52955494
19,3950.5,0,0,0.0750595,676.6,39.7,0.5294854
19,3950.5,0,0,0.0750595,676.6,39.7,0.5294854
12,3950.7,-7,0.2,0.0474084,676.6,39.7,0.5294854
21,3950.4,9,-0.3,0.0829584,676.6,39.7,0.5294854
20,3950.4,-1,0,0.079008,676.6,39.7,0.5294854
9,3950.8,-11,0.4,0.0355572,676.6,39.7,0.5294854
19,3950.5,10,-0.3,0.0750595,676.6,39.7,0.5294854
19,3950.5,0,0,0.0750595,676.6,39.7,0.5294854
16,3950.6,-3,0.1,0.0632096,676.6,39.7,0.5294854
16,3950.6,0,0,0.0632096,676.6,39.7,0.5294854
19,3950.4,3,-0.2,0.0750576,676.6,39.7,0.5294854
12,3950.7,-7,0.3,0.0474084,676.6,39.7,0.5294854
27,3950.3,15,-0.4,0.1066581,676.6,39.7,0.5294854
39,3949.8,12,-0.5,0.1540422,676.6,39.7,0.5294854
37,3949.8,-2,0,0.1461426,676.6,39.7,0.5294854
36,3949.9,-1,0.1,0.1421964,676.6,39.7,0.5294854
33,3949.9,-3,0,0.1303467,676.7,39.7,0.52941586
38,3949.8,5,-0.1,0.1500924,676.7,39.7,0.52941586
37,3949.8,-1,0,0.1461426,676.7,39.7,0.52941586
37,3949.8,0,0,0.1461426,676.7,39.7,0.52941586
33,3949.9,-4,0.1,0.1303467,676.7,39.7,0.52941586
34,3949.8,1,-0.1,0.1342932,676.7,39.7,0.52941586
30,3949.9,-4,0.1,0.118497,676.7,39.7,0.52941586
34,3949.8,4,-0.1,0.1342932,676.7,39.7,0.52941586
34,3949.8,0,0,0.1342932,676.7,39.7,0.52941586
34,3949.8,0,0,0.1342932,676.7,39.7,0.52941586
39,3949.6,5,-0.2,0.1540344,676.7,39.7,0.52941586
40,3949.6,1,0,0.157984,676.8,39.7,0.52934631
36,3949.7,-4,0.1,0.1421892,676.8,39.7,0.52934631
35,3949.7,-1,0,0.1382395,676.8,39.7,0.52934631
33,3949.8,-2,0.1,0.1303434,676.8,39.7,0.52934631
37,3949.6,4,-0.2,0.1461352,676.8,39.7,0.52934631
37,3949.6,0,0,0.1461352,676.8,39.7,0.52934631
33,3949.8,-4,0.2,0.1303434,676.8,39.7,0.52934631
34,3949.7,1,-0.1,0.1342898,676.8,39.7,0.52934631
37,3949.6,3,-0.1,0.1461352,676.8,39.7,0.52934631
36,3949.6,-1,0,0.1421856,676.8,39.7,0.52934631
30,3949.8,-6,0.2,0.118494,676.9,39.7,0.52927677
34,3949.7,4,-0.1,0.1342898,676.9,39.7,0.52927677
40,3949.5,6,-0.2,0.15798,676.9,39.7,0.52927677
36,3949.6,-4,0.1,0.1421856,676.9,39.7,0.52927677
40,3949.4,4,-0.2,0.157976,676.9,39.7,0.52927677
40,3949.4,0,0,0.157976,676.9,39.7,0.52927677
33,3949.7,-7,0.3,0.1303401,676.9,39.7,0.52927677
32,3949.7,-1,0,0.1263904,676.9,39.7,0.52927677
39,3949.5,7,-0.2,0.1540305,676.9,39.7,0.52927677
35,3949.6,-4,0.1,0.138236,676.9,39.7,0.52927677
37,3949.5,2,-0.1,0.1461315,677,39.7,0.52920723
32,3949.6,-5,0.1,0.1263872,677,39.7,0.52920723
35,3949.6,3,0,0.138236,677,39.7,0.52920723
38,3949.5,3,-0.1,0.150081,677,39.7,0.52920723
36,3949.5,-2,0,0.142182,677,39.7,0.52920723
33,3949.6,-3,0.1,0.1303368,677,39.7,0.52920723
36,3949.5,3,-0.1,0.142182,677,39.7,0.52920723
38,3949.5,2,0,0.150081,677,39.7,0.52920723
38,3949.5,0,0,0.150081,677,39.7,0.52920723
39,3949.4,1,-0.1,0.1540266,677,39.7,0.52920723
37,3949.5,-2,0.1,0.1461315,677.1,39.7,0.52913769
39,3949.4,2,-0.1,0.1540266,677.1,39.7,0.52913769
39,3949.4,0,0,0.1540266,677.1,39.7,0.52913769
37,3949.4,-2,0,0.1461278,677.1,39.7,0.52913769
35,3949.5,-2,0.1,0.1382325,677.1,39.7,0.52913769
33,3949.6,-2,0.1,0.1303368,677.1,39.7,0.52913769
34,3949.5,1,-0.1,0.134283,677.1,39.7,0.52913769
43,3949.2,9,-0.3,0.1698156,677.1,39.7,0.52913769
39,3949.3,-4,0.1,0.1540227,677.1,39.7,0.52913769
38,3949.3,-1,0,0.1500734,677.2,39.7,0.52906815
36,3949.4,-2,0.1,0.1421784,677.2,39.7,0.52906815
33,3949.5,-3,0.1,0.1303335,677.2,39.7,0.52906815
31,3949.6,-2,0.1,0.1224376,677.2,39.7,0.52906815
38,3949.4,7,-0.2,0.1500772,677.2,39.7,0.52906815
37,3949.3,-1,-0.1,0.1461241,677.2,39.7,0.52906815
37,3949.4,0,0.1,0.1461278,677.2,39.7,0.52906815
41,3949.2,4,-0.2,0.1619172,677.2,39.7,0.52906815
35,3949.4,-6,0.2,0.138229,677.2,39.7,0.52906815
36,3949.4,1,0,0.1421784,677.2,39.7,0.52906815
38,3949.3,2,-0.1,0.1500734,677.3,39.7,0.52899861
37,3949.3,-1,0,0.1461241,677.3,39.7,0.52899861
35,3949.4,-2,0.1,0.138229,677.3,39.7,0.52899861
40,3949.2,5,-0.2,0.157968,677.3,39.7,0.52899861
32,3949.4,-8,0.2,0.1263808,677.3,39.7,0.52899861
33,3949.4,1,0,0.1303302,677.3,39.7,0.52899861
34,3949.4,1,0,0.1342796,677.3,39.7,0.52899861
39,3949.3,5,-0.1,0.1540227,677.3,39.7,0.52899861
40,3949.2,1,-0.1,0.157968,677.3,39.7,0.52899861
39,3949.2,-1,0,0.1540188,677.3,39.7,0.52899861
39,3949.2,0,0,0.1540188,677.4,39.7,0.52892907
35,3949.3,-4,0.1,0.1382255,677.4,39.7,0.52892907
44,3949.1,9,-0.2,0.1737604,677.4,39.7,0.52892907
40,3949.2,-4,0.1,0.157968,677.4,39.7,0.52892907
33,3949.4,-7,0.2,0.1303302,677.4,39.7,0.52892907
37,3949.2,4,-0.2,0.1461204,677.4,39.7,0.52892907
30,3949.5,-7,0.3,0.118485,677.4,39.7,0.52892907
38,3949.2,8,-0.3,0.1500696,677.4,39.7,0.52892907
33,3949.4,-5,0.2,0.1303302,677.4,39.7,0.52892907
27,3949.6,-6,0.2,0.1066392,677.4,39.7,0.52892907
33,3949.4,6,-0.2,0.1303302,677.5,39.7,0.52885953
33,3949.4,0,0,0.1303302,677.5,39.7,0.52885953
39,3949.2,6,-0.2,0.1540188,677.5,39.7,0.52885953
37,3949.2,-2,0,0.1461204,677.5,39.7,0.52885953
32,3949.4,-5,0.2,0.1263808,677.5,39.7,0.52885953
39,3949.2,7,-0.2,0.1540188,677.5,39.7,0.52885953
35,3949.3,-4,0.1,0.1382255,677.5,39.7,0.52885953
37,3949.2,2,-0.1,0.1461204,677.5,39.7,0.52885953
38,3949.2,1,0,0.1500696,677.5,39.7,0.52885953
38,3949.2,0,0,0.1500696,677.5,39.7,0.52885953
36,3949.2,-2,0,0.1421712,677.6,39.7,0.52878999
40,3949.1,4,-0.1,0.157964,677.6,39.7,0.52878999
36,3949.2,-4,0.1,0.1421712,677.6,39.7,0.52878999
38,3949.2,2,0,0.1500696,677.6,39.7,0.52878999
38,3949.2,0,0,0.1500696,677.6,39.7,0.52878999
39,3949.1,1,-0.1,0.1540149,677.6,39.7,0.52878999
-587,3968.9,-626,19.8,-2.3297443,677.4,39.7,0.52892907
-596,3970.2,-9,1.3,-2.3662392,677.3,39.7,0.52899861
-592.1,3970.9,3.9,0.7,-2.3511699,677.1,39.7,0.52913769
-585,3971.4,7.1,0.5,-2.323269,677,39.7,0.52920723
-588,3972.1,-3,0.7,-2.3355948,676.8,39.7,0.52934631
-590.9,3972.8,-2.9,0.7,-2.3475275,676.6,39.7,0.5294854
-593,3973.4,-2.1,0.6,-2.3562262,676.5,39.7,0.52955494
101.9,3952,694.9,-21.4,0.4027088,676.5,39.7,0.52955494
794,3929.7,692.1,-22.3,3.1201818,676.7,39.7,0.52941586
798.1,3928,4.1,-1.7,3.1349368,676.9,39.7,0.52927677
797.2,3926.8,-0.9,-1.2,3.130445,677.2,39.7,0.52906815
325.2,3940.4,-472,13.6,1.2814181,677.2,39.7,0.52906815
331,3940.1,5.8,-0.3,1.3041731,677.3,39.7,0.52899861
327.1,3940,-3.9,-0.1,1.288774,677.4,39.7,0.52892907
321.1,3939.9,-6,-0.1,1.2651019,677.5,39.7,0.52885953
330.1,3939.4,9,-0.5,1.3003959,677.6,39.7,0.52878999
1959,3888.2,1628.9,-51.2,7.6169838,678.1,39.7,0.52844228
1955.1,3885.4,-3.9,-2.8,7.5963455,678.7,39.7,0.52802503
1958.1,3882.9,3,-2.5,7.6031065,679.2,39.7,0.52767733
1965.1,3880.6,7,-2.3,7.6257671,679.8,39.7,0.52726008
1953,3879.1,-12.1,-1.5,7.5758823,680.3,39.7,0.52691238
1957,3877.2,4,-1.9,7.5876804,680.9,39.7,0.52649513
1960.1,3875.5,3.1,-1.7,7.5963676,681.4,39.7,0.52614743
1954,3874.2,-6.1,-1.3,7.5701868,682,39.7,0.52573018
1956,3872.6,2,-1.6,7.5748056,682.5,39.7,0.52538248
1955.1,3871.3,-0.9,-1.3,7.5687786,683,39.7,0.52503477
1806,3874.6,-149.1,3.3,6.9975276,683.5,39.7,0.52468707
1648.1,3878.5,-157.9,3.9,6.3921558,684,39.7,0.52433936
1649,3877.6,0.9,-0.9,6.3941624,684.5,39.7,0.52399166
1648.1,3876.8,-0.9,-0.8,6.3893541,684.9,39.7,0.52371349
1657,3875.7,8.9,-1.1,6.4220349,685.4,39.7,0.52336579
1648.1,3875.1,-8.9,-0.6,6.3865523,685.8,39.7,0.52308762
1498.2,3879,-149.9,3.9,5.8115178,686.3,39.7,0.52273992
1345.1,3883.2,-153.1,4.2,5.2232923,686.6,39.7,0.52253129
1345.1,3882.9,0,-0.3,5.2228888,687,39.7,0.52225313
1341.1,3882.6,-4,-0.3,5.2069549,687.4,39.7,0.52197497
1338.1,3882.3,-3,-0.3,5.1949056,687.7,39.7,0.52176634
1345.1,3881.6,7,-0.7,5.2211402,688.1,39.7,0.52148818
1346.1,3881.2,1,-0.4,5.2244833,688.5,39.7,0.52121001
1349.1,3880.6,3,-0.6,5.2353175,688.9,39.7,0.52093185
957.2,3892.4,-391.9,11.8,3.7258053,689.1,39.7,0.52079277
567.1,3904.7,-390.1,12.3,2.2143554,689.3,39.7,0.52065369
562.1,3905.6,-5,0.9,2.1953378,689.4,39.7,0.52058414
563.1,3906,1,0.4,2.1994686,689.6,39.7,0.52044506
560.1,3906.5,-3,0.5,2.1880306,689.8,39.7,0.52030598
442.2,3910.5,-117.9,4,1.7292231,689.9,39.7,0.52023644
437.1,3911.1,-5.1,0.6,1.7095418,690,39.7,0.5201669
443.1,3911.3,6,0.2,1.733097,690.1,39.7,0.52009736
438.1,3911.8,-5,0.5,1.7137596,690.2,39.7,0.52002782
441.1,3912,3,0.2,1.7255832,690.4,39.7,0.51988873
437.1,3912.4,-4,0.4,1.71011,690.5,39.7,0.51981919
436.1,3912.7,-1,0.3,1.7063285,690.6,39.7,0.51974965
442.1,3912.7,6,0,1.7298047,690.7,39.7,0.51968011
438.1,3913,-4,0.3,1.7142853,690.9,39.7,0.51954103
274.1,3918.3,-164,5.3,1.074006,690.9,39.7,0.51954103
277.1,3918.7,3,0.4,1.0858718,691,39.7,0.51947149
297.1,3918.4,20,-0.3,1.1641566,691.1,39.7,0.51940195
321.1,3918,24,-0.4,1.2580698,691.2,39.7,0.51933241
332,3917.8,10.9,-0.2,1.3007096,691.3,39.7,0.51926287
335.1,3918,3.1,0.2,1.3129218,691.4,39.7,0.51919332
327.1,3918.3,-8,0.3,1.2816759,691.5,39.7,0.51912378
326.2,3918.6,-0.9,0.3,1.2782473,691.5,39.7,0.51912378
328.1,3918.7,1.9,0.1,1.2857255,691.6,39.7,0.51905424
597,3910.4,268.9,-8.3,2.3345088,691.8,39.7,0.51891516
868,3901.7,271,-8.7,3.3866756,692,39.7,0.51877608
875.1,3900.8,7.1,-0.9,3.4135901,692.3,39.7,0.51856745
868.2,3900.6,-6.9,-0.2,3.3865009,692.5,39.7,0.51842837
870.1,3900.1,1.9,-0.5,3.393477,692.8,39.7,0.51821975
868.1,3899.7,-2,-0.4,3.3853296,693,39.7,0.51808067
870.1,3899.3,2,-0.4,3.3927809,693.3,39.7,0.51787204
-521,3942.5,-1391.1,43.2,-2.0540425,693.1,39.7,0.51801113
-520,3944.5,1,2,-2.05114,693,39.7,0.51808067
301.1,3920.1,821.1,-24.4,1.1803421,693,39.7,0.51808067
293.1,3920.3,-8,0.2,1.1490399,693.1,39.7,0.51801113
306.1,3919.9,13,-0.4,1.1998814,693.2,39.7,0.51794159
296.1,3920.3,-10,0.4,1.1608008,693.3,39.7,0.51787204
300.2,3920.3,4.1,0,1.1768741,693.4,39.7,0.5178025
296.1,3920.5,-4.1,0.2,1.16086,693.5,39.7,0.51773296
301.1,3920.5,5,0,1.1804625,693.5,39.7,0.51773296
304.1,3920.5,3,0,1.192224,693.6,39.7,0.51766342
1021.1,3898.2,717,-22.3,3.980452,693.9,39.7,0.5174548
1017.1,3897.2,-4,-1,3.9638421,694.2,39.7,0.51724618
1025.1,3896.1,8,-1.1,3.9938921,694.5,39.7,0.51703755
338.2,3916.9,-686.9,20.8,1.3246956,694.6,39.7,0.51696801
-342,3938.7,-680.2,21.8,-1.3470354,694.5,39.7,0.51703755
-337.1,3939.9,4.9,1.2,-1.3281403,694.4,39.7,0.51710709
-339.1,3941.1,-2,1.2,-1.336427,694.3,39.7,0.51717663
-343,3942.1,-3.9,1,-1.3521403,694.2,39.7,0.51724618
-342,3942.9,1,0.8,-1.3484718,694.1,39.7,0.51731572
-338.1,3943.6,3.9,0.7,-1.3333312,694,39.7,0.51738526
-337.1,3944.2,1,0.6,-1.3295898,693.9,39.7,0.5174548
-853,3961.1,-515.9,16.9,-3.3788183,693.7,39.7,0.51759388
-853,3962.5,0,1.4,-3.3800125,693.4,39.7,0.5178025
-850.1,3963.7,2.9,1.2,-3.3695414,693.2,39.7,0.51794159
-850,3964.8,0.1,1.1,-3.37008,693,39.7,0.51808067
2613.9,3857.6,3463.9,-107.2,10.083381,693.7,39.7,0.51759388
2618.1,3852.6,4.2,-5,10.086492,694.4,39.7,0.51710709
48,3929.4,-2570.1,76.8,0.1886112,694.4,39.7,0.51710709
-872,3959.5,-920,30.1,-3.452684,694.2,39.7,0.51724618
-870,3961.6,2,2.1,-3.446592,694,39.7,0.51738526
-869,3963.2,1,1.6,-3.4440208,693.7,39.7,0.51759388
-867,3964.5,2,1.3,-3.4372215,693.5,39.7,0.51773296
-872,3965.9,-5,1.4,-3.4582648,693.2,39.7,0.51794159
-869.1,3966.9,2.9,1,-3.4476328,693,39.7,0.51808067
-869,3968,0.1,1.1,-3.448192,692.7,39.7,0.51828929
-866,3968.8,3,0.8,-3.4369808,692.5,39.7,0.51842837
-865.1,3969.7,0.9,0.9,-3.4341875,692.3,39.7,0.51856745
-870,3970.7,-4.9,1,-3.454509,692,39.7,0.51877608
777,3919.9,1647,-50.8,3.0457623,692.2,39.7,0.518637
2427.9,3866.4,1650.9,-53.5,9.3872326,692.9,39.7,0.51815021
2426.2,3862.5,-1.7,-3.9,9.3711975,693.6,39.7,0.51766342
2425.1,3859.3,-1.1,-3.2,9.3591884,694.3,39.7,0.51717663
2426.1,3856.5,1,-2.8,9.3562547,694.9,39.7,0.51675939
2417,3854.3,-9.1,-2.2,9.3158431,695.6,39.7,0.5162726
2422.1,3851.9,5.1,-2.4,9.329687,696.3,39.7,0.51578581
2413,3850.1,-9.1,-1.8,9.2902913,696.9,39.7,0.51536857
2426,3847.8,13,-2.3,9.3347628,697.6,39.7,0.51488178
235.2,3914.1,-2190.8,66.3,0.92059632,697.7,39.7,0.51481224
238.1,3915.8,2.9,1.7,0.93235198,697.8,39.7,0.5147427
235.1,3916.8,-3,1,0.92083968,697.8,39.7,0.5147427
238.1,3917.5,3,0.7,0.93275675,697.9,39.7,0.51467316
233.1,3918.3,-5,0.8,0.91335573,697.9,39.7,0.51467316
236.1,3918.7,3,0.4,0.92520507,698,39.7,0.51460362
233.1,3919.2,-3,0.5,0.91356552,698.1,39.7,0.51453408
242.1,3919.2,9,0,0.94883832,698.1,39.7,0.51453408
844.1,3900.8,602,-18.4,3.2926653,698.4,39.7,0.51432545
851.1,3899.8,7,-1,3.3191198,698.6,39.7,0.51418637
845.1,3899.5,-6,-0.3,3.2954674,698.9,39.7,0.51397775
848.1,3898.9,3,-0.6,3.3066571,699.1,39.7,0.51383866
842.1,3898.7,-6,-0.2,3.2830953,699.3,39.8,0.51369958
840.1,3898.3,-2,-0.4,3.2749618,699.6,39.8,0.51349096
844.1,3897.9,4,-0.4,3.2902174,699.8,39.8,0.51335188
842.1,3897.7,-2,-0.2,3.2822532,700,39.8,0.5132128
2260,3853.2,1417.9,-44.5,8.708232,700.7,39.8,0.51272601
2253.2,3850.9,-6.8,-2.3,8.6768479,701.3,39.8,0.51230876
2257.1,3848.8,3.9,-2.1,8.6871265,701.9,39.8,0.51189152
2255,3847.1,-2.1,-1.7,8.6752105,702.5,39.8,0.51147427
1400.2,3872.1,-854.8,25,5.4217144,702.9,39.8,0.51119611
543.2,3898.6,-857,26.5,2.1177195,703.1,39.8,0.51105702
546,3899.5,2.8,0.9,2.129127,703.2,39.8,0.51098748
541.1,3900.3,-4.9,0.8,2.1104523,703.4,39.8,0.5108484
544.2,3900.7,3.1,0.4,2.1227609,703.5,39.8,0.51077886
545.1,3901,0.9,0.3,2.1264351,703.7,39.8,0.51063978
-156,3923.2,-701.1,22.2,-0.6120192,703.6,39.8,0.51070932
-151.1,3924.5,4.9,1.3,-0.59299195,703.6,39.8,0.51070932
-156,3925.7,-4.9,1.2,-0.6124092,703.5,39.8,0.51077886
-158,3926.7,-2,1,-0.6204186,703.5,39.8,0.51077886
275,3913.9,433,-12.8,1.0763225,703.6,39.8,0.51070932
702,3900.7,427,-13.2,2.7382914,703.8,39.8,0.51057024
699.2,3900.2,-2.8,-0.5,2.7270198,704,39.8,0.51043115
701.1,3899.7,1.9,-0.5,2.7340797,704.2,39.8,0.51029207
3,3921.3,-698.1,21.6,0.0117639,704.2,39.8,0.51029207
-699,3944.2,-702,22.9,-2.7569958,704,39.8,0.51043115
-695.1,3945.9,3.9,1.7,-2.7427951,703.8,39.8,0.51057024
-697,3947.4,-1.9,1.5,-2.7513378,703.6,39.8,0.51070932
-702,3948.9,-5,1.5,-2.7721278,703.4,39.8,0.5108484
-695,3949.8,7,0.9,-2.745111,703.2,39.8,0.51098748
-695,3950.9,0,1.1,-2.7458755,703,39.8,0.51112656
-698,3952,-3,1.1,-2.758496,702.8,39.8,0.51126565
-696.1,3952.9,1.9,0.9,-2.7516137,702.6,39.8,0.51140473
-695,3953.8,1.1,0.9,-2.747891,702.4,39.8,0.51154381
1158,3896.7,1853,-57.1,4.5123786,702.7,39.8,0.51133519
1158.2,3894.6,0.2,-2.1,4.5107257,703.1,39.8,0.51105702
1156.1,3893,-2.1,-1.6,4.5006973,703.4,39.8,0.5108484
1154.1,3891.8,-2,-1.2,4.4915264,703.7,39.8,0.51063978
1160.1,3890.5,6,-1.3,4.513369,704,39.8,0.51043115
1163.1,3889.4,3,-1.1,4.5237611,704.4,39.8,0.51015299
1164.2,3888.4,1.1,-1,4.5268753,704.7,39.8,0.50994437
1158.1,3887.7,-6.1,-0.7,4.5023454,705,39.8,0.50973574
1158.1,3886.9,0,-0.8,4.5014189,705.3,39.8,0.50952712
1182.9,3885.4,24.8,-1.5,4.5960397,705.6,39.8,0.5093185
1180.1,3884.8,-2.8,-0.6,4.5844525,706,39.8,0.50904033
1181,3884,0.9,-0.8,4.587004,706.3,39.8,0.50883171
2336.9,3847.4,1155.9,-36.6,8.9909891,707,39.8,0.50834492
2337,3845,0.1,-2.4,8.985765,707.6,39.8,0.50792768
2334.1,3843.1,-2.9,-1.9,8.9701797,708.3,39.8,0.50744089
2333.1,3841.4,-1,-1.7,8.9623703,708.9,39.8,0.50702364
2338.1,3839.5,5,-1.9,8.9771349,709.5,39.8,0.5066064
-19,3911.5,-2357.1,72,-0.0743185,709.5,39.8,0.5066064
-20,3913.7,-1,2.2,-0.078274,709.5,39.8,0.5066064
-14,3915.1,6,1.4,-0.0548114,709.5,39.8,0.5066064
670.1,3894.8,684.1,-20.3,2.6099055,709.7,39.8,0.50646732
679,3894.4,8.9,-0.4,2.6442976,709.9,39.8,0.50632823
674.1,3894.6,-4.9,0.2,2.6253499,710.1,39.8,0.50618915
677.1,3894.5,3,-0.1,2.636966,710.3,39.8,0.50605007
673.3,3894.6,-3.8,0.1,2.6222342,710.5,39.8,0.50591099
676.2,3894.5,2.9,-0.1,2.6334609,710.7,39.8,0.50577191
671.1,3894.6,-5.1,0.1,2.6136661,710.8,39.8,0.50570236
675.1,3894.5,4,-0.1,2.629177,711,39.8,0.50556328
679.1,3894.3,4,-0.2,2.6446191,711.2,39.8,0.5054242
378.1,3903.7,-301,9.4,1.475989,711.3,39.8,0.50535466
78,3913.5,-300.1,9.8,0.305253,711.3,39.8,0.50535466
78,3914.3,0,0.8,0.3053154,711.4,39.8,0.50528512
79,3914.9,1,0.6,0.3092771,711.4,39.8,0.50528512
77,3915.6,-2,0.7,0.3015012,711.4,39.8,0.50528512
74,3916.2,-3,0.6,0.2897988,711.4,39.8,0.50528512
80,3916.5,6,0.3,0.31332,711.5,39.8,0.50521558
810.1,3894.1,730.1,-22.4,3.1546104,711.7,39.8,0.5050765
808.1,3893.5,-2,-0.6,3.1463374,711.9,39.8,0.50493741
1078.2,3884.5,270.1,-9,4.1882679,712.2,39.8,0.50472879
1340.1,3875.5,261.9,-9,5.1935576,712.6,39.8,0.50445063
1345,3874.2,4.9,-1.3,5.210799,712.9,39.8,0.504242
1345.1,3873.3,0.1,-0.9,5.2099758,713.3,39.8,0.50396384
1340.1,3872.6,-5,-0.7,5.1896713,713.7,39.8,0.50368567
1346.1,3871.7,6,-0.9,5.2116954,714.1,39.8,0.50340751
1344.1,3871,-2,-0.7,5.2030111,714.4,39.8,0.50319889
1341.1,3870.4,-3,-0.6,5.1905934,714.8,39.8,0.50292072
1195.1,3874.3,-146,3.9,4.6301759,715.1,39.8,0.5027121
1199.1,3873.8,4,-0.5,4.6450736,715.5,39.8,0.50243394
1191.2,3873.7,-7.9,-0.1,4.6143514,715.8,39.8,0.50222531
1008.2,3878.9,-183,5.2,3.910707,716.1,39.8,0.50201669
1013.1,3878.7,4.9,-0.2,3.929511,716.4,39.8,0.50180807
1011.1,3878.6,-2,-0.1,3.9216525,716.7,39.8,0.50159944
1007.1,3878.5,-4,-0.1,3.9060374,716.9,39.8,0.50146036
1004.2,3878.4,-2.9,-0.1,3.8946893,717.2,39.8,0.50125174
999.1,3878.4,-5.1,0,3.8749094,717.5,39.8,0.50104312
1007.1,3877.9,8,-0.5,3.9054331,717.8,39.8,0.50083449
1009.1,3877.7,2,-0.2,3.9129871,718,39.8,0.50069541
1005.1,3877.6,-4,-0.1,3.8973758,718.3,39.8,0.50048679
1002.1,3877.5,-3,-0.1,3.8856427,718.6,39.8,0.50027816
2637,3826.4,1634.9,-51.1,10.090217,719.3,39.8,0.49979138
2633.2,3823.9,-3.8,-2.5,10.069093,720.1,39.8,0.49923505
2635,3821.8,1.8,-2.1,10.070443,720.8,39.8,0.49874826
2641.1,3819.7,6.1,-2.1,10.08821,721.5,39.8,0.49826147
2632.1,3818.3,-9,-1.4,10.050147,722.3,39.8,0.49770515
2630.2,3816.8,-1.9,-1.5,10.038947,723,39.8,0.49721836
2633.1,3815.3,2.9,-1.5,10.046066,723.7,39.8,0.49673157
2639.1,3813.7,6,-1.6,10.064736,724.5,39.8,0.49617524
2184.1,3826.5,-455,12.8,8.3574586,725.1,39.8,0.495758
1744.2,3839.6,-439.9,13.1,6.6970303,725.6,39.8,0.49541029
1743,3839.6,-1.2,0,6.6924228,726,39.8,0.49513213
1749,3839.2,6,-0.4,6.7147608,726.5,39.8,0.49478442
1742,3839.1,-7,-0.1,6.6877122,727,39.8,0.49443672
1743.1,3838.8,1.1,-0.3,6.6914123,727.5,39.8,0.49408901
1741.1,3838.5,-2,-0.3,6.6832123,728,39.8,0.49374131
1739,3838.2,-2.1,-0.3,6.6746298,728.5,39.8,0.4933936
-941,3921.2,-2680,83,-3.6898492,728.2,39.8,0.49360223
-947,3925.2,-6,4,-3.7171644,727.9,39.8,0.49381085
321.1,3888.4,1268.1,-36.8,1.2485652,728,39.8,0.49374131
1583,3849.7,1261.9,-38.7,6.0940751,728.5,39.8,0.4933936
1582.1,3848.4,-0.9,-1.3,6.0885536,728.9,39.8,0.49311544
-343,3907.5,-1925.1,59.1,-1.3402725,728.8,39.8,0.49318498
-337,3909.5,6,2,-1.3175015,728.7,39.8,0.49325452
-338,3911.2,-1,1.7,-1.3219856,728.6,39.8,0.49332406
1288,3862.1,1626,-49.1,4.9743848,729,39.8,0.4930459
1293.1,3860.7,5.1,-1.4,4.9922712,729.3,39.8,0.49283727
1289.1,3860,-4,-0.7,4.975926,729.7,39.8,0.49255911
1292.1,3859.3,3,-0.7,4.9866015,730.1,39.8,0.49228095
1292.1,3858.8,0,-0.5,4.9859555,730.4,39.8,0.49207232
1292,3858.3,-0.1,-0.5,4.9849236,730.8,39.8,0.49179416
1291.1,3857.9,-0.9,-0.4,4.9809347,731.1,39.8,0.49158554
1292.1,3857.5,1,-0.4,4.9842758,731.5,39.8,0.49130737
893.1,3869.6,-399,12.1,3.4559398,731.7,39.8,0.49116829
891.1,3869.9,-2,0.3,3.4484679,732,39.8,0.49095967
1240,3859.2,348.9,-10.7,4.785408,732.3,39.8,0.49075104
1243.1,3858.8,3.1,-0.4,4.7968743,732.7,39.8,0.49047288
1235.1,3858.7,-8,-0.1,4.7658804,733,39.8,0.49026426
812.2,3871.5,-422.9,12.8,3.1444323,733.2,39.8,0.49012517
380.1,3885.2,-432.1,13.7,1.4767645,733.3,39.8,0.49005563
386.1,3886,6,0.8,1.5003846,733.5,39.8,0.48991655
376.2,3887,-9.9,1,1.4622894,733.6,39.8,0.48984701
375.1,3887.6,-1.1,0.6,1.4582388,733.7,39.8,0.48977747
382.1,3887.9,7,0.3,1.4855666,733.8,39.8,0.48970793
382.1,3888.4,0,0.5,1.4857576,733.9,39.8,0.48963839
-502,3916.4,-884.1,28,-1.9660328,733.7,39.8,0.48977747
-500.1,3918.1,1.9,1.7,-1.9594418,733.6,39.8,0.48984701
170,3898.6,670.1,-19.5,0.662762,733.6,39.8,0.48984701
830,3878.4,660,-20.2,3.219072,733.9,39.8,0.48963839
829.1,3877.7,-0.9,-0.7,3.2150011,734.1,39.8,0.4894993
829.1,3877.3,0,-0.4,3.2146694,734.3,39.8,0.48936022
828.2,3877,-0.9,-0.3,3.2109314,734.6,39.8,0.4891516
764,3878.8,-64.2,1.8,2.9634032,734.8,39.8,0.48901252
704.1,3880.5,-59.9,1.7,2.73226,735,39.8,0.48887344
701.1,3880.5,-3,0,2.7206185,735.2,39.8,0.48873435
703.1,3880.5,2,0,2.7283795,735.4,39.8,0.48859527
-594,3920.8,-1297.1,40.3,-2.3289552,735.2,39.8,0.48873435
-603,3923.1,-9,2.3,-2.3656293,735,39.8,0.48887344
-598.1,3924.5,4.9,1.4,-2.3472434,734.9,39.8,0.48894298
-607,3926.1,-8.9,1.6,-2.3831427,734.7,39.8,0.48908206
-600,3927.2,7,1.1,-2.35632,734.5,39.8,0.48922114
1144,3873.9,1744,-53.3,4.4317416,734.8,39.8,0.48901252
1146.1,3872.2,2.1,-1.7,4.4379284,735.2,39.8,0.48873435
1143.2,3871.2,-2.9,-1,4.4255558,735.5,39.8,0.48852573
1144.2,3870.2,1,-1,4.4282828,735.8,39.8,0.48831711
1139.2,3869.6,-5,-0.6,4.4082483,736.1,39.8,0.48810848
1147.1,3868.6,7.9,-1,4.4376711,736.4,39.8,0.48789986
1144.1,3868,-3,-0.6,4.4253788,736.8,39.8,0.4876217
1150.1,3867.3,6,-0.7,4.4477817,737.1,39.8,0.48741307
1730,3848.8,579.9,-18.5,6.658424,737.6,39.8,0.48706537
1733,3847.3,3,-1.5,6.6673709,738,39.8,0.4867872
1738,3846,5,-1.3,6.684348,738.5,39.8,0.4864395
1599.1,3849.2,-138.9,3.2,6.1552557,739,39.8,0.48609179
1594.1,3848.6,-5,-0.6,6.1350533,739.4,39.8,0.48581363
1601.1,3847.7,7,-0.9,6.1605525,739.9,39.8,0.48546592
1600.1,3847,-1,-0.7,6.1555847,740.3,39.8,0.48518776
1600,3846.3,-0.1,-0.7,6.15408,740.7,39.8,0.4849096
1598,3845.7,-2,-0.6,6.1454286,741.2,39.8,0.48456189
1593.2,3845.2,-4.8,-0.5,6.1261726,741.6,39.8,0.48428373
1596.1,3844.5,2.9,-0.7,6.1362065,742.1,39.8,0.48393602
1596.1,3843.9,0,-0.6,6.1352488,742.5,39.8,0.48365786
-120.1,3896.6,-1716.2,52.7,-0.46798166,742.5,39.8,0.48365786
-125.1,3898.8,-5,2.2,-0.48773988,742.4,39.8,0.4837274
-165.1,3901.6,-40,2.8,-0.64415416,742.4,39.8,0.4837274
-168,3903,-2.9,1.4,-0.655704,742.4,39.8,0.4837274
-166.1,3904,1.9,1,-0.6484544,742.3,39.8,0.48379694
822,3874.2,988.1,-29.8,3.1845924,742.5,39.8,0.48365786
824.1,3873.6,2.1,-0.6,3.1922338,742.8,39.8,0.48344924
831.1,3873,7,-0.6,3.2188503,743,39.8,0.48331015
822.2,3873.1,-8.9,0.1,3.1844628,743.2,39.8,0.48317107
433.1,3884.9,-389.1,11.8,1.6825502,743.3,39.8,0.48310153
40,3897.5,-393.1,12.6,0.1559,743.4,39.8,0.48303199
39,3898.5,-1,1,0.1520415,743.4,39.8,0.48303199
36,3899.3,-3,0.8,0.1403748,743.4,39.8,0.48303199
40,3899.9,4,0.6,0.155996,743.4,39.8,0.48303199
39,3900.5,-1,0.6,0.1521195,743.4,39.8,0.48303199
42,3900.9,3,0.4,0.1638378,743.4,39.8,0.48303199
43,3901.4,1,0.5,0.1677602,743.4,39.8,0.48303199
42,3901.9,-1,0.5,0.1638798,743.4,39.8,0.48303199
40,3902.4,-2,0.5,0.156096,743.4,39.8,0.48303199
848.1,3877.8,808.1,-24.6,3.2887622,743.7,39.8,0.48282337
843.1,3877.1,-5,-0.7,3.268783,743.9,39.8,0.48268428
844.1,3876.6,1,-0.5,3.2722381,744.1,39.8,0.4825452
843.1,3876.1,-1,-0.5,3.2679399,744.4,39.8,0.48233658
845.1,3875.6,2,-0.5,3.2752696,744.6,39.8,0.4821975
842.1,3875.4,-3,-0.2,3.2634743,744.9,39.8,0.48198887
845.1,3875,3,-0.4,3.2747625,745.1,39.8,0.48184979
845.1,3874.7,0,-0.3,3.274509,745.3,39.8,0.48171071
570.2,3882.9,-274.9,8.2,2.2140296,745.5,39.8,0.48157163
303.2,3891.4,-267,8.5,1.1798725,745.6,39.8,0.48150209
306,3891.7,2.8,0.3,1.1908602,745.6,39.8,0.48150209
307.1,3892.1,1.1,0.4,1.1952639,745.7,39.8,0.48143255
2282,3831.2,1974.9,-60.9,8.7427984,746.4,39.8,0.48094576
2277,3828.6,-5,-2.6,8.7177222,747,39.8,0.48052851
2283,3826.4,6,-2.2,8.7356712,747.6,39.8,0.48011127
2280.2,3824.7,-2.8,-1.7,8.7210809,748.3,39.8,0.47962448
2287.1,3822.9,6.9,-1.8,8.7433546,748.9,39.8,0.47920723
2287,3821.5,-0.1,-1.4,8.7397705,749.5,39.8,0.47878999
-228,3898.1,-2515,76.6,-0.8887668,749.5,39.8,0.47878999
-230,3900.5,-2,2.4,-0.897115,749.4,39.8,0.47885953
1427.9,3850.8,1657.9,-49.7,5.4985573,749.8,39.8,0.47858136
1429.1,3849.6,1.2,-1.2,5.5014634,750.2,39.8,0.4783032
1430.1,3848.8,1,-0.8,5.5041689,750.6,39.8,0.47802503
1430.1,3848.1,0,-0.7,5.5031678,751,39.8,0.47774687
1431.1,3847.5,1,-0.6,5.5061573,751.4,39.8,0.47746871
1430.1,3847,-1,-0.5,5.5015947,751.8,39.8,0.47719054
1426.2,3846.6,-3.9,-0.4,5.4860209,752.2,39.8,0.47691238
94,3887.4,-1332.2,40.8,0.3654156,752.2,39.8,0.47691238
94,3888.9,0,1.5,0.3655566,752.2,39.8,0.47691238
97,3889.9,3,1,0.3773203,752.3,39.8,0.47684284
93,3890.9,-4,1,0.3618537,752.3,39.8,0.47684284
95,3891.7,2,0.8,0.3697115,752.3,39.8,0.47684284
97,3892.3,2,0.6,0.3775531,752.3,39.8,0.47684284
96,3893,-1,0.7,0.373728,752.4,39.8,0.4767733
94,3893.6,-2,0.6,0.3659984,752.4,39.8,0.4767733
92,3894.3,-2,0.7,0.3582756,752.4,39.8,0.4767733
99,3894.6,7,0.3,0.3855654,752.5,39.8,0.47670376
582.1,3880.1,483.1,-14.5,2.2586062,752.6,39.8,0.47663421
1063.1,3864.9,481,-15.2,4.1087752,752.9,39.8,0.47642559
1059.2,3864.2,-3.9,-0.7,4.0929606,753.2,39.8,0.47621697
1061.1,3863.5,1.9,-0.7,4.0995599,753.5,39.8,0.47600834
2137,3829.6,1075.9,-33.9,8.1838552,754.1,39.8,0.4755911
2137,3827.6,0,-2,8.1795812,754.7,39.8,0.47517385
2132,3826,-5,-1.6,8.157032,755.3,39.8,0.47475661
2137,3824.5,5,-1.5,8.1729565,755.9,39.8,0.47433936
2136.1,3823.2,-0.9,-1.3,8.1667375,756.5,39.8,0.47392211
2139,3821.8,2.9,-1.4,8.1748302,757.1,39.8,0.47350487
2131,3820.9,-8,-0.9,8.1423379,757.7,39.8,0.47308762
2137,3819.7,6,-1.2,8.1626989,758.2,39.8,0.47273992
346.3,3874.1,-1790.7,54.4,1.3416008,758.3,39.8,0.47267038
340.1,3875.9,-6.2,1.8,1.3181936,758.4,39.8,0.47260083
342.1,3876.9,2,1,1.3262875,758.5,39.8,0.47253129
185.2,3882.7,-156.9,5.8,0.71907604,758.6,39.8,0.47246175
16,3888.8,-169.2,6.1,0.0622208,758.6,39.8,0.47246175
17,3889.9,1,1.1,0.0661283,758.6,39.8,0.47246175
17,3890.8,0,0.9,0.0661436,758.6,39.8,0.47246175
19,3891.6,2,0.8,0.0739404,758.6,39.8,0.47246175
17,3892.3,-2,0.7,0.0661691,758.6,39.8,0.47246175
16,3893.1,-1,0.8,0.0622896,758.6,39.8,0.47246175
15,3893.7,-1,0.6,0.0584055,758.6,39.8,0.47246175
16,3894.4,1,0.7,0.0623104,758.6,39.8,0.47246175
24,3894.6,8,0.2,0.0934704,758.6,39.8,0.47246175
14,3895.5,-10,0.9,0.054537,758.6,39.8,0.47246175
22,3895.8,8,0.3,0.0857076,758.6,39.8,0.47246175
18,3896.4,-4,0.6,0.0701352,758.6,39.8,0.47246175
22,3896.7,4,0.3,0.0857274,758.6,39.8,0.47246175
19,3897.3,-3,0.6,0.0740487,758.7,39.8,0.47239221
16,3897.8,-3,0.5,0.0623648,758.7,39.8,0.47239221
21,3898.1,5,0.3,0.0818601,758.7,39.8,0.47239221
21,3898.4,0,0.3,0.0818664,758.7,39.8,0.47239221
21,3898.8,0,0.4,0.0818748,758.7,39.8,0.47239221
23,3899.1,2,0.3,0.0896793,758.7,39.8,0.47239221
16,3899.7,-7,0.6,0.0623952,758.7,39.8,0.47239221
21,3899.8,5,0.1,0.0818958,758.7,39.8,0.47239221
19,3900.2,-2,0.4,0.0741038,758.7,39.8,0.47239221
17,3900.6,-2,0.4,0.0663102,758.7,39.8,0.47239221
14,3901,-3,0.4,0.054614,758.7,39.8,0.47239221
16,3901.2,2,0.2,0.0624192,758.7,39.8,0.47239221
17,3901.5,1,0.3,0.0663255,758.7,39.8,0.47239221
12,3901.9,-5,0.4,0.0468228,758.7,39.8,0.47239221
18,3902,6,0.1,0.070236,758.7,39.8,0.47239221
22,3902.1,4,0.1,0.0858462,758.7,39.8,0.47239221
20,3902.5,-2,0.4,0.07805,758.7,39.8,0.47239221
18,3902.8,-2,0.3,0.0702504,758.7,39.8,0.47239221
20,3902.9,2,0.1,0.078058,758.7,39.8,0.47239221
13,3903.3,-7,0.4,0.0507429,758.7,39.8,0.47239221
18,3903.4,5,0.1,0.0702612,758.8,39.8,0.47232267
18,3903.6,0,0.2,0.0702648,758.8,39.8,0.47232267
19,3903.8,1,0.2,0.0741722,758.8,39.8,0.47232267
18,3904,-1,0.2,0.070272,758.8,39.8,0.47232267
16,3904.3,-2,0.3,0.0624688,758.8,39.8,0.47232267
19,3904.4,3,0.1,0.0741836,758.8,39.8,0.47232267
20,3904.5,1,0.1,0.07809,758.8,39.8,0.47232267
13,3904.9,-7,0.4,0.0507637,758.8,39.8,0.47232267
22,3904.8,9,-0.1,0.0859056,758.8,39.8,0.47232267
15,3905.2,-7,0.4,0.058578,758.8,39.8,0.47232267
14,3905.4,-1,0.2,0.0546756,758.8,39.8,0.47232267
16,3905.5,2,0.1,0.062488,758.8,39.8,0.47232267
13,3905.7,-3,0.2,0.0507741,758.8,39.8,0.47232267
18,3905.8,5,0.1,0.0703044,758.8,39.8,0.47232267
16,3905.9,-2,0.1,0.0624944,758.8,39.8,0.47232267
18,3906,2,0.1,0.070308,758.8,39.8,0.47232267
11,3906.4,-7,0.4,0.0429704,758.8,39.8,0.47232267
16,3906.4,5,0,0.0625024,758.8,39.8,0.47232267
15,3906.5,-1,0.1,0.0585975,758.8,39.8,0.47232267
22,3906.5,7,0,0.085943,758.8,39.8,0.47232267
17,3906.7,-5,0.2,0.0664139,758.8,39.8,0.47232267
15,3906.9,-2,0.2,0.0586035,758.9,39.8,0.47225313
18,3906.9,3,0,0.0703242,758.9,39.8,0.47225313
19,3907.1,1,0.2,0.0742349,758.9,39.8,0.47225313
21,3907.1,2,0,0.0820491,758.9,39.8,0.47225313
14,3907.4,-7,0.3,0.0547036,758.9,39.8,0.47225313
19,3907.4,5,0,0.0742406,758.9,39.8,0.47225313
13,3907.6,-6,0.2,0.0507988,758.9,39.7,0.47225313
20,3907.5,7,-0.1,0.07815,758.9,39.7,0.47225313
18,3907.7,-2,0.2,0.0703386,758.9,39.7,0.47225313
21,3907.7,3,0,0.0820617,758.9,39.7,0.47225313
19,3907.8,-2,0.1,0.0742482,758.9,39.7,0.47225313
16,3908,-3,0.2,0.062528,758.9,39.7,0.47225313
16,3908.1,0,0.1,0.0625296,758.9,39.7,0.47225313
22,3908,6,-0.1,0.085976,758.9,39.7,0.47225313
17,3908.3,-5,0.3,0.0664411,758.9,39.7,0.47225313
16,3908.4,-1,0.1,0.0625344,758.9,39.7,0.47225313
22,3908.3,6,-0.1,0.0859826,758.9,39.7,0.47225313
337,3898.6,315,-9.7,1.3138282,759,39.7,0.47218359
654.1,3888.4,317.1,-10.2,2.5434024,759.2,39.7,0.47204451
654.1,3887.5,0,-0.9,2.5428138,759.4,39.7,0.47190542
644.1,3887.3,-10,-0.2,2.5038099,759.6,39.7,0.47176634
654.1,3886.4,10,-0.9,2.5420942,759.7,39.7,0.4716968
652.1,3886,-2,-0.4,2.5340606,759.9,39.7,0.47155772
650,3885.6,-2.1,-0.4,2.52564,760.1,39.7,0.47141864
650.1,3885.2,0.1,-0.4,2.5257685,760.3,39.7,0.47127955
649.1,3884.8,-1,-0.4,2.5216237,760.5,39.7,0.47114047
647.1,3884.5,-2,-0.3,2.51366,760.7,39.7,0.47100139
2327.9,3832.1,1680.8,-52.4,8.9207456,761.3,39.7,0.47058414
2329.1,3829.2,1.2,-2.9,8.9185897,761.9,39.7,0.4701669
2328.1,3827,-1,-2.2,8.9096387,762.6,39.7,0.46968011
2329.1,3825,1,-2,8.9088075,763.2,39.7,0.46926287
2334,3823,4.9,-2,8.922882,763.9,39.7,0.46877608
2328.1,3821.5,-5.9,-1.5,8.8968342,764.5,39.7,0.46835883
2331.1,3819.8,3,-1.7,8.9043358,765.2,39.7,0.46787204
2332.1,3818.3,1,-1.5,8.9046574,765.8,39.7,0.4674548
2329.1,3816.9,-3,-1.4,8.8899418,766.5,39.7,0.46696801
2331.1,3815.5,2,-1.4,8.8943121,767.1,39.7,0.46655076
1600.3,3836.8,-730.8,21.3,6.140031,767.6,39.7,0.46620306
878.1,3858.9,-722.2,22.1,3.3885001,767.8,39.7,0.46606398
878.1,3859.6,0,0.7,3.3891148,768.1,39.7,0.46585535
881,3859.8,2.9,0.2,3.4004838,768.3,39.7,0.46571627
882.1,3860,1.1,0.2,3.404906,768.5,39.7,0.46557719
872.1,3860.5,-10,0.5,3.3667421,768.8,39.7,0.46536857
871.2,3860.6,-0.9,0.1,3.3633547,769,39.7,0.46522949
879.2,3860.4,8,-0.2,3.3940637,769.3,39.7,0.46502086
388.1,3875.6,-491.1,15.2,1.5041204,769.4,39.7,0.46495132
-108,3891.8,-496.1,16.2,-0.4203144,769.4,39.7,0.46495132
-103.1,3893,4.9,1.2,-0.4013683,769.3,39.7,0.46502086
-105.1,3894,-2,1,-0.4092594,769.3,39.7,0.46502086
-102,3894.8,3.1,0.8,-0.3972696,769.3,39.7,0.46502086
-105,3895.8,-3,1,-0.409059,769.2,39.7,0.4650904
-104.1,3896.5,0.9,0.7,-0.40562565,769.2,39.7,0.4650904
-104,3897.2,0.1,0.7,-0.4053088,769.2,39.7,0.4650904
-107.1,3897.9,-3.1,0.7,-0.41746509,769.1,39.7,0.46515994
53,3893.4,160.1,-4.5,0.2063502,769.2,39.7,0.4650904
49,3893.9,-4,0.5,0.1908011,769.2,39.7,0.4650904
-334,3906.3,-383,12.4,-1.3047042,769.1,39.7,0.46515994
-720,3919.2,-386,12.9,-2.821824,768.9,39.7,0.46529903
-721.1,3920.6,-1.1,1.4,-2.8271447,768.7,39.7,0.46543811
-720.1,3921.7,1,1.1,-2.8240162,768.5,39.7,0.46557719
-720.1,3922.8,0,1.1,-2.8248083,768.3,39.7,0.46571627
-725,3924,-4.9,1.2,-2.8449,768.1,39.7,0.46585535
-718,3924.8,7,0.8,-2.8180064,767.9,39.7,0.46599444
-896,3931.2,-178,6.4,-3.5223552,767.6,39.7,0.46620306
-1084,3938.1,-188,6.9,-4.2689004,767.3,39.7,0.46641168
-1083,3939.4,1,1.3,-4.2663702,767,39.7,0.46662031
-1086,3940.7,-3,1.3,-4.2796002,766.7,39.7,0.46682893
-1083.1,3941.7,2.9,1,-4.2692553,766.4,39.7,0.46703755
-1083,3942.8,0.1,1.1,-4.2700524,766.1,39.7,0.46724618
-1082.1,3943.8,0.9,1,-4.267586,765.8,39.7,0.4674548
-1078.1,3944.6,4,0.8,-4.2526733,765.5,39.7,0.46766342
-1080,3945.6,-1.9,1,-4.261248,765.2,39.7,0.46787204
-1078.1,3946.4,1.9,0.8,-4.2546138,764.9,39.7,0.46808067
1724,3860.2,2802.1,-86.2,6.6549848,765.4,39.7,0.46773296
1714.1,3857.1,-9.9,-3.1,6.6114551,765.9,39.7,0.46738526
1727.1,3854.3,13,-2.8,6.6567615,766.4,39.7,0.46703755
1717.1,3852.6,-10,-1.7,6.6152995,766.8,39.7,0.46675939
1719.1,3850.7,2,-1.9,6.6197384,767.3,39.7,0.46641168
1719.1,3849,0,-1.7,6.6168159,767.8,39.7,0.46606398
1717.1,3847.6,-2,-1.4,6.606714,768.3,39.7,0.46571627
1719,3846.1,1.9,-1.5,6.6114459,768.8,39.7,0.46536857
1722.1,3844.7,3.1,-1.4,6.6209579,769.2,39.8,0.4650904
877.1,3869.5,-845,24.8,3.3939384,769.5,39.8,0.46488178
30,3895.7,-847.1,26.2,0.116871,769.5,39.8,0.46488178
30,3896.8,0,1.1,0.116904,769.5,39.8,0.46488178
30,3897.5,0,0.7,0.116925,769.5,39.8,0.46488178
26,3898.2,-4,0.7,0.1013532,769.5,39.8,0.46488178
33,3898.5,7,0.3,0.1286505,769.5,39.8,0.46488178
33,3898.9,0,0.4,0.1286637,769.5,39.8,0.46488178
24,3899.5,-9,0.6,0.093588,769.5,39.8,0.46488178
27,3899.8,3,0.3,0.1052946,769.5,39.8,0.46488178
31,3900,4,0.2,0.1209,769.5,39.8,0.46488178
34,3900.1,3,0.1,0.1326034,769.6,39.8,0.46481224
29,3900.5,-5,0.4,0.1131145,769.6,39.8,0.46481224
28,3900.8,-1,0.3,0.1092224,769.6,39.8,0.46481224
32,3900.9,4,0.1,0.1248288,769.6,39.8,0.46481224
28,3901.3,-4,0.4,0.1092364,769.6,39.8,0.46481224
28,3901.5,0,0.2,0.109242,769.6,39.8,0.46481224
24,3901.8,-4,0.3,0.0936432,769.6,39.8,0.46481224
31,3901.8,7,0,0.1209558,769.6,39.8,0.46481224
27,3902.1,-4,0.3,0.1053567,769.6,39.8,0.46481224
29,3902.1,2,0,0.1131609,769.6,39.8,0.46481224
29,3902.4,0,0.3,0.1131696,769.6,39.8,0.46481224
30,3902.4,1,0,0.117072,769.6,39.8,0.46481224
30,3902.6,0,0.2,0.117078,769.7,39.8,0.4647427
25,3902.9,-5,0.3,0.0975725,769.7,39.8,0.4647427
27,3903,2,0.1,0.105381,769.7,39.8,0.4647427
31,3903,4,0,0.120993,769.7,39.7,0.4647427
30,3903.2,-1,0.2,0.117096,769.7,39.7,0.4647427
31,3903.2,1,0,0.1209992,769.7,39.7,0.4647427
36,3903.2,5,0,0.1405152,769.7,39.7,0.4647427
35,3903.4,-1,0.2,0.136619,769.7,39.7,0.4647427
30,3903.6,-5,0.2,0.117108,769.7,39.7,0.4647427
26,3903.9,-4,0.3,0.1015014,769.7,39.7,0.4647427
29,3903.9,3,0,0.1132131,769.7,39.7,0.4647427
31,3903.9,2,0,0.1210209,769.7,39.7,0.4647427
29,3904.1,-2,0.2,0.1132189,769.8,39.7,0.46467316
31,3904.1,2,0,0.1210271,769.8,39.7,0.46467316
30,3904.2,-1,0.1,0.117126,769.8,39.7,0.46467316
28,3904.4,-2,0.2,0.1093232,769.8,39.7,0.46467316
35,3904.3,7,-0.1,0.1366505,769.8,39.7,0.46467316
25,3904.6,-10,0.3,0.097615,769.8,39.7,0.46467316
30,3904.6,5,0,0.117138,769.8,39.7,0.46467316
25,3904.8,-5,0.2,0.09762,769.8,39.7,0.46467316
32,3904.7,7,-0.1,0.1249504,769.8,39.7,0.46467316
31,3904.8,-1,0.1,0.1210488,769.8,39.7,0.46467316
25,3905.1,-6,0.3,0.0976275,769.8,39.7,0.46467316
31,3904.9,6,-0.2,0.1210519,769.8,39.7,0.46467316
34,3904.9,3,0,0.1327666,769.9,39.7,0.46460362
26,3905.2,-8,0.3,0.1015352,769.9,39.7,0.46460362
33,3905,7,-0.2,0.128865,769.9,39.7,0.46460362
31,3905.2,-2,0.2,0.1210612,769.9,39.8,0.46460362
30,3905.3,-1,0.1,0.117159,769.9,39.7,0.46460362
22,3905.6,-8,0.3,0.0859232,769.9,39.7,0.46460362
31,3905.4,9,-0.2,0.1210674,769.9,39.7,0.46460362
28,3905.6,-3,0.2,0.1093568,769.9,39.7,0.46460362
29,3905.6,1,0,0.1132624,769.9,39.7,0.46460362
28,3905.6,-1,0,0.1093568,769.9,39.7,0.46460362
34,3905.6,6,0,0.1327904,769.9,39.7,0.46460362
22,3906,-12,0.4,0.085932,769.9,39.7,0.46460362
32,3905.7,10,-0.3,0.1249824,769.9,39.7,0.46460362
32,3905.8,0,0.1,0.1249856,770,39.7,0.46453408
35,3905.7,3,-0.1,0.1366995,770,39.7,0.46453408
29,3906,-6,0.3,0.113274,770,39.7,0.46453408
27,3906,-2,0,0.105462,770,39.7,0.46453408
24,3906.2,-3,0.2,0.0937488,770,39.7,0.46453408
30,3906.1,6,-0.1,0.117183,770,39.7,0.46453408
35,3906,5,-0.1,0.13671,770,39.7,0.46453408
39,3905.9,4,-0.1,0.1523301,770,39.7,0.46453408
29,3906.2,-10,0.3,0.1132798,770,39.7,0.46453408
29,3906.3,0,0.1,0.1132827,770,39.7,0.46453408
27,3906.4,-2,0.1,0.1054728,770,39.7,0.46453408
25,3906.5,-2,0.1,0.0976625,770,39.7,0.46453408
29,3906.4,4,-0.1,0.1132856,770.1,39.7,0.46446453
28,3906.5,-1,0.1,0.109382,770.1,39.7,0.46446453
35,3906.3,7,-0.2,0.1367205,770.1,39.7,0.46446453
32,3906.4,-3,0.1,0.1250048,770.1,39.7,0.46446453
29,3906.6,-3,0.2,0.1132914,770.1,39.7,0.46446453
27,3906.6,-2,0,0.1054782,770.1,39.7,0.46446453
31,3906.6,4,0,0.1211046,770.1,39.7,0.46446453
35,3906.5,4,-0.1,0.1367275,770.1,39.7,0.46446453
31,3906.6,-4,0.1,0.1211046,770.1,39.7,0.46446453
27,3906.8,-4,0.2,0.1054836,770.1,39.7,0.46446453
31,3906.7,4,-0.1,0.1211077,770.1,39.7,0.46446453
30,3906.8,-1,0.1,0.117204,770.1,39.7,0.46446453
26,3906.9,-4,0.1,0.1015794,770.2,39.7,0.46439499
27,3907,1,0.1,0.105489,770.2,39.7,0.46439499
34,3906.8,7,-0.2,0.1328312,770.2,39.7,0.46439499
32,3906.8,-2,0,0.1250176,770.2,39.7,0.46439499
29,3907,-3,0.2,0.113303,770.2,39.7,0.46439499
28,3907,-1,0,0.109396,770.2,39.7,0.46439499
26,3907.1,-2,0.1,0.1015846,770.2,39.7,0.46439499
27,3907.1,1,0,0.1054917,770.2,39.7,0.46439499
30,3907.1,3,0,0.117213,770.2,39.7,0.46439499
27,3907.2,-3,0.1,0.1054944,770.2,39.7,0.46439499
31,3907.1,4,-0.1,0.1211201,770.2,39.7,0.46439499
33,3907.1,2,0,0.1289343,770.2,39.7,0.46439499
30,3907.2,-3,0.1,0.117216,770.3,39.7,0.46432545
35,3907,5,-0.2,0.136745,770.3,39.7,0.46432545
31,3907.2,-4,0.2,0.1211232,770.3,39.7,0.46432545
29,3907.3,-2,0.1,0.1133117,770.3,39.7,0.46432545
34,3907.1,5,-0.2,0.1328414,770.3,39.7,0.46432545
26,3907.4,-8,0.3,0.1015924,770.3,39.7,0.46432545
35,3907.2,9,-0.2,0.136752,770.3,39.7,0.46432545
31,3907.3,-4,0.1,0.1211263,770.3,39.7,0.46432545
28,3907.4,-3,0.1,0.1094072,770.3,39.7,0.46432545
29,3907.4,1,0,0.1133146,770.3,39.7,0.46432545
25,3907.5,-4,0.1,0.0976875,770.3,39.7,0.46432545
27,3907.5,2,0,0.1055025,770.3,39.7,0.46432545
32,3907.4,5,-0.1,0.1250368,770.4,39.7,0.46425591
32,3907.4,0,0,0.1250368,770.4,39.7,0.46425591
22,3907.7,-10,0.3,0.0859694,770.4,39.7,0.46425591
29,3907.5,7,-0.2,0.1133175,770.4,39.7,0.46425591
29,3907.5,0,0,0.1133175,770.4,39.7,0.46425591
29,3907.6,0,0.1,0.1133204,770.4,39.7,0.46425591
25,3907.7,-4,0.1,0.0976925,770.4,39.7,0.46425591
22,3907.8,-3,0.1,0.0859716,770.4,39.7,0.46425591
30,3907.6,8,-0.2,0.117228,770.4,39.7,0.46425591
27,3907.7,-3,0.1,0.1055079,770.4,39.7,0.46425591
31,3907.6,4,-0.1,0.1211356,770.4,39.7,0.46425591
26,3907.8,-5,0.2,0.1016028,770.4,39.7,0.46425591
29,3907.7,3,-0.1,0.1133233,770.4,39.7,0.46425591
28,3907.8,-1,0.1,0.1094184,770.5,39.7,0.46418637
34,3907.6,6,-0.2,0.1328584,770.5,39.7,0.46418637
32,3907.7,-2,0.1,0.1250464,770.5,39.7,0.46418637
27,3907.8,-5,0.1,0.1055106,770.5,39.7,0.46418637
1198,3871.6,1171,-36.2,4.6381768,770.8,39.7,0.46397775
1203.1,3869.8,5.1,-1.8,4.6557564,771.1,39.7,0.46376912
1200.2,3868.5,-2.9,-1.3,4.6429737,771.5,39.7,0.46349096
1204.1,3867.2,3.9,-1.3,4.6564955,771.8,39.7,0.46328234
1193.1,3866.5,-11,-0.7,4.6131211,772.1,39.7,0.46307371
2471,3826,1277.9,-40.5,9.454046,772.8,39.7,0.46258693
2471.1,3823.3,0.1,-2.7,9.4477566,773.5,39.7,0.46210014
2468.3,3821,-2.8,-2.3,9.4313743,774.2,39.7,0.46161335
2473.1,3818.8,4.8,-2.2,9.4442743,774.9,39.7,0.46112656
2470.1,3817,-3,-1.8,9.4283717,775.6,39.7,0.46063978
2469.1,3815.2,-1,-1.8,9.4201103,776.3,39.7,0.46015299
2473.1,3813.4,4,-1.8,9.4309195,777,39.7,0.4596662
2467.1,3812,-6,-1.4,9.4045852,777.6,39.7,0.45924896
2468.1,3810.4,1,-1.6,9.4044482,778.3,39.7,0.45876217
596.1,3866.8,-1872,56.4,2.3049995,778.5,39.7,0.45862309
594.1,3868.1,-2,1.3,2.2980382,778.7,39.7,0.45848401
588.1,3869,-6,0.9,2.2753589,778.8,39.7,0.45841446
596.1,3869.3,8,0.3,2.3064897,779,39.7,0.45827538
622,3868.8,25.9,-0.5,2.4063936,779.2,39.7,0.4581363
618.1,3869.3,-3.9,0.5,2.3916143,779.3,39.7,0.45806676
626.1,3869.2,8,-0.1,2.4225061,779.5,39.7,0.45792768
616.2,3869.7,-9.9,0.5,2.3845091,779.7,39.7,0.4577886
621,3869.7,4.8,0,2.4030837,779.8,39.7,0.45771905
622.1,3869.7,1.1,0,2.4073404,780,39.7,0.45757997
620.2,3869.9,-1.9,0.2,2.400112,780.2,39.7,0.45744089
626.1,3869.8,5.9,-0.1,2.4228818,780.4,39.7,0.45730181
622.2,3869.9,-3.9,0.1,2.4078518,780.5,39.7,0.45723227
620.1,3870.1,-2.1,0.2,2.399849,780.7,39.7,0.45709318
765.1,3865.6,145,-4.5,2.9575706,780.9,39.7,0.4569541
769.1,3865.3,4,-0.3,2.9728022,781.1,39.7,0.45681502
764.1,3865.3,-5,0,2.9534757,781.3,39.7,0.45667594
111.2,3885.4,-652.9,20.1,0.43205648,781.4,39.7,0.4566064
-536,3906.4,-647.2,21,-2.0938304,781.2,39.7,0.45674548
-541,3908.2,-5,1.8,-2.1143362,781.1,39.7,0.45681502
-535,3909.3,6,1.1,-2.0914755,780.9,39.7,0.4569541
-540,3910.6,-5,1.3,-2.111724,780.8,39.7,0.45702364
-535.1,3911.4,4.9,0.8,-2.0929901,780.6,39.7,0.45716273
2355,3822.8,2890.1,-88.6,9.002694,781.3,39.7,0.45667594
2348.1,3819.7,-6.9,-3.1,8.9690376,781.9,39.7,0.45625869
2349.1,3817.2,1,-2.5,8.9669845,782.6,39.7,0.45577191
2348.1,3815.2,-1,-2,8.9584711,783.2,39.7,0.45535466
2345.2,3813.5,-2.9,-1.7,8.9434202,783.9,39.7,0.45486787
2351.1,3811.7,5.9,-1.8,8.9616879,784.5,39.7,0.45445063
1224.2,3845,-1126.9,33.3,4.707049,784.9,39.7,0.45417246
87,3880.3,-1137.2,35.3,0.3375861,784.9,39.7,0.45417246
89,3881.8,2,1.5,0.3454802,784.9,39.7,0.45417246
329.1,3875.4,240.1,-6.4,1.2753941,785,39.7,0.45410292
332.1,3875.8,3,0.4,1.2871532,785.1,39.7,0.45403338
329.1,3876.4,-3,0.6,1.2757232,785.2,39.7,0.45396384
716.1,3864.8,387,-11.6,2.7675833,785.4,39.7,0.45382476
1094.1,3852.9,378,-11.9,4.2154579,785.7,39.7,0.45361613
1101.1,3852.1,7,-0.8,4.2415473,786,39.7,0.45340751
1097.1,3851.7,-4,-0.4,4.2257001,786.3,39.7,0.45319889
1094.1,3851.3,-3,-0.4,4.2137073,786.6,39.7,0.45299026
1095,3850.9,0.9,-0.4,4.2167355,786.9,39.7,0.45278164
1094.1,3850.6,-0.9,-0.3,4.2129415,787.2,39.7,0.45257302
1100.1,3850.1,6,-0.5,4.235495,787.5,39.7,0.45236439
-969,3913.9,-2069.1,63.8,-3.7925691,787.3,39.7,0.45250348
-967.1,3916.5,1.9,2.6,-3.7876471,787,39.7,0.4527121
1176,3852.1,2143.1,-64.4,4.5300696,787.3,39.7,0.45250348
1172.1,3850.8,-3.9,-1.3,4.5135227,787.7,39.7,0.45222531
1170.1,3850,-2,-0.8,4.504885,788,39.7,0.45201669
663.1,3865,-507,15,2.5628815,788.2,39.7,0.45187761
660.1,3865.2,-3,0.2,2.5514185,788.3,39.7,0.45180807
663.1,3865.2,3,0,2.5630141,788.5,39.7,0.45166898
661.2,3865.2,-1.9,0,2.5556702,788.7,39.7,0.4515299
666.1,3865.1,4.9,-0.1,2.5745431,788.9,39.7,0.45139082
660.1,3865.3,-6,0.2,2.5514845,789.1,39.7,0.45125174
664.1,3865.1,4,-0.2,2.5668129,789.3,39.8,0.45111266
662.2,3865.2,-1.9,0.1,2.5595354,789.5,39.8,0.45097357
662.1,3865.2,-0.1,0,2.5591489,789.6,39.8,0.45090403
647.1,3865.6,-15,0.4,2.5014298,789.8,39.8,0.45076495
634.1,3866,-13,0.4,2.4514306,790,39.8,0.45062587
638.1,3865.9,4,-0.1,2.4668308,790.2,39.8,0.45048679
633.1,3866,-5,0.1,2.4475646,790.3,39.8,0.45041725
637.1,3865.9,4,-0.1,2.4629649,790.5,39.8,0.45027816
633.1,3866.1,-4,0.2,2.4476279,790.7,39.8,0.45013908
1320.1,3844.8,687,-21.3,5.0755205,791.1,39.8,0.44986092
1317.1,3843.9,-3,-0.9,5.0628007,791.4,39.7,0.44965229
1309.2,3843.4,-7.9,-0.5,5.0317793,791.8,39.7,0.44937413
1318.1,3842.4,8.9,-1,5.0646674,792.2,39.7,0.44909597
1319.1,3841.8,1,-0.6,5.0677184,792.5,39.7,0.44888734
1314.1,3841.4,-5,-0.4,5.0479837,792.9,39.7,0.44860918
1315.1,3840.8,1,-0.6,5.0510361,793.3,39.7,0.44833102
1327,3839.9,11.9,-0.9,5.0955473,793.6,39.7,0.44812239
1316.1,3839.8,-10.9,-0.1,5.0535608,794,39.7,0.44784423
194.1,3874,-1122,34.2,0.7519434,794,39.7,0.44784423
198,3875,3.9,1,0.76725,794.1,39.7,0.44777469
195.1,3875.9,-2.9,0.9,0.75618809,794.2,39.7,0.44770515
201.1,3876.4,6,0.5,0.77954404,794.2,39.7,0.44770515
198.1,3877.1,-3,0.7,0.76805351,794.3,39.7,0.44763561
192.2,3877.8,-5.9,0.7,0.74531316,794.3,39.7,0.44763561
194.1,3878.2,1.9,0.4,0.75275862,794.4,39.7,0.44756606
199.1,3878.4,5,0.2,0.77218944,794.4,39.7,0.44756606
198,3878.9,-1.1,0.5,0.7680222,794.5,39.7,0.44749652
-793,3910.1,-991,31.2,-3.1007093,794.3,39.7,0.44763561
-798,3912,-5,1.9,-3.121776,794,39.7,0.44784423
-245.2,3896.3,552.8,-15.7,-0.95537276,794,39.7,0.44784423
312,3879.4,557.2,-16.9,1.2103728,794.1,39.7,0.44777469
316.1,3879,4.1,-0.4,1.2261519,794.1,39.7,0.44777469
263.1,3880.6,-53,1.6,1.0209859,794.2,39.7,0.44770515
272.1,3880.4,9,-0.2,1.0558568,794.3,39.7,0.44763561
269.1,3880.5,-3,0.1,1.0442426,794.4,39.7,0.44756606
265.3,3880.8,-3.8,0.3,1.0295762,794.4,39.7,0.44756606
266.1,3880.8,0.8,0,1.0326809,794.5,39.7,0.44749652
1361.1,3847,1095,-33.8,5.2361517,794.9,39.7,0.44721836
1365.1,3845.5,4,-1.5,5.249492,795.3,39.7,0.44694019
1361.2,3844.5,-3.9,-1,5.2331334,795.7,39.7,0.44666203
1364,3843.5,2.8,-1,5.242534,796,39.7,0.44645341
1363.2,3842.6,-0.8,-0.9,5.2382323,796.4,39.7,0.44617524
1367.1,3841.7,3.9,-0.9,5.2519881,796.8,39.7,0.44589708
1368.1,3841,1,-0.7,5.2548721,797.2,39.7,0.44561892
1361.1,3840.5,-7,-0.5,5.2273046,797.6,39.7,0.44534075
1368.2,3839.6,7.1,-0.9,5.2533407,797.9,39.7,0.44513213
2218,3812.8,849.8,-26.8,8.4567904,798.5,39.7,0.44471488
2222.1,3810.8,4.1,-2,8.4679787,799.2,39.7,0.44422809
2220,3809.5,-2.1,-1.3,8.45709,799.8,39.7,0.44381085
2219,3808.2,-1,-1.3,8.4503958,800.4,39.7,0.4433936
1803.1,3819.8,-415.9,11.6,6.8874814,800.9,39.7,0.4430459
1387.1,3832.1,-416,12.3,5.3155059,801.3,39.7,0.44276773
1391.1,3831.8,4,-0.3,5.330417,801.7,39.7,0.44248957
1387.1,3831.7,-4,-0.1,5.3149511,802.1,39.7,0.4422114
1389,3831.4,1.9,-0.3,5.3218146,802.4,39.7,0.44200278
1103.2,3839.9,-285.8,8.5,4.2361777,802.7,39.7,0.44179416
819.2,3848.8,-284,8.9,3.152937,803,39.7,0.44158554
821.1,3849.1,1.9,0.3,3.160496,803.2,39.7,0.44144645
816.2,3849.5,-4.9,0.4,3.1419619,803.4,39.7,0.44130737
819.1,3849.7,2.9,0.2,3.1532893,803.7,39.7,0.44109875
822.1,3849.7,3,0,3.1648384,803.9,39.7,0.44095967
814.1,3850.1,-8,0.4,3.1343664,804.1,39.7,0.44082058
816.1,3850.1,2,0,3.1420666,804.3,39.7,0.4406815
818.1,3850.1,2,0,3.1497668,804.6,39.7,0.44047288
1573,3826.9,754.9,-23.2,6.0197137,805,39.7,0.44019471
1577.1,3825.8,4.1,-1.1,6.0336692,805.4,39.7,0.43991655
1584.1,3824.8,7,-1,6.0588657,805.9,39.7,0.43956885
1584.1,3824.1,0,-0.7,6.0577568,806.3,39.7,0.43929068
1533.1,3825.1,-51,1,5.8642608,806.7,39.7,0.43901252
1527.1,3824.8,-6,-0.3,5.8408521,807.2,39.7,0.43866481
-119,3875.4,-1646.1,50.6,-0.4611726,807.1,39.7,0.43873435
-115.1,3877,3.9,1.6,-0.4462427,807.1,39.7,0.43873435
-113.1,3878.3,2,1.3,-0.43863573,807.1,39.7,0.43873435
-115.1,3879.5,-2,1.2,-0.44653045,807,39.7,0.43880389
-115.1,3880.5,0,1,-0.44664555,807,39.7,0.43880389
-116,3881.4,-0.9,0.9,-0.4502424,807,39.7,0.43880389
-112.1,3882.1,3.9,0.7,-0.43518341,806.9,39.7,0.43887344
-113.1,3882.9,-1,0.8,-0.43915599,806.9,39.7,0.43887344
1115.1,3845.5,1228.2,-37.4,4.288117,807.2,39.7,0.43866481
1109.2,3844.7,-5.9,-0.8,4.2645412,807.5,39.7,0.43845619
1111.1,3843.9,1.9,-0.8,4.2709573,807.8,39.7,0.43824757
1113.1,3843.3,2,-0.6,4.2779772,808.2,39.7,0.4379694
1116.2,3842.7,3.1,-0.6,4.2892217,808.5,39.7,0.43776078
1116.2,3842.3,0,-0.4,4.2887753,808.8,39.7,0.43755216
1114.1,3842,-2.1,-0.3,4.2803722,809.1,39.7,0.43734353
1109.2,3841.8,-4.9,-0.2,4.2613246,809.4,39.7,0.43713491
1113.1,3841.3,3.9,-0.5,4.275751,809.7,39.7,0.43692629
-359,3886.6,-1472.1,45.3,-1.3952894,809.6,39.7,0.43699583
-354,3888.2,5,1.6,-1.3764228,809.5,39.7,0.43706537
-364.1,3889.9,-10.1,1.7,-1.4163126,809.4,39.7,0.43713491
-362,3890.9,2.1,1,-1.4085058,809.3,39.7,0.43720445
-367,3892.1,-5,1.2,-1.4284007,809.2,39.7,0.43727399
399.1,3869.2,766.1,-22.9,1.5441977,809.3,39.7,0.43720445
393.1,3869.2,-6,0,1.5209825,809.4,39.7,0.43713491
2061.9,3817.5,1668.8,-51.7,7.8713033,810,39.7,0.43671766
2064,3815.2,2.1,-2.3,7.8745728,810.6,39.7,0.43630042
2060.1,3813.6,-3.9,-1.6,7.8563974,811.1,39.7,0.43595271
2059,3812.1,-1.1,-1.5,7.8491139,811.7,39.7,0.43553547
2067,3810.6,8,-1.5,7.8765102,812.3,39.7,0.43511822
884.3,3845.8,-1182.7,35.2,3.4008409,812.5,39.7,0.43497914
884.2,3846.3,-0.1,0.5,3.4008985,812.8,39.7,0.43477051
887.1,3846.5,2.9,0.2,3.4122301,813,39.7,0.43463143
883.1,3846.7,-4,0.2,3.3970208,813.3,39.7,0.43442281
880.2,3846.7,-2.9,0,3.3858653,813.5,39.7,0.43428373
888.1,3846.5,7.9,-0.2,3.4160766,813.8,39.7,0.4340751
884.1,3846.6,-4,0.1,3.4007791,814,39.7,0.43393602
886.1,3846.5,2,-0.1,3.4083836,814.2,39.7,0.43379694
857.2,3847.4,-28.9,0.9,3.2979913,814.5,39.7,0.43358832
819.1,3848.5,-38.1,1.1,3.1523064,814.7,39.7,0.43344924
824.1,3848.4,5,-0.1,3.1714664,814.9,39.7,0.43331015
819.2,3848.6,-4.9,0.2,3.1527731,815.2,39.7,0.43310153
434.1,3860.5,-385.1,11.9,1.675843,815.3,39.7,0.43303199
29,3873.5,-405.1,13,0.1123315,815.3,39.7,0.43303199
36,3874.3,7,0.8,0.1394748,815.3,39.7,0.43303199
33,3875.1,-3,0.8,0.1278783,815.3,39.7,0.43303199
30,3875.9,-3,0.8,0.116277,815.3,39.7,0.43303199
33,3876.4,3,0.5,0.1279212,815.3,39.7,0.43303199
29,3877.1,-4,0.7,0.1124359,815.3,39.7,0.43303199
25,3877.8,-4,0.7,0.096945,815.3,39.7,0.43303199
26,3878.2,1,0.4,0.1008332,815.4,39.7,0.43296245
30,3878.6,4,0.4,0.116358,815.4,39.7,0.43296245
29,3879.1,-1,0.5,0.1124939,815.4,39.7,0.43296245
26,3879.6,-3,0.5,0.1008696,815.4,39.7,0.43296245
25,3880.1,-1,0.5,0.0970025,815.4,39.7,0.43296245
30,3880.3,5,0.2,0.116409,815.4,39.7,0.43296245
28,3880.8,-2,0.5,0.1086624,815.4,39.7,0.43296245
28,3881.2,0,0.4,0.1086736,815.4,39.7,0.43296245
26,3881.6,-2,0.4,0.1009216,815.4,39.7,0.43296245
31,3881.8,5,0.2,0.1203358,815.4,39.7,0.43296245
31,3882.1,0,0.3,0.1203451,815.4,39.7,0.43296245
28,3882.5,-3,0.4,0.10871,815.4,39.7,0.43296245
31,3882.7,3,0.2,0.1203637,815.5,39.7,0.43289291
33,3882.9,2,0.2,0.1281357,815.5,39.7,0.43289291
33,3883.2,0,0.3,0.1281456,815.5,39.7,0.43289291
34,3883.5,1,0.3,0.132039,815.5,39.7,0.43289291
30,3883.8,-4,0.3,0.116514,815.5,39.7,0.43289291
29,3884.1,-1,0.3,0.1126389,815.5,39.7,0.43289291
28,3884.4,-1,0.3,0.1087632,815.5,39.7,0.43289291
28,3884.7,0,0.3,0.1087716,815.5,39.7,0.43289291
26,3885,-2,0.3,0.10101,815.5,39.7,0.43289291
34,3884.9,8,-0.1,0.1320866,815.5,39.7,0.43289291
30,3885.3,-4,0.4,0.116559,815.5,39.7,0.43289291
31,3885.5,1,0.2,0.1204505,815.5,39.7,0.43289291
23,3886,-8,0.5,0.089378,815.6,39.7,0.43282337
30,3885.9,7,-0.1,0.116577,815.6,39.7,0.43282337
28,3886.2,-2,0.3,0.1088136,815.6,39.7,0.43282337
29,3886.3,1,0.1,0.1127027,815.6,39.7,0.43282337
27,3886.6,-2,0.3,0.1049382,815.6,39.7,0.43282337
34,3886.5,7,-0.1,0.132141,815.6,39.7,0.43282337
32,3886.8,-2,0.3,0.1243776,815.6,39.7,0.43282337
33,3886.9,1,0.1,0.1282677,815.6,39.7,0.43282337
35,3887,2,0.1,0.136045,815.6,39.7,0.43282337
34,3887.2,-1,0.2,0.1321648,815.6,39.7,0.43282337
31,3887.5,-3,0.3,0.1205125,815.6,39.7,0.43282337
30,3887.6,-1,0.1,0.116628,815.6,39.7,0.43282337
33,3887.7,3,0.1,0.1282941,815.7,39.7,0.43275382
33,3887.8,0,0.1,0.1282974,815.7,39.7,0.43275382
31,3888.1,-2,0.3,0.1205311,815.7,39.7,0.43275382
30,3888.2,-1,0.1,0.116646,815.7,39.7,0.43275382
27,3888.5,-3,0.3,0.1049895,815.7,39.7,0.43275382
27,3888.6,0,0.1,0.1049922,815.7,39.7,0.43275382
33,3888.5,6,-0.1,0.1283205,815.7,39.7,0.43275382
30,3888.8,-3,0.3,0.116664,815.7,39.7,0.43275382
26,3889,-4,0.2,0.101114,815.7,39.7,0.43275382
25,3889.2,-1,0.2,0.09723,815.7,39.7,0.43275382
27,3889.3,2,0.1,0.1050111,815.7,39.7,0.43275382
26,3889.4,-1,0.1,0.1011244,815.7,39.7,0.43275382
25,3889.5,-1,0.1,0.0972375,815.8,39.7,0.43268428
30,3889.5,5,0,0.116685,815.8,39.7,0.43268428
32,3889.5,2,0,0.124464,815.8,39.7,0.43268428
27,3889.8,-5,0.3,0.1050246,815.8,39.7,0.43268428
30,3889.8,3,0,0.116694,815.8,39.7,0.43268428
27,3890,-3,0.2,0.10503,815.8,39.7,0.43268428
27,3890.1,0,0.1,0.1050327,815.8,39.7,0.43268428
27,3890.2,0,0.1,0.1050354,815.8,39.7,0.43268428
30,3890.2,3,0,0.116706,815.8,39.7,0.43268428
34,3890.2,4,0,0.1322668,815.8,39.7,0.43268428
27,3890.5,-7,0.3,0.1050435,815.8,39.7,0.43268428
28,3890.6,1,0.1,0.1089368,815.8,39.7,0.43268428
32,3890.5,4,-0.1,0.124496,815.8,39.7,0.43268428
30,3890.7,-2,0.2,0.116721,815.9,39.7,0.43261474
28,3890.8,-2,0.1,0.1089424,815.9,39.7,0.43261474
28,3890.9,0,0.1,0.1089452,815.9,39.7,0.43261474
32,3890.9,4,0,0.1245088,815.9,39.7,0.43261474
36,3890.8,4,-0.1,0.1400688,815.9,39.7,0.43261474
30,3891.1,-6,0.3,0.116733,815.9,39.7,0.43261474
36,3891,6,-0.1,0.140076,815.9,39.7,0.43261474
29,3891.3,-7,0.3,0.1128477,815.9,39.7,0.43261474
28,3891.4,-1,0.1,0.1089592,815.9,39.7,0.43261474
29,3891.4,1,0,0.1128506,815.9,39.7,0.43261474
32,3891.4,3,0,0.1245248,815.9,39.7,0.43261474
32,3891.5,0,0.1,0.124528,816,39.7,0.4325452
37,3891.4,5,-0.1,0.1439818,816,39.7,0.4325452
27,3891.7,-10,0.3,0.1050759,816,39.7,0.4325452
32,3891.6,5,-0.1,0.1245312,816,39.7,0.4325452
29,3891.8,-3,0.2,0.1128622,816,39.7,0.4325452
30,3891.9,1,0.1,0.116757,816,39.7,0.4325452
33,3891.8,3,-0.1,0.1284294,816,39.7,0.4325452
29,3892,-4,0.2,0.112868,816,39.7,0.4325452
174.1,3887.6,145.1,-4.4,0.67683116,816.1,39.7,0.43247566
180.1,3887.3,6,-0.3,0.70010273,816.1,39.7,0.43247566
169.2,3887.5,-10.9,0.2,0.657765,816.2,39.7,0.43240612
176.1,3887.2,6.9,-0.3,0.68453592,816.2,39.7,0.43240612
155.1,3887.8,-21,0.6,0.60299778,816.2,39.7,0.43240612
148.2,3888,-6.9,0.2,0.5762016,816.3,39.7,0.43233658
155.1,3887.7,6.9,-0.3,0.60298227,816.3,39.7,0.43233658
148.2,3887.9,-6.9,0.2,0.57618678,816.4,39.7,0.43226704
154.1,3887.7,5.9,-0.2,0.59909457,816.4,39.7,0.43226704
150.1,3887.8,-4,0.1,0.58355878,816.5,39.7,0.4321975
147.1,3887.9,-3,0.1,0.57191009,816.5,39.7,0.4321975
148.2,3887.9,1.1,0,0.57618678,816.5,39.7,0.4321975
764.1,3868.8,615.9,-19.1,2.9561501,816.8,39.7,0.43198887
1371,3849.2,606.9,-19.6,5.2772532,817.1,39.7,0.43178025
1373.1,3847.6,2.1,-1.6,5.2831396,817.5,39.7,0.43150209
1372.2,3846.4,-0.9,-1.2,5.2780301,817.9,39.7,0.43122392
309.2,3878,-1063,31.6,1.1990776,818,39.7,0.43115438
-755,3911.5,-1064.2,33.5,-2.9531825,817.8,39.7,0.43129346
-759,3913.4,-4,1.9,-2.9702706,817.6,39.7,0.43143255
-753.1,3914.5,5.9,1.1,-2.9480099,817.4,39.7,0.43157163
-756.1,3915.7,-3,1.2,-2.9606608,817.1,39.7,0.43178025
793.1,3868.6,1549.2,-47.1,3.0681867,817.4,39.7,0.43157163
796.2,3867.2,3.1,-1.4,3.0790646,817.6,39.7,0.43143255
791.1,3866.4,-5.1,-0.8,3.058709,817.8,39.7,0.43129346
792.1,3865.7,1,-0.7,3.062021,818,39.7,0.43115438
794.2,3865,2.1,-0.7,3.069583,818.2,39.7,0.4310153
790.2,3864.5,-4,-0.5,3.0537279,818.5,39.7,0.43080668
786.1,3864.1,-4.1,-0.4,3.037569,818.7,39.7,0.43066759
-86,3890.7,-872.1,26.6,-0.3346002,818.7,39.7,0.43066759
-966,3918.7,-880,28,-3.7854642,818.4,39.7,0.43087622
-968.1,3920.6,-2.1,1.9,-3.7955329,818.1,39.7,0.43108484
-966.1,3921.9,2,1.3,-3.7889476,817.9,39.7,0.43122392
-968,3923.2,-1.9,1.3,-3.7976576,817.6,39.7,0.43143255
-855,3920.9,113,-2.3,-3.3523695,817.3,39.7,0.43164117
-739.1,3918.1,115.9,-2.8,-2.8958677,817.1,39.7,0.43178025
-741,3918.9,-1.9,0.8,-2.9039049,816.9,39.7,0.43191933
-736.1,3919.3,4.9,0.4,-2.8849967,816.7,39.7,0.43205841
-737.1,3920,-1,0.7,-2.889432,816.5,39.7,0.4321975
-743,3920.8,-5.9,0.8,-2.9131544,816.3,39.7,0.43233658
-737.1,3921.3,5.9,0.5,-2.8903902,816.1,39.7,0.43247566
-738,3921.8,-0.9,0.5,-2.8942884,815.9,39.7,0.43261474
-742,3922.5,-4,0.7,-2.910495,815.7,39.7,0.43275382
-741,3923,1,0.5,-2.906943,815.5,39.7,0.43289291
1208,3863.1,1949,-59.9,4.6666248,815.8,39.7,0.43268428
1205.2,3861,-2.8,-2.1,4.6532772,816.2,39.7,0.43240612
1206.1,3859.2,0.9,-1.8,4.6545811,816.5,39.7,0.4321975
1209.1,3857.8,3,-1.4,4.664466,816.8,39.7,0.43198887
1201.2,3856.8,-7.9,-1,4.6327882,817.2,39.7,0.43171071
1207.2,3855.5,6,-1.3,4.6543596,817.5,39.7,0.43150209
1209.1,3854.4,1.9,-1.1,4.660355,817.8,39.7,0.43129346
1207.2,3853.5,-1.9,-0.9,4.6519452,818.2,39.7,0.4310153
1204.2,3852.6,-3,-0.9,4.6393009,818.5,39.7,0.43080668
1204.2,3851.8,0,-0.8,4.6383376,818.8,39.7,0.43059805
245.2,3880.5,-959,28.7,0.9514986,818.9,39.7,0.43052851
-712.9,3910.8,-958.1,30.3,-2.7880093,818.7,39.7,0.43066759
-712,3912.5,0.9,1.7,-2.7857,818.5,39.7,0.43080668
-711,3913.7,1,1.2,-2.7826407,818.3,39.7,0.43094576
-714.1,3914.8,-3.1,1.1,-2.7955587,818.1,39.7,0.43108484
-715.1,3915.8,-1,1,-2.8001886,817.9,39.7,0.43122392
453,3880.4,1168.1,-35.4,1.7578212,818.1,39.7,0.43108484
457.1,3879.4,4.1,-1,1.7732737,818.2,39.7,0.4310153
451.2,3879,-5.9,-0.4,1.7502048,818.3,39.7,0.43094576
454.1,3878.5,2.9,-0.5,1.7612268,818.4,39.7,0.43087622
456.1,3878.1,2,-0.4,1.7688014,818.6,39.7,0.43073713
451.2,3877.9,-4.9,-0.2,1.7497085,818.7,39.7,0.43066759
457.1,3877.5,5.9,-0.4,1.7724053,818.8,39.7,0.43059805
663,3870.8,205.9,-6.7,2.5663404,819,39.7,0.43045897
669.1,3870.1,6.1,-0.7,2.5894839,819.2,39.7,0.43031989
666.1,3869.7,-3,-0.4,2.5776072,819.4,39.7,0.43018081
661.1,3869.4,-5,-0.3,2.5580603,819.5,39.7,0.43011127
662.1,3868.9,1,-0.5,2.5615987,819.7,39.7,0.42997218
665.1,3868.5,3,-0.4,2.5729393,819.9,39.7,0.4298331
1289.1,3848.9,624,-19.6,4.961617,820.3,39.7,0.42955494
1916,3828.4,626.9,-20.5,7.3352144,820.8,39.7,0.42920723
1924.1,3826.3,8.1,-2.1,7.3621838,821.3,39.7,0.42885953
2019,3821.8,94.9,-4.5,7.7162142,821.9,39.7,0.42844228
2112,3817.3,93,-4.5,8.0621376,822.5,39.7,0.42802503
2112.1,3815.8,0.1,-1.5,8.0593512,823.1,39.7,0.42760779
2116,3814.2,3.9,-1.6,8.0708472,823.7,39.7,0.42719054
2115.1,3813,-0.9,-1.2,8.0648763,824.3,39.7,0.4267733
2114.1,3811.7,-1,-1.3,8.058315,824.8,39.7,0.42642559
2111.1,3810.5,-3,-1.2,8.0443466,825.4,39.7,0.42600834
2115.1,3809.2,4,-1.3,8.0568389,826,39.7,0.4255911
2113.1,3808.2,-2,-1,8.0471074,826.6,39.7,0.42517385
2463.1,3796.3,350,-11.9,9.3506665,827.3,39.7,0.42468707
2459,3795,-4.1,-1.3,9.331905,828,39.7,0.42420028
2463.1,3793.4,4.1,-1.6,9.3435235,828.7,39.7,0.42371349
2461.1,3792.2,-2,-1.2,9.3329834,829.3,39.7,0.42329624
2470,3790.8,8.9,-1.4,9.363276,830,39.7,0.42280946
2463.1,3789.8,-6.9,-1,9.3346564,830.7,39.7,0.42232267
-895.1,3892.4,-3358.2,102.6,-3.4840872,830.5,39.7,0.42246175
-891,3895.8,4.1,3.4,-3.4711578,830.2,39.7,0.42267038
-892,3898.3,-1,2.5,-3.4772836,830,39.7,0.42280946
-896,3900.6,-4,2.3,-3.4949376,829.7,39.7,0.42301808
-889,3902.1,7,1.5,-3.4689669,829.5,39.7,0.42315716
1977.1,3815.2,2866.1,-86.9,7.5430319,830,39.7,0.42280946
1001.2,3842.8,-975.9,27.6,3.8474114,830.3,39.7,0.42260083
18,3872.9,-983.2,30.1,0.0697122,830.3,39.7,0.42260083
16,3873.9,-2,1,0.0619824,830.3,39.7,0.42260083
12,3874.8,-4,0.9,0.0464976,830.3,39.7,0.42260083
20,3875.2,8,0.4,0.077504,830.3,39.7,0.42260083
14,3876,-6,0.8,0.054264,830.3,39.7,0.42260083
19,3876.4,5,0.4,0.0736516,830.3,39.7,0.42260083
16,3877,-3,0.6,0.062032,830.3,39.7,0.42260083
20,3877.4,4,0.4,0.077548,830.3,39.7,0.42260083
20,3877.9,0,0.5,0.077558,830.3,39.7,0.42260083
17,3878.4,-3,0.5,0.0659328,830.3,39.7,0.42260083
18,3878.8,1,0.4,0.0698184,830.3,39.7,0.42260083
19,3879.1,1,0.3,0.0737029,830.4,39.7,0.42253129
17,3879.6,-2,0.5,0.0659532,830.4,39.7,0.42253129
22,3879.8,5,0.2,0.0853556,830.4,39.7,0.42253129
14,3880.4,-8,0.6,0.0543256,830.4,39.7,0.42253129
21,3880.5,7,0.1,0.0814905,830.4,39.7,0.42253129
18,3880.9,-3,0.4,0.0698562,830.4,39.7,0.42253129
17,3881.3,-1,0.4,0.0659821,830.4,39.7,0.42253129
15,3881.6,-2,0.3,0.058224,830.4,39.7,0.42253129
17,3881.8,2,0.2,0.0659906,830.4,39.7,0.42253129
15,3882.2,-2,0.4,0.058233,830.4,39.7,0.42253129
21,3882.3,6,0.1,0.0815283,830.4,39.7,0.42253129
17,3882.6,-4,0.3,0.0660042,830.4,39.7,0.42253129
20,3882.8,3,0.2,0.077656,830.4,39.7,0.42253129
15,3883.2,-5,0.4,0.058248,830.4,39.7,0.42253129
21,3883.3,6,0.1,0.0815493,830.4,39.7,0.42253129
13,3883.7,-8,0.4,0.0504881,830.4,39.7,0.42253129
18,3883.8,5,0.1,0.0699084,830.4,39.7,0.42253129
15,3884.1,-3,0.3,0.0582615,830.4,39.7,0.42253129
19,3884.2,4,0.1,0.0737998,830.4,39.7,0.42253129
15,3884.5,-4,0.3,0.0582675,830.4,39.7,0.42253129
19,3884.6,4,0.1,0.0738074,830.4,39.7,0.42253129
17,3884.9,-2,0.3,0.0660433,830.5,39.7,0.42246175
15,3885.1,-2,0.2,0.0582765,830.5,39.7,0.42246175
21,3885.1,6,0,0.0815871,830.5,39.7,0.42246175
19,3885.4,-2,0.3,0.0738226,830.5,39.7,0.42246175
12,3885.7,-7,0.3,0.0466284,830.5,39.7,0.42246175
18,3885.7,6,0,0.0699426,830.5,39.7,0.42246175
18,3885.9,0,0.2,0.0699462,830.5,39.7,0.42246175
16,3886.1,-2,0.2,0.0621776,830.5,39.7,0.42246175
15,3886.3,-1,0.2,0.0582945,830.5,39.7,0.42246175
14,3886.5,-1,0.2,0.054411,830.5,39.7,0.42246175
20,3886.4,6,-0.1,0.077728,830.5,39.7,0.42246175
13,3886.8,-7,0.4,0.0505284,830.5,39.7,0.42246175
21,3886.7,8,-0.1,0.0816207,830.5,39.7,0.42246175
17,3886.9,-4,0.2,0.0660773,830.5,39.7,0.42246175
18,3887,1,0.1,0.069966,830.5,39.7,0.42246175
23,3887,5,0,0.089401,830.5,39.7,0.42246175
20,3887.2,-3,0.2,0.077744,830.5,39.7,0.42246175
19,3887.3,-1,0.1,0.0738587,830.5,39.7,0.42246175
13,3887.7,-6,0.4,0.0505401,830.5,39.7,0.42246175
21,3887.5,8,-0.2,0.0816375,830.5,39.7,0.42246175
17,3887.8,-4,0.3,0.0660926,830.5,39.7,0.42246175
19,3887.8,2,0,0.0738682,830.6,39.7,0.42239221
21,3887.8,2,0,0.0816438,830.6,39.7,0.42239221
19,3888,-2,0.2,0.073872,830.6,39.7,0.42239221
15,3888.2,-4,0.2,0.058323,830.6,39.7,0.42239221
13,3888.4,-2,0.2,0.0505492,830.6,39.7,0.42239221
17,3888.4,4,0,0.0661028,830.6,39.7,0.42239221
19,3888.4,2,0,0.0738796,830.6,39.7,0.42239221
11,3888.7,-8,0.3,0.0427757,830.6,39.7,0.42239221
15,3888.7,4,0,0.0583305,830.6,39.7,0.42239221
17,3888.8,2,0.1,0.0661096,830.6,39.7,0.42239221
19,3888.8,2,0,0.0738872,830.6,39.7,0.42239221
20,3888.8,1,0,0.077776,830.6,39.7,0.42239221
18,3889,-2,0.2,0.070002,830.6,39.7,0.42239221
20,3889,2,0,0.07778,830.6,39.7,0.42239221
24,3889,4,0,0.093336,830.6,39.7,0.42239221
13,3889.4,-11,0.4,0.0505622,830.6,39.7,0.42239221
16,3889.4,3,0,0.0622304,830.6,39.7,0.42239221
17,3889.4,1,0,0.0661198,830.6,39.7,0.42239221
21,3889.4,4,0,0.0816774,830.6,39.7,0.42239221
16,3889.6,-5,0.2,0.0622336,830.6,39.7,0.42239221
20,3889.5,4,-0.1,0.07779,830.7,39.7,0.42232267
17,3889.7,-3,0.2,0.0661249,830.7,39.7,0.42232267
18,3889.7,1,0,0.0700146,830.7,39.7,0.42232267
13,3890,-5,0.3,0.05057,830.7,39.7,0.42232267
21,3889.8,8,-0.2,0.0816858,830.7,39.7,0.42232267
13,3890.1,-8,0.3,0.0505713,830.7,39.7,0.42232267
8,3890.3,-5,0.2,0.0311224,830.7,39.7,0.42232267
13,3890.2,5,-0.1,0.0505726,830.7,39.7,0.42232267
18,3890.2,5,0,0.0700236,830.7,39.7,0.42232267
10,3890.5,-8,0.3,0.038905,830.7,39.7,0.42232267
20,3890.2,10,-0.3,0.077804,830.7,39.7,0.42232267
17,3890.3,-3,0.1,0.0661351,830.7,39.7,0.42232267
16,3890.5,-1,0.2,0.062248,830.7,39.7,0.42232267
19,3890.4,3,-0.1,0.0739176,830.7,39.7,0.42232267
19,3890.5,0,0.1,0.0739195,830.7,39.7,0.42232267
17,3890.6,-2,0.1,0.0661402,830.7,39.7,0.42232267
15,3890.7,-2,0.1,0.0583605,830.7,39.7,0.42232267
18,3890.7,3,0,0.0700326,830.7,39.7,0.42232267
15,3890.8,-3,0.1,0.058362,830.7,39.7,0.42232267
10,3891,-5,0.2,0.03891,830.7,39.7,0.42232267
18,3890.8,8,-0.2,0.0700344,830.7,39.7,0.42232267
17,3890.9,-1,0.1,0.0661453,830.7,39.7,0.42232267
17,3891,0,0.1,0.066147,830.7,39.7,0.42232267
24,3890.8,7,-0.2,0.0933792,830.8,39.7,0.42225313
15,3891.1,-9,0.3,0.0583665,830.8,39.7,0.42225313
17,3891.1,2,0,0.0661487,830.8,39.7,0.42225313
19,3891.1,2,0,0.0739309,830.8,39.7,0.42225313
17,3891.2,-2,0.1,0.0661504,830.8,39.7,0.42225313
19,3891.2,2,0,0.0739328,830.8,39.7,0.42225313
15,3891.3,-4,0.1,0.0583695,830.8,39.7,0.42225313
17,3891.3,2,0,0.0661521,830.8,39.7,0.42225313
16,3891.4,-1,0.1,0.0622624,830.8,39.7,0.42225313
17,3891.4,1,0,0.0661538,830.8,39.7,0.42225313
20,3891.3,3,-0.1,0.077826,830.8,39.7,0.42225313
16,3891.5,-4,0.2,0.062264,830.8,39.7,0.42225313
16,3891.6,0,0.1,0.0622656,830.8,39.7,0.42225313
16,3891.6,0,0,0.0622656,830.8,39.7,0.42225313
14,3891.7,-2,0.1,0.0544838,830.8,39.7,0.42225313
12,3891.8,-2,0.1,0.0467016,830.8,39.7,0.42225313
18,3891.7,6,-0.1,0.0700506,830.8,39.7,0.42225313
11,3891.9,-7,0.2,0.0428109,830.8,39.7,0.42225313
19,3891.7,8,-0.2,0.0739423,830.8,39.7,0.42225313
21,3891.7,2,0,0.0817257,830.8,39.7,0.42225313
18,3891.8,-3,0.1,0.0700524,830.8,39.7,0.42225313
17,3891.9,-1,0.1,0.0661623,830.9,39.7,0.42218359
16,3892,-1,0.1,0.062272,830.9,39.7,0.42218359
23,3891.7,7,-0.3,0.0895091,830.9,39.7,0.42218359
14,3892.1,-9,0.4,0.0544894,830.9,39.7,0.42218359
17,3892,3,-0.1,0.066164,830.9,39.7,0.42218359
18,3892,1,0,0.070056,830.9,39.7,0.42218359
15,3892.1,-3,0.1,0.0583815,830.9,39.7,0.42218359
12,3892.3,-3,0.2,0.0467076,830.9,39.7,0.42218359
21,3892,9,-0.3,0.081732,830.9,39.7,0.42218359
13,3892.3,-8,0.3,0.0505999,830.9,39.7,0.42218359
19,3892.2,6,-0.1,0.0739518,830.9,39.7,0.42218359
15,3892.3,-4,0.1,0.0583845,830.9,39.7,0.42218359
13,3892.4,-2,0.1,0.0506012,830.9,39.7,0.42218359
14,3892.4,1,0,0.0544936,830.9,39.7,0.42218359
13,3892.5,-1,0.1,0.0506025,830.9,39.7,0.42218359
15,3892.4,2,-0.1,0.058386,830.9,39.7,0.42218359
16,3892.4,1,0,0.0622784,830.9,39.7,0.42218359
-43,3894.4,-59,2,-0.1674592,830.9,39.7,0.42218359
-109.1,3896.6,-66.1,2.2,-0.42511906,830.9,39.7,0.42218359
-108.1,3896.8,1,0.2,-0.42124408,830.9,39.7,0.42218359
-105.1,3896.8,3,0,-0.40955368,830.8,39.7,0.42225313
2401,3819.6,2506.1,-77.2,9.1708596,831.5,39.7,0.42176634
2404,3816.1,3,-3.5,9.1739044,832.2,39.7,0.42127955
2400,3813.6,-4,-2.5,9.15264,832.8,39.7,0.42086231
2400.1,3811.4,0.1,-2.2,9.1477411,833.5,39.7,0.42037552
2405,3809.2,4.9,-2.2,9.161126,834.2,39.7,0.41988873
2406.1,3807.3,1.1,-1.9,9.1607445,834.8,39.7,0.41947149
-129.1,3883.7,-2535.2,76.4,-0.50138567,834.8,39.7,0.41947149
-122.1,3885.3,7,1.6,-0.47439513,834.8,39.7,0.41947149
-126.1,3886.6,-4,1.3,-0.49010026,834.7,39.7,0.41954103
-128.9,3887.5,-2.8,0.9,-0.50109875,834.7,39.7,0.41954103
-127,3888.2,1.9,0.7,-0.4938014,834.7,39.7,0.41954103
705,3863,832,-25.2,2.723415,834.8,39.7,0.41947149
1523.9,3837.1,818.9,-25.9,5.8473567,835.3,39.7,0.41912378
1524.1,3835.6,0.2,-1.5,5.845838,835.7,39.7,0.41884562
1524.1,3834.3,0,-1.3,5.8438566,836.1,39.7,0.41856745
1525.1,3833.2,1,-1.1,5.8460133,836.5,39.7,0.41828929
1525.1,3832.2,0,-1,5.8444882,837,39.7,0.41794159
1521.1,3831.4,-4,-0.8,5.8279425,837.4,39.7,0.41766342
1524.1,3830.5,3,-0.9,5.838065,837.8,39.7,0.41738526
1523.1,3829.7,-1,-0.8,5.8330161,838.2,39.7,0.41710709
1525.1,3828.8,2,-0.9,5.8393029,838.7,39.7,0.41675939
-588.1,3893.4,-2113.2,64.6,-2.2897085,838.5,39.7,0.41689847
-586,3895.5,2.1,2.1,-2.282763,838.3,39.7,0.41703755
-590,3897.2,-4,1.7,-2.299348,838.2,39.7,0.41710709
-586,3898.3,4,1.1,-2.2844038,838,39.7,0.41724618
-592.9,3899.8,-6.9,1.5,-2.3121914,837.8,39.7,0.41738526
-139.1,3886.7,453.8,-13.1,-0.54063997,837.8,39.7,0.41738526
313.1,3873,452.2,-13.7,1.2126363,837.9,39.7,0.41731572
308.1,3872.9,-5,-0.1,1.1932405,838,39.7,0.41724618
314.1,3872.6,6,-0.3,1.2163837,838.1,39.7,0.41717663
1027.1,3850.6,713,-22,3.9549513,838.3,39.7,0.41703755
1023.2,3849.7,-3.9,-0.9,3.939013,838.6,39.7,0.41682893
1026.1,3848.9,2.9,-0.8,3.9493563,838.9,39.7,0.41662031
1020.1,3848.4,-6,-0.5,3.9257528,839.2,39.7,0.41641168
1764,3824.9,743.9,-23.5,6.7471236,839.7,39.7,0.41606398
2506,3800.5,742,-24.4,9.524053,840.4,39.7,0.41557719
2503.1,3798.3,-2.9,-2.2,9.5075247,841.1,39.7,0.4150904
2508,3796.3,4.9,-2,9.5211204,841.8,39.7,0.41460362
2508.1,3794.5,0.1,-1.8,9.5169855,842.5,39.7,0.41411683
2505.1,3793,-3,-1.5,9.5018443,843.2,39.7,0.41363004
2504.1,3791.5,-1,-1.5,9.4942952,843.9,39.7,0.41314325
2505.1,3790,1,-1.5,9.494329,844.6,39.7,0.41265647
2508.1,3788.6,3,-1.4,9.5021877,845.3,39.7,0.41216968
2277.1,3794.4,-231,5.8,8.6402282,845.9,39.7,0.41175243
2282.1,3793.3,5,-1.1,8.6566899,846.5,39.7,0.41133519
53,3861.1,-2229.1,67.8,0.2046383,846.5,39.7,0.41133519
47,3863.3,-6,2.2,0.1815751,846.6,39.7,0.41126565
55,3864.5,8,1.2,0.2125475,846.6,39.7,0.41126565
49,3865.8,-6,1.3,0.1894242,846.6,39.7,0.41126565
51,3866.7,2,0.9,0.1972017,846.6,39.7,0.41126565
46,3867.7,-5,1,0.1779142,846.6,39.7,0.41126565
51,3868.3,5,0.6,0.1972833,846.6,39.7,0.41126565
53,3868.9,2,0.6,0.2050517,846.6,39.7,0.41126565
1185.1,3834.7,1132.1,-34.2,4.544503,847,39.7,0.41098748
1183.2,3833.8,-1.9,-0.9,4.5361522,847.3,39.7,0.41077886
803.1,3844.9,-380.1,11.1,3.0878392,847.5,39.7,0.41063978
422.1,3856.6,-381,11.7,1.6278709,847.6,39.7,0.41057024
418.1,3857.2,-4,0.6,1.6126953,847.7,39.7,0.4105007
414.2,3857.7,-3.9,0.5,1.5978593,847.9,39.8,0.41036161
419.1,3857.8,4.9,0.1,1.616804,848,39.8,0.41029207
417.1,3858.2,-2,0.4,1.6092552,848.1,39.8,0.41022253
418.1,3858.4,1,0.2,1.613197,848.2,39.8,0.41015299
64,3869.5,-354.1,11.1,0.247648,848.2,39.8,0.41015299
-302.1,3881.7,-366.1,12.2,-1.1726616,848.1,39.8,0.41022253
-303.1,3882.7,-1,1,-1.1768464,848.1,39.8,0.41022253
-298,3883.5,5.1,0.8,-1.157283,848,39.8,0.41029207
-304.1,3884.4,-6.1,0.9,-1.181246,847.9,39.8,0.41036161
-131,3879.9,173.1,-4.5,-0.5082669,847.9,39.8,0.41036161
34,3875.1,165,-4.8,0.1317534,847.9,39.8,0.41036161
36,3875.3,2,0.2,0.1395108,847.9,39.8,0.41036161
36,3875.6,0,0.3,0.1395216,847.9,39.8,0.41036161
37,3875.8,1,0.2,0.1434046,847.9,39.8,0.41036161
36,3876.2,-1,0.4,0.1395432,847.9,39.8,0.41036161
35,3876.5,-1,0.3,0.1356775,847.9,39.8,0.41036161
37,3876.7,2,0.2,0.1434379,847.9,39.8,0.41036161
35,3877.1,-2,0.4,0.1356985,847.9,39.8,0.41036161
34,3877.4,-1,0.3,0.1318316,847.9,39.8,0.41036161
36,3877.6,2,0.2,0.1395936,848,39.8,0.41029207
36,3877.8,0,0.2,0.1396008,848,39.8,0.41029207
35,3878.1,-1,0.3,0.1357335,848,39.8,0.41029207
37,3878.2,2,0.1,0.1434934,848,39.8,0.41029207
35,3878.6,-2,0.4,0.135751,848,39.8,0.41029207
37,3878.7,2,0.1,0.1435119,848,39.8,0.41029207
33,3879,-4,0.3,0.128007,848,39.8,0.41029207
32,3879.3,-1,0.3,0.1241376,848,39.8,0.41029207
36,3879.4,4,0.1,0.1396584,848,39.8,0.41029207
40,3879.5,4,0.1,0.15518,848,39.8,0.41029207
31,3880,-9,0.5,0.12028,848.1,39.8,0.41022253
40,3879.9,9,-0.1,0.155196,848.1,39.8,0.41022253
34,3880.2,-6,0.3,0.1319268,848.1,39.8,0.41022253
33,3880.4,-1,0.2,0.1280532,848.1,39.8,0.41022253
40,3880.4,7,0,0.155216,848.1,39.8,0.41022253
30,3880.8,-10,0.4,0.116424,848.1,39.8,0.41022253
39,3880.8,9,0,0.1513512,848.1,39.8,0.41022253
34,3881.1,-5,0.3,0.1319574,848.1,39.8,0.41022253
34,3881.2,0,0.1,0.1319608,848.1,39.8,0.41022253
35,3881.3,1,0.1,0.1358455,848.1,39.8,0.41022253
33,3881.5,-2,0.2,0.1280895,848.2,39.8,0.41015299
32,3881.7,-1,0.2,0.1242144,848.2,39.8,0.41015299
39,3881.6,7,-0.1,0.1513824,848.2,39.8,0.41015299
39,3881.7,0,0.1,0.1513863,848.2,39.8,0.41015299
33,3882.1,-6,0.4,0.1281093,848.2,39.8,0.41015299
30,3882.3,-3,0.2,0.116469,848.2,39.8,0.41015299
38,3882.2,8,-0.1,0.1475236,848.2,39.8,0.41015299
35,3882.4,-3,0.2,0.135884,848.2,39.8,0.41015299
35,3882.5,0,0.1,0.1358875,848.2,39.8,0.41015299
37,3882.6,2,0.1,0.1436562,848.2,39.8,0.41015299
35,3882.8,-2,0.2,0.135898,848.3,39.8,0.41008345
33,3882.9,-2,0.1,0.1281357,848.3,39.8,0.41008345
40,3882.8,7,-0.1,0.155312,848.3,39.8,0.41008345
34,3883.1,-6,0.3,0.1320254,848.3,39.8,0.41008345
40,3883,6,-0.1,0.15532,848.3,39.8,0.41008345
36,3883.2,-4,0.2,0.1397952,848.3,39.8,0.41008345
32,3883.5,-4,0.3,0.124272,848.3,39.8,0.41008345
38,3883.4,6,-0.1,0.1475692,848.3,39.8,0.41008345
38,3883.5,0,0.1,0.147573,848.3,39.8,0.41008345
36,3883.6,-2,0.1,0.1398096,848.3,39.8,0.41008345
37,3883.7,1,0.1,0.1436969,848.4,39.8,0.41001391
38,3883.7,1,0,0.1475806,848.4,39.8,0.41001391
40,3883.8,2,0.1,0.155352,848.4,39.8,0.41001391
38,3883.9,-2,0.1,0.1475882,848.4,39.8,0.41001391
32,3884.2,-6,0.3,0.1242944,848.4,39.8,0.41001391
39,3884,7,-0.2,0.151476,848.4,39.8,0.41001391
37,3884.2,-2,0.2,0.1437154,848.4,39.8,0.41001391
37,3884.3,0,0.1,0.1437191,848.4,39.8,0.41001391
38,3884.3,1,0,0.1476034,848.4,39.8,0.41001391
31,3884.6,-7,0.3,0.1204226,848.4,39.8,0.41001391
32,3884.7,1,0.1,0.1243104,848.5,39.8,0.40994437
40,3884.5,8,-0.2,0.15538,848.5,39.8,0.40994437
39,3884.6,-1,0.1,0.1514994,848.5,39.8,0.40994437
33,3884.8,-6,0.2,0.1281984,848.5,39.8,0.40994437
40,3884.7,7,-0.1,0.155388,848.5,39.8,0.40994437
42,3884.7,2,0,0.1631574,848.5,39.8,0.40994437
37,3884.9,-5,0.2,0.1437413,848.5,39.8,0.40994437
35,3885,-2,0.1,0.135975,848.5,39.8,0.40994437
32,3885.2,-3,0.2,0.1243264,848.5,39.8,0.40994437
37,3885.1,5,-0.1,0.1437487,848.5,39.8,0.40994437
37,3885.2,0,0.1,0.1437524,848.6,39.8,0.40987483
34,3885.3,-3,0.1,0.1321002,848.6,39.8,0.40987483
37,3885.3,3,0,0.1437561,848.6,39.8,0.40987483
35,3885.4,-2,0.1,0.135989,848.6,39.8,0.40987483
39,3885.3,4,-0.1,0.1515267,848.6,39.8,0.40987483
42,3885.3,3,0,0.1631826,848.6,39.8,0.40987483
37,3885.5,-5,0.2,0.1437635,848.6,39.8,0.40987483
36,3885.6,-1,0.1,0.1398816,848.6,39.8,0.40987483
38,3885.6,2,0,0.1476528,848.6,39.8,0.40987483
38,3885.6,0,0,0.1476528,848.6,39.8,0.40987483
35,3885.8,-3,0.2,0.136003,848.7,39.8,0.40980529
34,3885.9,-1,0.1,0.1321206,848.7,39.8,0.40980529
32,3886,-2,0.1,0.124352,848.7,39.8,0.40980529
37,3885.9,5,-0.1,0.1437783,848.7,39.8,0.40980529
34,3886,-3,0.1,0.132124,848.7,39.8,0.40980529
37,3886,3,0,0.143782,848.7,39.8,0.40980529
38,3886,1,0,0.147668,848.7,39.8,0.40980529
34,3886.2,-4,0.2,0.1321308,848.7,39.8,0.40980529
42,3886,8,-0.2,0.163212,848.7,39.7,0.40980529
39,3886.1,-3,0.1,0.1515579,848.8,39.7,0.40973574
36,3886.2,-3,0.1,0.1399032,848.8,39.7,0.40973574
35,3886.4,-1,0.2,0.136024,848.8,39.7,0.40973574
32,3886.5,-3,0.1,0.124368,848.8,39.7,0.40973574
37,3886.3,5,-0.2,0.1437931,848.8,39.7,0.40973574
36,3886.4,-1,0.1,0.1399104,848.8,39.7,0.40973574
37,3886.4,1,0,0.1437968,848.8,39.7,0.40973574
37,3886.5,0,0.1,0.1438005,848.8,39.7,0.40973574
35,3886.6,-2,0.1,0.136031,848.8,39.7,0.40973574
35,3886.6,0,0,0.136031,848.8,39.7,0.40973574
37,3886.6,2,0,0.1438042,848.8,39.7,0.40973574
34,3886.7,-3,0.1,0.1321478,848.9,39.7,0.4096662
36,3886.7,2,0,0.1399212,848.9,39.7,0.4096662
33,3886.8,-3,0.1,0.1282644,848.9,39.7,0.4096662
39,3886.7,6,-0.1,0.1515813,848.9,39.7,0.4096662
40,3886.7,1,0,0.155468,848.9,39.7,0.4096662
32,3887,-8,0.3,0.124384,848.9,39.7,0.4096662
37,3886.9,5,-0.1,0.1438153,848.9,39.7,0.4096662
36,3886.9,-1,0,0.1399284,848.9,39.7,0.4096662
42,3886.8,6,-0.1,0.1632456,848.9,39.7,0.4096662
33,3887.1,-9,0.3,0.1282743,849,39.7,0.40959666
38,3887,5,-0.1,0.147706,849,39.7,0.40959666
34,3887.1,-4,0.1,0.1321614,849,39.7,0.40959666
33,3887.2,-1,0.1,0.1282776,849,39.7,0.40959666
32,3887.3,-1,0.1,0.1243936,849,39.7,0.40959666
39,3887.1,7,-0.2,0.1515969,849,39.7,0.40959666
36,3887.2,-3,0.1,0.1399392,849,39.7,0.40959666
32,3887.4,-4,0.2,0.1243968,849,39.7,0.40959666
38,3887.2,6,-0.2,0.1477136,849,39.7,0.40959666
39,3887.2,1,0,0.1516008,849,39.7,0.40959666
38,3887.3,-1,0.1,0.1477174,849,39.7,0.40959666
39,3887.3,1,0,0.1516047,849.1,39.7,0.40952712
41,3887.2,2,-0.1,0.1593752,849.1,39.7,0.40952712
40,3887.3,-1,0.1,0.155492,849.1,39.7,0.40952712
34,3887.5,-6,0.2,0.132175,849.1,39.7,0.40952712
29,3887.7,-5,0.2,0.1127433,849.1,39.7,0.40952712
38,3887.5,9,-0.2,0.147725,849.1,39.7,0.40952712
30,3887.8,-8,0.3,0.116634,849.1,39.7,0.40952712
35,3887.6,5,-0.2,0.136066,849.1,39.7,0.40952712
34,3887.7,-1,0.1,0.1321818,849.1,39.7,0.40952712
35,3887.7,1,0,0.1360695,849.1,39.7,0.40952712
39,3887.6,4,-0.1,0.1516164,849.2,39.7,0.40945758
38,3887.6,-1,0,0.1477288,849.2,39.7,0.40945758
33,3887.8,-5,0.2,0.1282974,849.2,39.7,0.40945758
34,3887.8,1,0,0.1321852,849.2,39.7,0.40945758
-241,3896.5,-275,8.7,-0.9390565,849.1,39.7,0.40952712
-236,3896.7,5,0.2,-0.9196212,849.1,39.7,0.40952712
-240.1,3897.1,-4.1,0.4,-0.93569371,849,39.7,0.40959666
-243.1,3897.6,-3,0.5,-0.94750656,848.9,39.7,0.4096662
-238,3897.6,5.1,0,-0.9276288,848.9,39.7,0.4096662
-239,3897.9,-1,0.3,-0.9315981,848.8,39.7,0.40973574
879,3863.5,1118,-34.4,3.3960165,849,39.7,0.40959666
885.1,3862,6.1,-1.5,3.4182562,849.3,39.7,0.40938804
517.1,3872.4,-368,10.4,2.002418,849.4,39.7,0.4093185
514.1,3872.1,-3,-0.3,1.9906466,849.6,39.7,0.40917942
515.1,3871.7,1,-0.4,1.9943127,849.7,39.7,0.40910987
513.1,3871.4,-2,-0.3,1.9864153,849.9,39.7,0.40897079
740.1,3864.1,227,-7.3,2.8598204,850.1,39.7,0.40883171
742.1,3863.3,2,-0.8,2.8669549,850.3,39.7,0.40869263
736.2,3863,-5.9,-0.3,2.8439406,850.5,39.7,0.40855355
737.1,3862.4,0.9,-0.6,2.846975,850.7,39.7,0.40841446
740.1,3861.8,3,-0.6,2.8581182,850.9,39.7,0.40827538
739.1,3861.4,-1,-0.4,2.8539607,851.1,39.7,0.4081363
738.1,3861,-1,-0.4,2.8498041,851.3,39.7,0.40799722
84,3880.8,-654.1,19.8,0.3259872,851.3,39.7,0.40799722
-572.1,3901.7,-656.1,20.9,-2.2321626,851.2,39.7,0.40806676
-572.1,3902.9,0,1.2,-2.2328491,851,39.7,0.40820584
-572.1,3903.9,0,1,-2.2334212,850.8,39.7,0.40834492
-575,3904.8,-2.9,0.9,-2.24526,850.7,39.7,0.40841446
-579,3905.7,-4,0.9,-2.2614003,850.5,39.7,0.40855355
-572,3906.1,7,0.4,-2.2342892,850.4,39.7,0.40862309
-577,3906.9,-5,0.8,-2.2542813,850.2,39.7,0.40876217
1272,3850.3,1849,-56.6,4.8975816,850.5,39.7,0.40855355
1271.1,3848.3,-0.9,-2,4.8915741,850.9,39.7,0.40827538
1277.1,3846.7,6,-1.6,4.9126206,851.3,39.7,0.40799722
1267.1,3845.8,-10,-0.9,4.8730132,851.6,39.7,0.4077886
1268.1,3844.7,1,-1.1,4.8754641,852,39.7,0.40751043
1270.2,3843.6,2.1,-1.1,4.8821407,852.3,39.7,0.40730181
1270.2,3842.7,0,-0.9,4.8809975,852.7,39.7,0.40702364
1271.1,3841.8,0.9,-0.9,4.883312,853,39.7,0.40681502
1276.1,3840.8,5,-1,4.9012449,853.4,39.7,0.40653686
52,3877.7,-1224.1,36.9,0.2016404,853.4,39.7,0.40653686
46,3878.8,-6,1.1,0.1784248,853.4,39.7,0.40653686
904.1,3853,858.1,-25.8,3.4834973,853.7,39.7,0.40632823
909.1,3852.1,5,-0.9,3.5019441,853.9,39.7,0.40618915
907.1,3851.6,-2,-0.5,3.4937864,854.2,39.7,0.40598053
905.1,3851.2,-2,-0.4,3.4857211,854.4,39.7,0.40584145
907.1,3850.7,2,-0.5,3.49297,854.7,39.7,0.40563282
-276,3886.9,-1183.1,36.2,-1.0727844,854.6,39.7,0.40570236
-286,3888.4,-10,1.5,-1.1120824,854.5,39.7,0.40577191
-286,3889.3,0,0.9,-1.1123398,854.4,39.7,0.40584145
-284.1,3890,1.9,0.7,-1.105149,854.3,39.7,0.40591099
-279,3890.5,5.1,0.5,-1.0854495,854.3,39.7,0.40591099
-284,3891.2,-5,0.7,-1.1051008,854.2,39.7,0.40598053
-287.1,3891.9,-3.1,0.7,-1.1173645,854.1,39.7,0.40605007
-293,3892.5,-5.9,0.6,-1.1405025,854,39.7,0.40611961
-281,3892.7,12,0.2,-1.0938487,853.9,39.7,0.40618915
1099,3850.4,1380,-42.3,4.2315896,854.3,39.7,0.40591099
1097.1,3849,-1.9,-1.4,4.2227379,854.6,39.7,0.40570236
1101.1,3847.8,4,-1.2,4.2368126,854.9,39.7,0.40549374
1097.1,3847,-4,-0.8,4.2205437,855.2,39.7,0.40528512
1101.2,3846.1,4.1,-0.9,4.2353253,855.5,39.7,0.4050765
1100.1,3845.3,-1.1,-0.8,4.2302145,855.8,39.7,0.40486787
1102.1,3844.6,2,-0.7,4.2371337,856.1,39.7,0.40465925
1096.1,3844.2,-6,-0.4,4.2136276,856.4,39.7,0.40445063
-5,3877.6,-1101.1,33.4,-0.019388,856.4,39.7,0.40445063
-12,3878.8,-7,1.2,-0.0465456,856.4,39.7,0.40445063
-16,3879.5,-4,0.7,-0.062072,856.4,39.7,0.40445063
-19,3880.1,-3,0.6,-0.0737219,856.4,39.7,0.40445063
2576.9,3800.5,2595.9,-79.6,9.7935085,857.1,39.7,0.40396384
2574.1,3797.4,-2.8,-3.1,9.7748873,857.8,39.7,0.40347705
1178.2,3838,-1395.9,40.6,4.5219316,858.1,39.7,0.40326843
1179.1,3837.8,0.9,-0.2,4.52515,858.5,39.7,0.40299026
1182.1,3837.3,3,-0.5,4.5360723,858.8,39.7,0.40278164
1182.1,3836.8,0,-0.5,4.5354813,859.1,39.7,0.40257302
1181.1,3836.4,-1,-0.4,4.531172,859.4,39.7,0.40236439
1181.1,3835.9,0,-0.5,4.5305815,859.8,39.7,0.40208623
1185.1,3835.3,4,-0.6,4.545214,860.1,39.7,0.40187761
1176.2,3835.1,-8.9,-0.2,4.5108446,860.4,39.7,0.40166898
933.1,3842.2,-243.1,7.1,3.5851568,860.7,39.7,0.40146036
685.1,3849.8,-248,7.6,2.637498,860.9,39.7,0.40132128
685,3849.9,-0.1,0.1,2.6371815,861.1,39.7,0.4011822
684.1,3850,-0.9,0.1,2.633785,861.3,39.7,0.40104312
687.1,3849.9,3,-0.1,2.6452663,861.5,39.7,0.40090403
680.1,3850.2,-7,0.3,2.618521,861.6,39.7,0.40083449
2333.9,3799.1,1653.8,-51.1,8.8667195,862.3,39.7,0.40034771
1184.2,3832.4,-1149.7,33.3,4.5383281,862.6,39.7,0.40013908
34,3867.7,-1150.2,35.3,0.1315018,862.6,39.7,0.40013908
33,3868.9,-1,1.2,0.1276737,862.6,39.7,0.40013908
41,3869.5,8,0.6,0.1586495,862.6,39.7,0.40013908
39,3870.2,-2,0.7,0.1509378,862.7,39.7,0.40006954
38,3870.8,-1,0.6,0.1470904,862.7,39.7,0.40006954
35,3871.5,-3,0.7,0.1355025,862.7,39.7,0.40006954
39,3871.9,4,0.4,0.1510041,862.7,39.7,0.40006954
38,3872.3,-1,0.4,0.1471474,862.7,39.7,0.40006954
41,3872.6,3,0.3,0.1587766,862.7,39.7,0.40006954
38,3873.2,-3,0.6,0.1471816,862.7,39.7,0.40006954
38,3873.5,0,0.3,0.147193,862.7,39.7,0.40006954
36,3873.9,-2,0.4,0.1394604,862.7,39.7,0.40006954
36,3874.3,0,0.4,0.1394748,862.8,39.7,0.4
37,3874.6,1,0.3,0.1433602,862.8,39.7,0.4
39,3874.8,2,0.2,0.1511172,862.8,39.7,0.4
37,3875.2,-2,0.4,0.1433824,862.8,39.7,0.4
38,3875.4,1,0.2,0.1472652,862.8,39.7,0.4
36,3875.8,-2,0.4,0.1395288,862.8,39.7,0.4
36,3876,0,0.2,0.139536,862.8,39.7,0.4
41,3876.1,5,0.1,0.1589201,862.8,39.7,0.4
39,3876.4,-2,0.3,0.1511796,862.8,39.7,0.4
36,3876.7,-3,0.3,0.1395612,862.8,39.7,0.4
41,3876.8,5,0.1,0.1589488,862.9,39.7,0.39993046
43,3877,2,0.2,0.166711,862.9,39.7,0.39993046
37,3877.3,-6,0.3,0.1434601,862.9,39.7,0.39993046
41,3877.4,4,0.1,0.1589734,862.9,39.7,0.39993046
38,3877.7,-3,0.3,0.1473526,862.9,39.7,0.39993046
33,3878,-5,0.3,0.127974,862.9,39.7,0.39993046
37,3878.1,4,0.1,0.1434897,862.9,39.7,0.39993046
40,3878.1,3,0,0.155124,862.9,39.7,0.39993046
38,3878.4,-2,0.3,0.1473792,862.9,39.7,0.39993046
42,3878.4,4,0,0.1628928,863,39.7,0.39986092
37,3878.7,-5,0.3,0.1435119,863,39.7,0.39986092
36,3878.9,-1,0.2,0.1396404,863,39.7,0.39986092
41,3878.9,5,0,0.1590349,863,39.7,0.39986092
37,3879.2,-4,0.3,0.1435304,863,39.7,0.39986092
39,3879.3,2,0.1,0.1512927,863,39.7,0.39986092
36,3879.5,-3,0.2,0.139662,863,39.7,0.39986092
38,3879.6,2,0.1,0.1474248,863,39.7,0.39986092
39,3879.7,1,0.1,0.1513083,863,39.7,0.39986092
40,3879.8,1,0.1,0.155192,863.1,39.7,0.39979138
42,3879.9,2,0.1,0.1629558,863.1,39.7,0.39979138
33,3880.2,-9,0.3,0.1280466,863.1,39.7,0.39979138
37,3880.3,4,0.1,0.1435711,863.1,39.7,0.39979138
41,3880.2,4,-0.1,0.1590882,863.1,39.7,0.39979138
44,3880.2,3,0,0.1707288,863.1,39.7,0.39979138
33,3880.7,-11,0.5,0.1280631,863.1,39.7,0.39979138
35,3880.7,2,0,0.1358245,863.1,39.7,0.39979138
38,3880.8,3,0.1,0.1474704,863.1,39.7,0.39979138
38,3880.8,0,0,0.1474704,863.1,39.7,0.39979138
40,3880.9,2,0.1,0.155236,863.2,39.7,0.39972184
41,3880.9,1,0,0.1591169,863.2,39.7,0.39972184
41,3881,0,0.1,0.159121,863.2,39.7,0.39972184
43,3881.1,2,0.1,0.1668873,863.2,39.7,0.39972184
37,3881.3,-6,0.2,0.1436081,863.2,39.7,0.39972184
35,3881.5,-2,0.2,0.1358525,863.2,39.7,0.39972184
36,3881.6,1,0.1,0.1397376,863.2,39.7,0.39972184
39,3881.6,3,0,0.1513824,863.2,39.7,0.39972184
39,3881.6,0,0,0.1513824,863.2,39.7,0.39972184
41,3881.6,2,0,0.1591456,863.3,39.7,0.39965229
38,3881.8,-3,0.2,0.1475084,863.3,39.7,0.39965229
36,3881.9,-2,0.1,0.1397484,863.3,39.7,0.39965229
38,3882,2,0.1,0.147516,863.3,39.7,0.39965229
38,3882,0,0,0.147516,863.3,39.7,0.39965229
38,3882.1,0,0.1,0.1475198,863.3,39.7,0.39965229
35,3882.3,-3,0.2,0.1358805,863.3,39.7,0.39965229
38,3882.3,3,0,0.1475274,863.3,39.7,0.39965229
41,3882.2,3,-0.1,0.1591702,863.3,39.7,0.39965229
37,3882.4,-4,0.2,0.1436488,863.3,39.7,0.39965229
38,3882.4,1,0,0.1475312,863.4,39.7,0.39958275
40,3882.4,2,0,0.155296,863.4,39.7,0.39958275
40,3882.5,0,0.1,0.1553,863.4,39.7,0.39958275
34,3882.8,-6,0.3,0.1320152,863.4,39.7,0.39958275
36,3882.8,2,0,0.1397808,863.4,39.7,0.39958275
35,3882.9,-1,0.1,0.1359015,863.4,39.7,0.39958275
45,3882.6,10,-0.3,0.174717,863.4,39.7,0.39958275
37,3882.9,-8,0.3,0.1436673,863.4,39.7,0.39958275
37,3883,0,0.1,0.143671,863.4,39.7,0.39958275
35,3883.1,-2,0.1,0.1359085,863.5,39.7,0.39951321
33,3883.2,-2,0.1,0.1281456,863.5,39.7,0.39951321
36,3883.2,3,0,0.1397952,863.5,39.7,0.39951321
42,3883,6,-0.2,0.163086,863.5,39.7,0.39951321
36,3883.3,-6,0.3,0.1397988,863.5,39.7,0.39951321
37,3883.3,1,0,0.1436821,863.5,39.7,0.39951321
36,3883.4,-1,0.1,0.1398024,863.5,39.7,0.39951321
36,3883.4,0,0,0.1398024,863.5,39.7,0.39951321
38,3883.4,2,0,0.1475692,863.5,39.7,0.39951321
35,3883.5,-3,0.1,0.1359225,863.5,39.7,0.39951321
38,3883.5,3,0,0.147573,863.6,39.7,0.39944367
35,3883.7,-3,0.2,0.1359295,863.6,39.7,0.39944367
41,3883.5,6,-0.2,0.1592235,863.6,39.7,0.39944367
37,3883.7,-4,0.2,0.1436969,863.6,39.7,0.39944367
36,3883.7,-1,0,0.1398132,863.6,39.7,0.39944367
39,3883.7,3,0,0.1514643,863.6,39.7,0.39944367
33,3883.9,-6,0.2,0.1281687,863.6,39.7,0.39944367
40,3883.7,7,-0.2,0.155348,863.6,39.7,0.39944367
41,3883.8,1,0.1,0.1592358,863.6,39.7,0.39944367
38,3883.9,-3,0.1,0.1475882,863.7,39.7,0.39937413
36,3884,-2,0.1,0.139824,863.7,39.7,0.39937413
44,3883.8,8,-0.2,0.1708872,863.7,39.7,0.39937413
31,3884.2,-13,0.4,0.1204102,863.7,39.7,0.39937413
37,3884.1,6,-0.1,0.1437117,863.7,39.7,0.39937413
42,3884,5,-0.1,0.163128,863.7,39.7,0.39937413
34,3884.3,-8,0.3,0.1320662,863.7,39.7,0.39937413
33,3884.3,-1,0,0.1281819,863.7,39.7,0.39937413
37,3884.3,4,0,0.1437191,863.7,39.7,0.39937413
37,3884.3,0,0,0.1437191,863.7,39.7,0.39937413
40,3884.2,3,-0.1,0.155368,863.8,39.7,0.39930459
39,3884.3,-1,0.1,0.1514877,863.8,39.7,0.39930459
39,3884.3,0,0,0.1514877,863.8,39.7,0.39930459
33,3884.5,-6,0.2,0.1281885,863.8,39.7,0.39930459
1061,3852.9,1028,-31.6,4.0879269,864.1,39.7,0.39909597
1062.1,3851.4,1.1,-1.5,4.0905719,864.4,39.7,0.39888734
1064.1,3850.3,2,-1.1,4.0971042,864.7,39.7,0.39867872
1065.2,3849.4,1.1,-0.9,4.1003809,865,39.7,0.3984701
1066.1,3848.4,0.9,-1,4.1027792,865.3,39.7,0.39826147
1064.1,3847.8,-2,-0.6,4.094444,865.6,39.7,0.39805285
1062.1,3847.1,-2,-0.7,4.0860049,865.9,39.7,0.39784423
1063.2,3846.3,1.1,-0.8,4.0893862,866.1,39.7,0.39770515
1062.1,3845.7,-1.1,-0.6,4.084518,866.4,39.7,0.39749652
1060.1,3845.2,-2,-0.5,4.0762965,866.7,39.7,0.3972879
-192.1,3883.4,-1252.2,38.2,-0.74600114,866.7,39.7,0.3972879
-185,3884.3,7.1,0.9,-0.7185955,866.6,39.7,0.39735744
342,3868.6,527,-15.7,1.3230612,866.7,39.7,0.3972879
344.1,3868.5,2.1,-0.1,1.3311508,866.8,39.7,0.39721836
347.1,3868.3,3,-0.2,1.3426869,866.9,39.7,0.39714882
340.1,3868.5,-7,0.2,1.3156769,867,39.7,0.39707928
348.1,3868.3,8,-0.2,1.3465552,867.1,39.7,0.39700974
345.1,3868.3,-3,0,1.3349503,867.2,39.7,0.39694019
1301,3838.8,955.9,-29.5,4.9942788,867.6,39.7,0.39666203
2252,3808.1,951,-30.7,8.5758412,868.2,39.7,0.39624478
2251.1,3805.9,-0.9,-2.2,8.5674615,868.8,39.7,0.39582754
2260,3803.7,8.9,-2.2,8.596362,869.4,39.7,0.39541029
2260.1,3802,0.1,-1.7,8.5929002,870.1,39.7,0.3949235
2259,3800.5,-1.1,-1.5,8.5853295,870.7,39.7,0.39450626
2250,3799.3,-9,-1.2,8.548425,871.3,39.7,0.39408901
922.2,3838.9,-1327.8,39.6,3.5402336,871.6,39.7,0.39388039
-425,3881.1,-1347.2,42.2,-1.6494675,871.5,39.7,0.39394993
-413.1,3882.6,11.9,1.5,-1.6039021,871.4,39.7,0.39401947
-426.1,3884.5,-13,1.9,-1.6551854,871.2,39.7,0.39415855
-630,3891.9,-203.9,7.4,-2.451897,871.1,39.7,0.39422809
-634,3893.4,-4,1.5,-2.4684156,870.9,39.7,0.39436718
-635,3894.6,-1,1.2,-2.473071,870.7,39.7,0.39450626
-631.2,3895.5,3.8,0.9,-2.4588396,870.5,39.7,0.39464534
479.1,3862,1110.3,-33.5,1.8502842,870.7,39.7,0.39450626
1590.1,3827,1111,-35,6.0853127,871.1,39.7,0.39422809
1591.2,3825.2,1.1,-1.8,6.0866582,871.5,39.7,0.39394993
1587.1,3824,-4.1,-1.2,6.0690704,872,39.7,0.39360223
1580.2,3822.9,-6.9,-1.1,6.0409466,872.4,39.7,0.39332406
1585.1,3821.8,4.9,-1.1,6.0579352,872.9,39.7,0.39297636
1589.1,3820.7,4,-1.1,6.0714744,873.3,39.7,0.39269819
2363,3795.9,773.9,-24.8,8.9697117,874,39.7,0.3922114
2361.1,3794.1,-1.9,-1.8,8.9582495,874.6,39.7,0.39179416
2361.1,3792.5,0,-1.6,8.9544717,875.3,39.7,0.39130737
2367.1,3790.8,6,-1.7,8.9732027,875.9,39.7,0.39089013
2362.1,3789.6,-5,-1.2,8.9514142,876.6,39.7,0.39040334
2364.1,3788.3,2,-1.3,8.95592,877.2,39.7,0.38998609
854.2,3833.7,-1509.9,45.4,3.2747465,877.5,39.7,0.38977747
856.1,3834.4,1.9,0.7,3.2826298,877.7,39.7,0.38963839
852.2,3835,-3.9,0.6,3.268187,878,39.7,0.38942976
853.2,3835.2,1,0.2,3.2721926,878.2,39.7,0.38929068
848.2,3835.5,-5,0.3,3.2532711,878.4,39.7,0.3891516
853.2,3835.4,5,-0.1,3.2723633,878.7,39.7,0.38894298
1366.9,3819.7,513.7,-15.7,5.2211479,879,39.7,0.38873435
1893,3802.8,526.1,-16.9,7.1987004,879.6,39.7,0.38831711
1886.1,3801.8,-6.9,-1,7.170575,880.1,39.7,0.3879694
1887,3800.8,0.9,-1,7.1721096,880.6,39.7,0.3876217
1888.1,3799.9,1.1,-0.9,7.1745912,881.1,39.7,0.38727399
1890.1,3799.1,2,-0.8,7.1806789,881.7,39.7,0.38685675
-11,3857.2,-1901.1,58.1,-0.0424292,881.7,39.7,0.38685675
-9,3859,2,1.8,-0.034731,881.7,39.7,0.38685675
-13,3860.4,-4,1.4,-0.0501852,881.7,39.7,0.38685675
-11,3861.4,2,1,-0.0424754,881.7,39.7,0.38685675
-15,3862.4,-4,1,-0.057936,881.7,39.7,0.38685675
-12,3863.1,3,0.7,-0.0463572,881.7,39.7,0.38685675
-15,3864,-3,0.9,-0.05796,881.6,39.7,0.38692629
-663,3884.7,-648,20.7,-2.5755561,881.5,39.7,0.38699583
-1306.1,3906.2,-643.1,21.5,-5.1018878,881.1,39.7,0.38727399
-1307,3908.4,-0.9,2.2,-5.1082788,880.7,39.7,0.38755216
-1303.1,3910.1,3.9,1.7,-5.0952513,880.4,39.7,0.38776078
-1309.1,3911.9,-6,1.8,-5.1210683,880,39.7,0.38803894
401.1,3860.4,1710.2,-51.5,1.5484064,880.1,39.7,0.3879694
2110.9,3806.7,1709.8,-53.7,8.035563,880.7,39.7,0.38755216
2107.1,3804.1,-3.8,-2.6,8.0156191,881.3,39.7,0.38713491
2113,3802,5.9,-2.1,8.033626,881.9,39.7,0.38671766
2108,3800.4,-5,-1.6,8.0112432,882.5,39.7,0.38630042
2117,3798.6,9,-1.8,8.0416362,883.1,39.7,0.38588317
2114.2,3797.3,-2.8,-1.3,8.0282517,883.6,39.7,0.38553547
2113.1,3796,-1.1,-1.3,8.0213276,884.2,39.7,0.38511822
2112.1,3794.9,-1,-1.1,8.0152083,884.8,39.7,0.38470097
2113,3793.7,0.9,-1.2,8.0160881,885.4,39.7,0.38428373
938.1,3828.9,-1174.9,35.2,3.5918911,885.7,39.7,0.3840751
-227.9,3865.6,-1166,36.7,-0.88097024,885.6,39.7,0.38414465
-240.1,3867.8,-12.2,2.2,-0.92865878,885.5,39.7,0.38421419
-234.1,3868.9,6,1.1,-0.90570949,885.5,39.7,0.38421419
-230.1,3869.9,4,1,-0.89046399,885.4,39.7,0.38428373
-232,3870.9,-1.9,1,-0.8980488,885.3,39.7,0.38435327
-237,3872,-5,1.1,-0.917664,885.3,39.7,0.38435327
-233.1,3872.7,3.9,0.7,-0.90272637,885.2,39.7,0.38442281
-581,3884.3,-347.9,11.6,-2.2567783,885,39.7,0.38456189
-574,3885.2,7,0.9,-2.2301048,884.9,39.7,0.38463143
-577,3886.3,-3,1.1,-2.2423951,884.7,39.7,0.38477051
-574,3887.2,3,0.9,-2.2312528,884.6,39.7,0.38484006
1908,3811.2,2482,-76,7.2717696,885.1,39.7,0.38449235
1909.1,3808.8,1.1,-2.4,7.2713801,885.6,39.7,0.38414465
1910,3807,0.9,-1.8,7.27137,886.2,39.7,0.3837274
1914.1,3805.3,4.1,-1.7,7.2837247,886.7,39.7,0.38337969
1913,3804,-1.1,-1.3,7.277052,887.2,39.7,0.38303199
1911.1,3802.8,-1.9,-1.2,7.2675311,887.8,39.7,0.38261474
1908.1,3801.8,-3,-1,7.2542146,888.3,39.7,0.38226704
1913.1,3800.6,5,-1.2,7.2709279,888.8,39.7,0.38191933
480.2,3843.9,-1432.9,43.3,1.8458408,888.9,39.7,0.38184979
481.1,3844.8,0.9,0.9,1.8497333,889.1,39.8,0.38171071
479.1,3845.4,-2,0.6,1.8423311,889.2,39.8,0.38164117
483,3845.8,3.9,0.4,1.8575214,889.3,39.8,0.38157163
486,3846,3,0.2,1.869156,889.5,39.8,0.38143255
482.1,3846.4,-3.9,0.4,1.8543494,889.6,39.8,0.381363
482.1,3846.7,0,0.3,1.8544941,889.8,39.8,0.38122392
474.1,3847.1,-8,0.4,1.8239101,889.9,39.8,0.38115438
162.2,3857,-311.9,9.9,0.6256054,889.9,39.8,0.38115438
-147.9,3867.3,-310.1,10.3,-0.57197367,889.9,39.8,0.38115438
-156.1,3868.5,-8.2,1.2,-0.60387285,889.8,39.8,0.38122392
-156,3869.3,0.1,0.8,-0.6036108,889.8,39.8,0.38122392
-146.1,3869.7,9.9,0.4,-0.56536317,889.8,39.8,0.38122392
-151,3870.5,-4.9,0.8,-0.5844455,889.7,39.8,0.38129346
-147.1,3870.9,3.9,0.4,-0.56940939,889.7,39.8,0.38129346
-148.1,3871.6,-1,0.7,-0.57338396,889.6,39.8,0.381363
-147,3872.1,1.1,0.5,-0.5691987,889.6,39.8,0.381363
-151,3872.7,-4,0.6,-0.5847777,889.6,39.8,0.381363
-303,3877.9,-152,5.2,-1.1750037,889.5,39.8,0.38143255
-298,3878.4,5,0.5,-1.1557632,889.4,39.8,0.38150209
-295.2,3878.9,2.8,0.5,-1.1450513,889.3,39.8,0.38157163
2220.9,3801.7,2516.1,-77.2,8.4431955,889.9,39.8,0.38115438
2226,3798.7,5.1,-3,8.4559062,890.5,39.8,0.38073713
889.2,3837.8,-1336.8,39.1,3.4125718,890.8,39.8,0.38052851
-446.9,3879.2,-1336.1,41.4,-1.7336145,890.7,39.8,0.38059805
-448,3880.8,-1.1,1.6,-1.7385984,890.5,39.8,0.38073713
-448,3881.9,0,1.1,-1.7390912,890.4,39.8,0.38080668
1761,3814.6,2209,-67.3,6.7175106,890.9,39.8,0.38045897
1762.1,3812.4,1.1,-2.2,6.71783,891.4,39.8,0.38011127
1762.1,3810.8,0,-1.6,6.7150107,891.9,39.8,0.37976356
1762.1,3809.5,0,-1.3,6.7127199,892.4,39.8,0.37941586
1760.1,3808.4,-2,-1.1,6.7031648,892.9,39.8,0.37906815
826.3,3836.2,-933.8,27.8,3.1698521,893.1,39.8,0.37892907
822.1,3836.6,-4.2,0.4,3.1540689,893.3,39.8,0.37878999
823.1,3836.5,1,-0.1,3.1578232,893.5,39.8,0.3786509
822.1,3836.5,-1,0,3.1539867,893.8,39.8,0.37844228
819.1,3836.6,-3,0.1,3.1425591,894,39.8,0.3783032
825.1,3836.3,6,-0.3,3.1653311,894.2,39.8,0.37816412
826.1,3836.1,1,-0.2,3.1690022,894.5,39.8,0.37795549
407.2,3848.9,-418.9,12.8,1.5672721,894.6,39.8,0.37788595
-19,3862.7,-426.2,13.8,-0.0733913,894.6,39.8,0.37788595
-24,3863.7,-5,1,-0.0927288,894.6,39.8,0.37788595
-15,3864.1,9,0.4,-0.0579615,894.6,39.8,0.37788595
-13,3864.7,2,0.6,-0.0502411,894.6,39.8,0.37788595
-19,3865.4,-6,0.7,-0.0734426,894.5,39.8,0.37795549
724.9,3842.8,743.9,-22.6,2.7856457,894.8,39.8,0.37774687
381.1,3852.9,-343.8,10.1,1.4683402,894.9,39.8,0.37767733
35,3863.7,-346.1,10.8,0.1352295,894.9,39.8,0.37767733
37,3864.2,2,0.5,0.1429754,894.9,39.8,0.37767733
31,3864.8,-6,0.6,0.1198088,894.9,39.8,0.37767733
32,3865.2,1,0.4,0.1236864,894.9,39.8,0.37767733
41,3865.3,9,0.1,0.1584773,894.9,39.8,0.37767733
37,3865.8,-4,0.5,0.1430346,894.9,39.8,0.37767733
38,3866.1,1,0.3,0.1469118,894.9,39.8,0.37767733
40,3866.4,2,0.3,0.154656,894.9,39.8,0.37767733
37,3866.7,-3,0.3,0.1430679,894.9,39.8,0.37767733
37,3867,0,0.3,0.143079,895,39.8,0.37760779
33,3867.4,-4,0.4,0.1276242,895,39.8,0.37760779
40,3867.5,7,0.1,0.1547,895,39.8,0.37760779
37,3867.8,-3,0.3,0.1431086,895,39.8,0.37760779
41,3868,4,0.2,0.158588,895,39.8,0.37760779
37,3868.3,-4,0.3,0.1431271,895,39.8,0.37760779
33,3868.7,-4,0.4,0.1276671,895,39.8,0.37760779
30,3869,-3,0.3,0.11607,895,39.8,0.37760779
39,3869,9,0,0.150891,895,39.8,0.37760779
35,3869.3,-4,0.3,0.1354255,895,39.8,0.37760779
34,3869.5,-1,0.2,0.131563,895.1,39.8,0.37753825
33,3869.7,-1,0.2,0.1277001,895.1,39.8,0.37753825
27,3870.1,-6,0.4,0.1044927,895.1,39.8,0.37753825
41,3869.9,14,-0.2,0.1586659,895.1,39.8,0.37753825
39,3870.1,-2,0.2,0.1509339,895.1,39.8,0.37753825
36,3870.4,-3,0.3,0.1393344,895.1,39.8,0.37753825
39,3870.5,3,0.1,0.1509495,895.1,39.8,0.37753825
34,3870.8,-5,0.3,0.1316072,895.1,39.8,0.37753825
36,3870.9,2,0.1,0.1393524,895.1,39.8,0.37753825
37,3871,1,0.1,0.143227,895.1,39.8,0.37753825
36,3871.2,-1,0.2,0.1393632,895.2,39.8,0.37746871
32,3871.5,-4,0.3,0.123888,895.2,39.8,0.37746871
35,3871.5,3,0,0.1355025,895.2,39.8,0.37746871
36,3871.6,1,0.1,0.1393776,895.2,39.8,0.37746871
44,3871.6,8,0,0.1703504,895.2,39.8,0.37746871
36,3871.9,-8,0.3,0.1393884,895.2,39.8,0.37746871
33,3872.2,-3,0.3,0.1277826,895.2,39.8,0.37746871
36,3872.2,3,0,0.1393992,895.2,39.8,0.37746871
33,3872.4,-3,0.2,0.1277892,895.2,39.8,0.37746871
34,3872.5,1,0.1,0.131665,895.2,39.8,0.37746871
34,3872.6,0,0.1,0.1316684,895.3,39.8,0.37739917
39,3872.6,5,0,0.1510314,895.3,39.8,0.37739917
35,3872.9,-4,0.3,0.1355515,895.3,39.8,0.37739917
32,3873.1,-3,0.2,0.1239392,895.3,39.8,0.37739917
37,3873,5,-0.1,0.143301,895.3,39.7,0.37739917
34,3873.2,-3,0.2,0.1316888,895.3,39.7,0.37739917
42,3873.1,8,-0.1,0.1626702,895.3,39.7,0.37739917
35,3873.4,-7,0.3,0.135569,895.3,39.7,0.37739917
36,3873.5,1,0.1,0.139446,895.3,39.7,0.37739917
40,3873.5,4,0,0.15494,895.3,39.7,0.37739917
39,3873.5,-1,0,0.1510665,895.4,39.7,0.37732962
40,3873.6,1,0.1,0.154944,895.4,39.7,0.37732962
38,3873.8,-2,0.2,0.1472044,895.4,39.7,0.37732962
36,3873.9,-2,0.1,0.1394604,895.4,39.7,0.37732962
39,3873.9,3,0,0.1510821,895.4,39.7,0.37732962
34,3874.2,-5,0.3,0.1317228,895.4,39.7,0.37732962
36,3874.2,2,0,0.1394712,895.4,39.7,0.37732962
33,3874.4,-3,0.2,0.1278552,895.4,39.7,0.37732962
35,3874.4,2,0,0.135604,895.4,39.7,0.37732962
33,3874.6,-2,0.2,0.1278618,895.4,39.7,0.37732962
41,3874.4,8,-0.2,0.1588504,895.5,39.7,0.37726008
38,3874.5,-3,0.1,0.147231,895.5,39.7,0.37726008
35,3874.7,-3,0.2,0.1356145,895.5,39.7,0.37726008
35,3874.8,0,0.1,0.135618,895.5,39.7,0.37726008
36,3874.8,1,0,0.1394928,895.5,39.7,0.37726008
42,3874.8,6,0,0.1627416,895.5,39.7,0.37726008
36,3875,-6,0.2,0.1395,895.5,39.7,0.37726008
39,3875,3,0,0.151125,895.5,39.7,0.37726008
35,3875.2,-4,0.2,0.135632,895.5,39.7,0.37726008
33,3875.3,-2,0.1,0.1278849,895.6,39.7,0.37719054
35,3875.3,2,0,0.1356355,895.6,39.7,0.37719054
35,3875.4,0,0.1,0.135639,895.6,39.7,0.37719054
39,3875.4,4,0,0.1511406,895.6,39.7,0.37719054
39,3875.4,0,0,0.1511406,895.6,39.7,0.37719054
36,3875.6,-3,0.2,0.1395216,895.6,39.7,0.37719054
37,3875.6,1,0,0.1433972,895.6,39.7,0.37719054
41,3875.5,4,-0.1,0.1588955,895.6,39.7,0.37719054
35,3875.8,-6,0.3,0.135653,895.6,39.7,0.37719054
35,3875.8,0,0,0.135653,895.6,39.7,0.37719054
30,3876,-5,0.2,0.11628,895.7,39.7,0.377121
42,3875.7,12,-0.3,0.1627794,895.7,39.7,0.377121
34,3876,-8,0.3,0.131784,895.7,39.7,0.377121
32,3876.1,-2,0.1,0.1240352,895.7,39.7,0.377121
40,3875.9,8,-0.2,0.155036,895.7,39.7,0.377121
35,3876.1,-5,0.2,0.1356635,895.7,39.7,0.377121
36,3876.2,1,0.1,0.1395432,895.7,39.7,0.377121
33,3876.3,-3,0.1,0.1279179,895.7,39.7,0.377121
35,3876.3,2,0,0.1356705,895.7,39.7,0.377121
37,3876.3,2,0,0.1434231,895.7,39.7,0.377121
40,3876.3,3,0,0.155052,895.8,39.7,0.37705146
40,3876.4,0,0.1,0.155056,895.8,39.7,0.37705146
37,3876.5,-3,0.1,0.1434305,895.8,39.7,0.37705146
35,3876.6,-2,0.1,0.135681,895.8,39.7,0.37705146
41,3876.5,6,-0.1,0.1589365,895.8,39.7,0.37705146
37,3876.6,-4,0.1,0.1434342,895.8,39.7,0.37705146
44,3876.4,7,-0.2,0.1705616,895.8,39.7,0.37705146
42,3876.5,-2,0.1,0.162813,895.8,39.7,0.37705146
35,3876.8,-7,0.3,0.135688,895.8,39.7,0.37705146
36,3876.8,1,0,0.1395648,895.8,39.7,0.37705146
38,3876.8,2,0,0.1473184,895.9,39.7,0.37698192
36,3876.9,-2,0.1,0.1395684,895.9,39.7,0.37698192
37,3876.9,1,0,0.1434453,895.9,39.7,0.37698192
38,3876.9,1,0,0.1473222,895.9,39.7,0.37698192
33,3877.2,-5,0.3,0.1279476,895.9,39.7,0.37698192
40,3876.9,7,-0.3,0.155076,895.9,39.7,0.37698192
36,3877.1,-4,0.2,0.1395756,895.9,39.7,0.37698192
35,3877.2,-1,0.1,0.135702,895.9,39.7,0.37698192
39,3877.1,4,-0.1,0.1512069,895.9,39.7,0.37698192
40,3877.1,1,0,0.155084,896,39.7,0.37691238
41,3877.1,1,0,0.1589611,896,39.7,0.37691238
30,3877.5,-11,0.4,0.116325,896,39.7,0.37691238
38,3877.3,8,-0.2,0.1473374,896,39.7,0.37691238
34,3877.5,-4,0.2,0.131835,896,39.7,0.37691238
38,3877.4,4,-0.1,0.1473412,896,39.7,0.37691238
34,3877.5,-4,0.1,0.131835,896,39.7,0.37691238
37,3877.5,3,0,0.1434675,896,39.7,0.37691238
38,3877.5,1,0,0.147345,896,39.7,0.37691238
26,3877.9,-12,0.4,0.1008254,896,39.7,0.37691238
36,3877.6,10,-0.3,0.1395936,896.1,39.7,0.37684284
36,3877.7,0,0.1,0.1395972,896.1,39.7,0.37684284
36,3877.7,0,0,0.1395972,896.1,39.7,0.37684284
41,3877.6,5,-0.1,0.1589816,896.1,39.7,0.37684284
34,3877.9,-7,0.3,0.1318486,896.1,39.7,0.37684284
34,3877.9,0,0,0.1318486,896.1,39.7,0.37684284
39,3877.8,5,-0.1,0.1512342,896.1,39.7,0.37684284
38,3877.8,-1,0,0.1473564,896.1,39.7,0.37684284
43,3877.7,5,-0.1,0.1667411,896.1,39.7,0.37684284
33,3878,-10,0.3,0.127974,896.1,39.7,0.37684284
35,3878,2,0,0.13573,896.2,39.7,0.3767733
33,3878.1,-2,0.1,0.1279773,896.2,39.7,0.3767733
34,3878.1,1,0,0.1318554,896.2,39.7,0.3767733
36,3878.1,2,0,0.1396116,896.2,39.7,0.3767733
33,3878.2,-3,0.1,0.1279806,896.2,39.7,0.3767733
31,3878.3,-2,0.1,0.1202273,896.2,39.7,0.3767733
37,3878.2,6,-0.1,0.1434934,896.2,39.7,0.3767733
379.1,3867.6,342.1,-10.6,1.4662072,896.3,39.7,0.37670376
383.1,3867.1,4,-0.5,1.481486,896.4,39.7,0.37663421
374.1,3867,-9,-0.1,1.4466447,896.5,39.7,0.37656467
1356,3836.4,981.9,-30.6,5.2021584,896.9,39.7,0.37628651
1353.1,3834.9,-2.9,-1.5,5.1890032,897.3,39.7,0.37600834
1356.2,3833.6,3.1,-1.3,5.1991283,897.7,39.7,0.37573018
1356.2,3832.5,0,-1.1,5.1976365,898,39.7,0.37552156
1352.1,3831.6,-4.1,-0.9,5.1807064,898.4,39.7,0.37524339
1349.2,3830.7,-2.9,-0.9,5.1683804,898.8,39.7,0.37496523
1357.1,3829.6,7.9,-1.1,5.1971502,899.2,39.7,0.37468707
1878.9,3812.6,521.8,-17,7.1634941,899.7,39.7,0.37433936
1873.1,3811.3,-5.8,-1.3,7.138946,900.2,39.7,0.37399166
1873.1,3810,0,-1.3,7.136511,900.7,39.7,0.37364395
1875.1,3808.7,2,-1.3,7.1416934,901.2,39.7,0.37329624
1876.1,3807.5,1,-1.2,7.1432508,901.8,39.7,0.372879
-205.1,3870.7,-2081.2,63.2,-0.79388057,901.7,39.7,0.37294854
-202.1,3872.4,3,1.7,-0.78261204,901.6,39.7,0.37301808
-204.1,3873.6,-2,1.2,-0.79060176,901.6,39.7,0.37301808
-203.1,3874.5,1,0.9,-0.78691095,901.5,39.7,0.37308762
-200,3875.1,3.1,0.6,-0.77502,901.5,39.7,0.37308762
-202,3875.9,-2,0.8,-0.7829318,901.4,39.7,0.37315716
751,3847,953,-28.9,2.889097,901.6,39.7,0.37301808
754.1,3846.2,3.1,-0.8,2.9004194,901.8,39.7,0.372879
749.1,3845.9,-5,-0.3,2.8809637,902.1,39.7,0.37267038
745.1,3845.6,-4,-0.3,2.8653566,902.3,39.7,0.37253129
861.9,3841.7,116.8,-3.9,3.3111612,902.5,39.7,0.37239221
869.1,3841,7.2,-0.7,3.3382131,902.7,39.7,0.37225313
862.1,3840.8,-7,-0.2,3.3111537,903,39.7,0.37204451
864.1,3840.4,2,-0.4,3.3184896,903.2,39.7,0.37190542
866.1,3840,2,-0.4,3.325824,903.5,39.7,0.3716968
864.1,3839.7,-2,-0.3,3.3178848,903.7,39.7,0.37155772
868.1,3839.3,4,-0.4,3.3328963,903.9,39.7,0.37141864
867.1,3839,-1,-0.3,3.3287969,904.2,39.7,0.37121001
867.1,3838.7,0,-0.3,3.3285368,904.4,39.7,0.37107093
865.2,3838.4,-1.9,-0.3,3.3209837,904.7,39.7,0.37086231
2032.9,3802.2,1167.7,-36.2,7.7294924,905.2,39.7,0.3705146
2028.1,3800.5,-4.8,-1.7,7.707794,905.8,39.7,0.37009736
2030,3799,1.9,-1.5,7.71197,906.4,39.7,0.36968011
2031.1,3797.6,1.1,-1.4,7.7133054,906.9,39.7,0.36933241
2021.1,3796.8,-10,-0.8,7.6737125,907.5,39.7,0.36891516
2027.1,3795.5,6,-1.3,7.6938581,908,39.7,0.36856745
2026,3794.4,-1.1,-1.1,7.6874544,908.6,39.7,0.36815021
2027,3793.3,1,-1.1,7.6890191,909.2,39.7,0.36773296
2025.1,3792.5,-1.9,-0.8,7.6801918,909.7,39.7,0.36738526
1001.2,3823.2,-1023.9,30.7,3.8277878,910,39.7,0.36717663
1007.1,3823.5,5.9,0.3,3.8506469,910.3,39.7,0.36696801
1004.1,3823.7,-3,0.2,3.8393772,910.6,39.7,0.36675939
1000.1,3823.9,-4,0.2,3.8242824,910.8,39.7,0.36662031
994.1,3824.1,-6,0.2,3.8015378,911.1,39.7,0.36641168
1004.1,3823.8,10,-0.3,3.8394776,911.4,39.7,0.36620306
1136.1,3819.7,132,-4.1,4.3395612,911.7,39.7,0.36599444
1264,3815.5,127.9,-4.2,4.822792,912.1,39.7,0.36571627
1260.3,3815.3,-3.7,-0.2,4.8084226,912.4,39.7,0.36550765
1266.1,3814.7,5.8,-0.6,4.8297917,912.8,39.7,0.36522949
782.2,3829.4,-483.9,14.7,2.9953567,913,39.7,0.3650904
301.2,3844.6,-481,15.2,1.1579935,913.1,39.7,0.36502086
299,3845.5,-2.2,0.9,1.1498045,913.2,39.7,0.36495132
300.1,3846.2,1.1,0.7,1.1542446,913.2,39.7,0.36495132
298.1,3846.8,-2,0.6,1.1467311,913.3,39.7,0.36488178
300.2,3847.2,2.1,0.4,1.1549294,913.4,39.7,0.36481224
300.1,3847.7,-0.1,0.5,1.1546948,913.5,39.7,0.3647427
978,3827.1,677.9,-20.6,3.7429038,913.8,39.8,0.36453408
974.2,3826.7,-3.8,-0.4,3.7279711,914,39.8,0.36439499
977.1,3826.3,2.9,-0.4,3.7386777,914.3,39.8,0.36418637
977.1,3826,0,-0.3,3.7383846,914.6,39.8,0.36397775
647.1,3835.9,-330,9.9,2.4822109,914.8,39.8,0.36383866
325.2,3846.1,-321.9,10.2,1.2507517,914.8,39.8,0.36383866
322.1,3846.8,-3.1,0.7,1.2390543,914.9,39.8,0.36376912
326.2,3847.1,4.1,0.3,1.254924,915,39.8,0.36369958
322.1,3847.6,-4.1,0.5,1.239312,915.1,39.8,0.36363004
321.1,3848,-1,0.4,1.2355928,915.2,39.8,0.3635605
321.1,3848.3,0,0.3,1.2356891,915.3,39.8,0.36349096
571.1,3840.8,250,-7.5,2.1934809,915.4,39.8,0.36342142
570.1,3840.8,-1,0,2.1896401,915.6,39.8,0.36328234
1283.1,3818.7,713,-22.1,4.899774,916,39.8,0.36300417
1998,3795.7,714.9,-23,7.5838086,916.5,39.8,0.36265647
1994.1,3794.1,-3.9,-1.6,7.5658148,917.1,39.8,0.36223922
1995,3792.8,0.9,-1.3,7.566636,917.6,39.8,0.36189152
1994.1,3791.7,-0.9,-1.1,7.561029,918.2,39.8,0.36147427
1993,3790.6,-1.1,-1.1,7.5546658,918.7,39.8,0.36112656
1998.1,3789.5,5.1,-1.1,7.5717999,919.3,39.8,0.36070932
294.2,3841.3,-1703.9,51.8,1.1301105,919.4,39.7,0.36063978
288.1,3842.8,-6.1,1.5,1.1071107,919.4,39.7,0.36063978
296.1,3843.5,8,0.7,1.1380603,919.5,39.7,0.36057024
291.1,3844.3,-5,0.8,1.1190757,919.6,39.7,0.3605007
297.1,3844.8,6,0.5,1.1422901,919.7,39.8,0.36043115
302.1,3845.1,5,0.3,1.1616047,919.8,39.8,0.36036161
298.1,3845.7,-4,0.6,1.1464032,919.9,39.8,0.36029207
1128.1,3820.4,830,-25.3,4.3097932,920.2,39.8,0.36008345
1129.1,3819.7,1,-0.7,4.3128233,920.5,39.8,0.35987483
1127.1,3819.2,-2,-0.5,4.3046203,920.8,39.8,0.3596662
614.1,3834.7,-513,15.5,2.3548893,921,39.8,0.35952712
107.2,3850.7,-506.9,16,0.41279504,921,39.8,0.35952712
105.1,3851.6,-2.1,0.9,0.40480316,921,39.7,0.35952712
103.2,3852.3,-1.9,0.7,0.39755736,921.1,39.7,0.35945758
98,3853.1,-5.2,0.8,0.3776038,921.1,39.7,0.35945758
497.1,3841.3,399.1,-11.8,1.9095102,921.2,39.7,0.35938804
896.1,3828.9,399,-12.4,3.4310773,921.5,39.7,0.35917942
890.1,3828.6,-6,-0.3,3.4078369,921.7,39.7,0.35904033
894.1,3828.2,4,-0.4,3.4227936,922,39.7,0.35883171
895.1,3827.8,1,-0.4,3.4262638,922.2,39.7,0.35869263
1626.9,3804.9,731.8,-22.9,6.1901918,922.7,39.7,0.35834492
2360,3781.1,733.1,-23.8,8.923396,923.3,39.7,0.35792768
2363.1,3779.1,3.1,-2,8.9303912,924,39.7,0.35744089
2364.1,3777.5,1,-1.6,8.9303877,924.6,39.8,0.35702364
2362.1,3776.2,-2,-1.3,8.919762,925.3,39.8,0.35653686
2365.1,3774.8,3,-1.4,8.9277795,926,39.8,0.35605007
2606,3766.2,240.9,-8.6,9.8147172,926.7,39.8,0.35556328
2606.1,3764.7,0.1,-1.5,9.8111847,927.4,39.8,0.3550765
1318.2,3803.3,-1287.9,38.6,5.0135101,927.8,39.8,0.35479833
30,3843.6,-1288.2,40.3,0.115308,927.8,39.8,0.35479833
32,3845.4,2,1.8,0.1230528,927.8,39.8,0.35479833
29,3846.8,-3,1.4,0.1115572,927.8,39.8,0.35479833
37,3847.6,8,0.8,0.1423612,927.8,39.8,0.35479833
29,3848.9,-8,1.3,0.1116181,927.8,39.8,0.35479833
36,3849.5,7,0.6,0.138582,927.8,39.8,0.35479833
34,3850.3,-2,0.8,0.1309102,927.8,39.8,0.35479833
30,3851.1,-4,0.8,0.115533,927.8,39.8,0.35479833
35,3851.7,5,0.6,0.1348095,927.8,39.8,0.35479833
29,3852.4,-6,0.7,0.1117196,927.9,39.8,0.35472879
33,3853,4,0.6,0.127149,927.9,39.8,0.35472879
30,3853.6,-3,0.6,0.115608,927.9,39.8,0.35472879
28,3854.2,-2,0.6,0.1079176,927.9,39.8,0.35472879
32,3854.5,4,0.3,0.123344,927.9,39.8,0.35472879
32,3855,0,0.5,0.12336,927.9,39.8,0.35472879
40,3855.2,8,0.2,0.154208,927.9,39.8,0.35472879
34,3855.8,-6,0.6,0.1310972,927.9,39.8,0.35472879
31,3856.4,-3,0.6,0.1195484,927.9,39.8,0.35472879
37,3856.6,6,0.2,0.1426942,927.9,39.8,0.35472879
33,3857.1,-4,0.5,0.1272843,927.9,39.8,0.35472879
34,3857.4,1,0.3,0.1311516,928,39.8,0.35465925
29,3858,-5,0.6,0.111882,928,39.8,0.35465925
37,3858.1,8,0.1,0.1427497,928,39.8,0.35465925
29,3858.6,-8,0.5,0.1118994,928,39.8,0.35465925
31,3858.9,2,0.3,0.1196259,928,39.8,0.35465925
31,3859.2,0,0.3,0.1196352,928,39.8,0.35465925
27,3859.6,-4,0.4,0.1042092,928,39.8,0.35465925
33,3859.8,6,0.2,0.1273734,928,39.8,0.35465925
36,3859.9,3,0.1,0.1389564,928,39.8,0.35465925
29,3860.4,-7,0.5,0.1119516,928,39.8,0.35465925
31,3860.6,2,0.2,0.1196786,928,39.8,0.35465925
33,3860.8,2,0.2,0.1274064,928.1,39.8,0.35458971
32,3861.1,-1,0.3,0.1235552,928.1,39.8,0.35458971
33,3861.3,1,0.2,0.1274229,928.1,39.8,0.35458971
33,3861.5,0,0.2,0.1274295,928.1,39.8,0.35458971
32,3861.8,-1,0.3,0.1235776,928.1,39.8,0.35458971
31,3862.1,-1,0.3,0.1197251,928.1,39.8,0.35458971
33,3862.2,2,0.1,0.1274526,928.1,39.8,0.35458971
32,3862.4,-1,0.2,0.1235968,928.1,39.8,0.35458971
34,3862.6,2,0.2,0.1313284,928.1,39.8,0.35458971
32,3862.8,-2,0.2,0.1236096,928.1,39.8,0.35458971
32,3863,0,0.2,0.123616,928.1,39.8,0.35458971
33,3863.2,1,0.2,0.1274856,928.2,39.8,0.35452017
37,3863.3,4,0.1,0.1429421,928.2,39.8,0.35452017
27,3863.8,-10,0.5,0.1043226,928.2,39.8,0.35452017
35,3863.7,8,-0.1,0.1352295,928.2,39.8,0.35452017
33,3863.9,-2,0.2,0.1275087,928.2,39.8,0.35452017
32,3864.1,-1,0.2,0.1236512,928.2,39.8,0.35452017
31,3864.2,-1,0.1,0.1197902,928.2,39.8,0.35452017
31,3864.4,0,0.2,0.1197964,928.2,39.8,0.35452017
23,3864.8,-8,0.4,0.0888904,928.2,39.8,0.35452017
34,3864.7,11,-0.1,0.1313998,928.2,39.8,0.35452017
33,3864.8,-1,0.1,0.1275384,928.2,39.8,0.35452017
34,3864.9,1,0.1,0.1314066,928.2,39.8,0.35452017
36,3865.1,2,0.2,0.1391436,928.3,39.8,0.35445063
33,3865.2,-3,0.1,0.1275516,928.3,39.8,0.35445063
33,3865.4,0,0.2,0.1275582,928.3,39.8,0.35445063
33,3865.5,0,0.1,0.1275615,928.3,39.8,0.35445063
37,3865.5,4,0,0.1430235,928.3,39.8,0.35445063
29,3865.9,-8,0.4,0.1121111,928.3,39.8,0.35445063
34,3865.8,5,-0.1,0.1314372,928.3,39.8,0.35445063
29,3866.1,-5,0.3,0.1121169,928.3,39.8,0.35445063
36,3866,7,-0.1,0.139176,928.3,39.8,0.35445063
29,3866.4,-7,0.4,0.1121256,928.3,39.8,0.35445063
30,3866.4,1,0,0.115992,928.3,39.8,0.35445063
29,3866.5,-1,0.1,0.1121285,928.4,39.8,0.35438108
31,3866.6,2,0.1,0.1198646,928.4,39.8,0.35438108
31,3866.7,0,0.1,0.1198677,928.4,39.8,0.35438108
31,3866.8,0,0.1,0.1198708,928.4,39.8,0.35438108
27,3867,-4,0.2,0.104409,928.4,39.8,0.35438108
34,3866.9,7,-0.1,0.1314746,928.4,39.8,0.35438108
33,3867.1,-1,0.2,0.1276143,928.4,39.8,0.35438108
35,3867.1,2,0,0.1353485,928.4,39.8,0.35438108
32,3867.3,-3,0.2,0.1237536,928.4,39.8,0.35438108
34,3867.3,2,0,0.1314882,928.4,39.8,0.35438108
31,3867.5,-3,0.2,0.1198925,928.4,39.8,0.35438108
36,3867.4,5,-0.1,0.1392264,928.5,39.8,0.35431154
33,3867.6,-3,0.2,0.1276308,928.5,39.8,0.35431154
28,3867.9,-5,0.3,0.1083012,928.5,39.8,0.35431154
36,3867.7,8,-0.2,0.1392372,928.5,39.8,0.35431154
32,3867.9,-4,0.2,0.1237728,928.5,39.8,0.35431154
32,3868,0,0.1,0.123776,928.5,39.8,0.35431154
34,3868,2,0,0.131512,928.5,39.8,0.35431154
35,3868,1,0,0.13538,928.5,39.8,0.35431154
31,3868.2,-4,0.2,0.1199142,928.5,39.8,0.35431154
32,3868.3,1,0.1,0.1237856,928.5,39.8,0.35431154
31,3868.4,-1,0.1,0.1199204,928.5,39.8,0.35431154
32,3868.4,1,0,0.1237888,928.6,39.8,0.354242
28,3868.6,-4,0.2,0.1083208,928.6,39.8,0.354242
35,3868.5,7,-0.1,0.1353975,928.6,39.8,0.354242
30,3868.7,-5,0.2,0.116061,928.6,39.8,0.354242
29,3868.8,-1,0.1,0.1121952,928.6,39.8,0.354242
35,3868.7,6,-0.1,0.1354045,928.6,39.8,0.354242
36,3868.7,1,0,0.1392732,928.6,39.7,0.354242
38,3868.8,2,0.1,0.1470144,928.6,39.7,0.354242
32,3869,-6,0.2,0.123808,928.6,39.7,0.354242
31,3869.1,-1,0.1,0.1199421,928.6,39.7,0.354242
28,3869.3,-3,0.2,0.1083404,928.6,39.7,0.354242
34,3869.1,6,-0.2,0.1315494,928.7,39.7,0.35417246
29,3869.4,-5,0.3,0.1122126,928.7,39.7,0.35417246
33,3869.3,4,-0.1,0.1276869,928.7,39.7,0.35417246
36,3869.3,3,0,0.1392948,928.7,39.7,0.35417246
28,3869.6,-8,0.3,0.1083488,928.7,39.7,0.35417246
27,3869.7,-1,0.1,0.1044819,928.7,39.7,0.35417246
32,3869.6,5,-0.1,0.1238272,928.7,39.7,0.35417246
33,3869.6,1,0,0.1276968,928.7,39.7,0.35417246
30,3869.7,-3,0.1,0.116091,928.7,39.7,0.35417246
31,3869.8,1,0.1,0.1199638,928.7,39.7,0.35417246
33,3869.7,2,-0.1,0.1277001,928.7,39.7,0.35417246
30,3869.9,-3,0.2,0.116097,928.7,39.7,0.35417246
32,3869.9,2,0,0.1238368,928.8,39.7,0.35410292
29,3870,-3,0.1,0.11223,928.8,39.7,0.35410292
33,3870,4,0,0.12771,928.8,39.7,0.35410292
32,3870,-1,0,0.12384,928.8,39.7,0.35410292
30,3870.1,-2,0.1,0.116103,928.8,39.7,0.35410292
32,3870.2,2,0.1,0.1238464,928.8,39.7,0.35410292
32,3870.2,0,0,0.1238464,928.8,39.7,0.35410292
33,3870.2,1,0,0.1277166,928.8,39.7,0.35410292
32,3870.3,-1,0.1,0.1238496,928.8,39.7,0.35410292
32,3870.4,0,0.1,0.1238528,928.8,39.7,0.35410292
27,3870.6,-5,0.2,0.1045062,928.8,39.7,0.35410292
18,3870.9,-9,0.3,0.0696762,928.8,39.7,0.35410292
16,3871,-2,0.1,0.061936,928.9,39.7,0.35403338
22,3870.9,6,-0.1,0.0851598,928.9,39.7,0.35403338
15,3871.1,-7,0.2,0.0580665,928.9,39.7,0.35403338
17,3871.1,2,0,0.0658087,928.9,39.7,0.35403338
16,3871.3,-1,0.2,0.0619408,928.9,39.7,0.35403338
18,3871.2,2,-0.1,0.0696816,928.9,39.7,0.35403338
8,3871.6,-10,0.4,0.0309728,928.9,39.7,0.35403338
12,3871.5,4,-0.1,0.046458,928.9,39.7,0.35403338
13,3871.6,1,0.1,0.0503308,928.9,39.7,0.35403338
13,3871.6,0,0,0.0503308,928.9,39.7,0.35403338
14,3871.6,1,0,0.0542024,928.9,39.7,0.35403338
18,3871.6,4,0,0.0696888,928.9,39.7,0.35403338
13,3871.8,-5,0.2,0.0503334,928.9,39.7,0.35403338
14,3871.8,1,0,0.0542052,928.9,39.7,0.35403338
17,3871.7,3,-0.1,0.0658189,928.9,39.7,0.35403338
13,3871.9,-4,0.2,0.0503347,928.9,39.7,0.35403338
14,3871.9,1,0,0.0542066,928.9,39.7,0.35403338
15,3871.9,1,0,0.0580785,928.9,39.7,0.35403338
16,3871.9,1,0,0.0619504,928.9,39.7,0.35403338
18,3872,2,0.1,0.069696,928.9,39.7,0.35403338
18,3872,0,0,0.069696,928.9,39.7,0.35403338
21,3872,3,0,0.081312,928.9,39.7,0.35403338
15,3872.1,-6,0.1,0.0580815,928.9,39.7,0.35403338
18,3872.1,3,0,0.0696978,929,39.7,0.35396384
18,3872.1,0,0,0.0696978,929,39.7,0.35396384
16,3872.2,-2,0.1,0.0619552,929,39.7,0.35396384
12,3872.4,-4,0.2,0.0464688,929,39.7,0.35396384
18,3872.2,6,-0.2,0.0696996,929,39.7,0.35396384
15,3872.4,-3,0.2,0.058086,929,39.7,0.35396384
18,3872.4,3,0,0.0697032,929,39.7,0.35396384
13,3872.5,-5,0.1,0.0503425,929,39.7,0.35396384
14,3872.6,1,0.1,0.0542164,929,39.7,0.35396384
15,3872.6,1,0,0.058089,929,39.7,0.35396384
17,3872.5,2,-0.1,0.0658325,929,39.7,0.35396384
16,3872.6,-1,0.1,0.0619616,929,39.7,0.35396384
12,3872.7,-4,0.1,0.0464724,929,39.7,0.35396384
20,3872.5,8,-0.2,0.07745,929,39.7,0.35396384
14,3872.8,-6,0.3,0.0542192,929,39.7,0.35396384
17,3872.7,3,-0.1,0.0658359,929,39.7,0.35396384
17,3872.8,0,0.1,0.0658376,929,39.7,0.35396384
14,3872.9,-3,0.1,0.0542206,929,39.7,0.35396384
15,3872.9,1,0,0.0580935,929,39.7,0.35396384
15,3872.9,0,0,0.0580935,929,39.7,0.35396384
12,3873,-3,0.1,0.046476,929,39.7,0.35396384
21,3872.8,9,-0.2,0.0813288,929,39.7,0.35396384
15,3873,-6,0.2,0.058095,929,39.7,0.35396384
18,3872.9,3,-0.1,0.0697122,929.1,39.7,0.3538943
15,3873.1,-3,0.2,0.0580965,929.1,39.7,0.3538943
14,3873.1,-1,0,0.0542234,929.1,39.7,0.3538943
16,3873.1,2,0,0.0619696,929.1,39.7,0.3538943
14,3873.2,-2,0.1,0.0542248,929.1,39.7,0.3538943
15,3873.3,1,0.1,0.0580995,929.1,39.7,0.3538943
12,3873.4,-3,0.1,0.0464808,929.1,39.7,0.3538943
15,3873.3,3,-0.1,0.0580995,929.1,39.7,0.3538943
16,3873.3,1,0,0.0619728,929.1,39.7,0.3538943
10,3873.5,-6,0.2,0.038735,929.1,39.7,0.3538943
13,3873.4,3,-0.1,0.0503542,929.1,39.7,0.3538943
16,3873.4,3,0,0.0619744,929.1,39.7,0.3538943
9,3873.7,-7,0.3,0.0348633,929.1,39.7,0.3538943
14,3873.5,5,-0.2,0.054229,929.1,39.7,0.3538943
12,3873.6,-2,0.1,0.0464832,929.1,39.7,0.3538943
14,3873.5,2,-0.1,0.054229,929.1,39.7,0.3538943
14,3873.6,0,0.1,0.0542304,929.1,39.7,0.3538943
13,3873.7,-1,0.1,0.0503581,929.1,39.7,0.3538943
18,3873.5,5,-0.2,0.069723,929.1,39.7,0.3538943
11,3873.8,-7,0.3,0.0426118,929.1,39.7,0.3538943
17,3873.6,6,-0.2,0.0658512,929.1,39.7,0.3538943
14,3873.7,-3,0.1,0.0542318,929.1,39.7,0.3538943
16,3873.7,2,0,0.0619792,929.1,39.7,0.3538943
18,3873.7,2,0,0.0697266,929.1,39.7,0.3538943
18,3873.7,0,0,0.0697266,929.1,39.7,0.3538943
19,3873.7,1,0,0.0736003,929.2,39.7,0.35382476
15,3873.8,-4,0.1,0.058107,929.2,39.7,0.35382476
18,3873.8,3,0,0.0697284,929.2,39.7,0.35382476
17,3873.8,-1,0,0.0658546,929.2,39.7,0.35382476
14,3873.9,-3,0.1,0.0542346,929.2,39.7,0.35382476
12,3874,-2,0.1,0.046488,929.2,39.7,0.35382476
12,3874,0,0,0.046488,929.2,39.7,0.35382476
17,3873.9,5,-0.1,0.0658563,929.2,39.7,0.35382476
18,3873.9,1,0,0.0697302,929.2,39.7,0.35382476
19,3873.9,1,0,0.0736041,929.2,39.7,0.35382476
16,3874,-3,0.1,0.061984,929.2,39.7,0.35382476
13,3874.2,-3,0.2,0.0503646,929.2,39.7,0.35382476
11,3874.2,-2,0,0.0426162,929.2,39.7,0.35382476
18,3874.1,7,-0.1,0.0697338,929.2,39.7,0.35382476
16,3874.1,-2,0,0.0619856,929.2,39.7,0.35382476
17,3874.1,1,0,0.0658597,929.2,39.7,0.35382476
16,3874.2,-1,0.1,0.0619872,929.2,39.7,0.35382476
11,3874.4,-5,0.2,0.0426184,929.2,39.7,0.35382476
12,3874.4,1,0,0.0464928,929.2,39.7,0.35382476
17,3874.2,5,-0.2,0.0658614,929.2,39.7,0.35382476
12,3874.4,-5,0.2,0.0464928,929.2,39.7,0.35382476
14,3874.3,2,-0.1,0.0542402,929.2,39.7,0.35382476
15,3874.4,1,0.1,0.058116,929.2,39.7,0.35382476
11,3874.5,-4,0.1,0.0426195,929.2,39.7,0.35382476
13,3874.4,2,-0.1,0.0503672,929.3,39.7,0.35375522
14,3874.5,1,0.1,0.054243,929.3,39.7,0.35375522
16,3874.5,2,0,0.061992,929.3,39.7,0.35375522
12,3874.6,-4,0.1,0.0464952,929.3,39.7,0.35375522
17,3874.5,5,-0.1,0.0658665,929.3,39.7,0.35375522
14,3874.6,-3,0.1,0.0542444,929.3,39.7,0.35375522
2,3875,-12,0.4,0.00775,929.3,39.7,0.35375522
-12,3875.6,-14,0.6,-0.0465072,929.3,39.7,0.35375522
-12,3875.6,0,0,-0.0465072,929.3,39.7,0.35375522
-13,3875.7,-1,0.1,-0.0503841,929.3,39.7,0.35375522
-8,3875.6,5,-0.1,-0.0310048,929.3,39.7,0.35375522
-6,3875.6,2,0,-0.0232536,929.3,39.7,0.35375522
-9,3875.7,-3,0.1,-0.0348813,929.3,39.7,0.35375522
-17,3876,-8,0.3,-0.065892,929.3,39.7,0.35375522
-8,3875.8,9,-0.2,-0.0310064,929.3,39.7,0.35375522
-8,3875.7,0,-0.1,-0.0310056,929.2,39.7,0.35382476
373.1,3863.9,381.1,-11.8,1.4416211,929.4,39.7,0.35368567
368.1,3863.6,-5,-0.3,1.4221912,929.5,39.7,0.35361613
369,3863.2,0.9,-0.4,1.4255208,929.6,39.7,0.35354659
369.1,3862.9,0.1,-0.3,1.4257964,929.7,39.7,0.35347705
375.1,3862.4,6,-0.5,1.4487862,929.8,39.7,0.35340751
363.1,3862.5,-12,0.1,1.4024737,929.9,39.7,0.35333797
366.1,3862.1,3,-0.4,1.4139148,930,39.7,0.35326843
-152.1,3878.1,-518.2,16,-0.58985901,929.9,39.7,0.35333797
-667,3894.5,-514.9,16.4,-2.5976315,929.7,39.7,0.35347705
-664,3895.5,3,1,-2.586612,929.6,39.7,0.35354659
-673,3896.5,-9,1,-2.6223445,929.4,39.7,0.35368567
-666,3897.1,7,0.6,-2.5954686,929.2,39.7,0.35382476
-667.1,3897.7,-1.1,0.6,-2.6001557,929,39.7,0.35396384
-671,3898.5,-3.9,0.8,-2.6158935,928.8,39.7,0.35410292
-663.1,3898.8,7.9,0.3,-2.5852943,928.6,39.7,0.354242
-669,3899.5,-5.9,0.7,-2.6087655,928.4,39.7,0.35438108
-669,3900,0,0.5,-2.6091,928.3,39.7,0.35445063
1175,3843.4,1844,-56.6,4.515995,928.6,39.7,0.354242
1176.1,3841.3,1.1,-2.1,4.5177529,928.9,39.7,0.35403338
2053.9,3812.7,877.8,-28.6,7.8309045,929.5,39.7,0.35361613
2062,3810,8.1,-2.7,7.85622,930.1,39.7,0.35319889
745.2,3848.6,-1316.8,38.6,2.8679767,930.3,39.7,0.35305981
-573.9,3889.4,-1319.1,40.8,-2.2321267,930.1,39.7,0.35319889
-574.1,3890.9,-0.2,1.5,-2.2337657,929.9,39.7,0.35333797
-573,3891.9,1.1,1,-2.2300587,929.8,39.7,0.35340751
792,3850.4,1365,-41.5,3.0495168,930,39.7,0.35326843
2163.9,3806.9,1371.9,-43.5,8.2377509,930.6,39.7,0.35285118
2158.2,3804.5,-5.7,-2.4,8.2108719,931.2,39.7,0.35243394
2160,3802.3,1.8,-2.2,8.212968,931.8,39.7,0.35201669
2156,3800.5,-4,-1.8,8.193878,932.4,39.7,0.35159944
2156.1,3798.8,0.1,-1.7,8.1905927,933,39.7,0.3511822
616.3,3844.8,-1539.8,46,2.3695502,933.2,39.7,0.35104312
-934.9,3893.3,-1551.2,48.5,-3.6398462,932.9,39.7,0.35125174
-939.1,3895.7,-4.2,2.4,-3.6584519,932.6,39.7,0.35146036
-938,3897.4,1.1,1.7,-3.6557612,932.4,39.7,0.35159944
1194,3832.8,2132,-64.6,4.5763632,932.7,39.7,0.35139082
1190.1,3831.4,-3.9,-1.4,4.5597491,933.1,39.7,0.35111266
1196.1,3830,6,-1.4,4.581063,933.4,39.7,0.35090403
1193.1,3829.2,-3,-0.8,4.5686185,933.7,39.7,0.35069541
1197.1,3828.3,4,-0.9,4.5828579,934,39.7,0.35048679
949.1,3835.1,-248,6.8,3.6398934,934.3,39.7,0.35027816
950.1,3834.7,1,-0.4,3.6433485,934.6,39.7,0.35006954
944.1,3834.5,-6,-0.2,3.6201514,934.8,39.7,0.34993046
945.1,3834.1,1,-0.4,3.6236079,935.1,39.7,0.34972184
943.2,3833.8,-1.9,-0.3,3.6160402,935.4,39.7,0.34951321
950.2,3833.1,7,-0.7,3.6422116,935.6,39.7,0.34937413
948.1,3832.8,-2.1,-0.3,3.6338777,935.9,39.7,0.34916551
950.1,3832.4,2,-0.4,3.6411632,936.2,39.7,0.34895688
947.1,3832.1,-3,-0.3,3.6293819,936.4,39.7,0.3488178
1519,3814.1,571.9,-18,5.7936179,936.8,39.7,0.34853964
1518.1,3813,-0.9,-1.1,5.7885153,937.3,39.7,0.34819193
1518.1,3812.1,0,-0.9,5.787149,937.7,39.7,0.34791377
1519.1,3811.2,1,-0.9,5.7895939,938.1,39.7,0.34763561
1671.2,3805.7,152.1,-5.5,6.3600858,938.6,39.7,0.3472879
1666.1,3804.9,-5.1,-0.8,6.3393439,939,39.7,0.34700974
1673.1,3803.8,7,-1.1,6.3641378,939.5,39.7,0.34666203
1663.1,3803.2,-10,-0.6,6.3251019,940,39.7,0.34631433
1668.1,3802.3,5,-0.9,6.3426166,940.4,39.7,0.34603616
1663.1,3801.7,-5,-0.6,6.3226073,940.9,39.7,0.34568846
1672.1,3800.6,9,-1.1,6.3549833,941.3,39.7,0.34541029
1667.1,3800.1,-5,-0.5,6.3351467,941.8,39.7,0.34506259
1672.1,3799.2,5,-0.9,6.3526423,942.3,39.7,0.34471488
2572,3770.7,899.9,-28.5,9.6982404,943,39.7,0.34422809
2570.2,3768.9,-1.8,-1.8,9.6868268,943.7,39.7,0.34374131
2572.1,3767.3,1.9,-1.6,9.6898723,944.4,39.7,0.34325452
2568.1,3765.9,-4,-1.4,9.6712078,945.1,39.7,0.34276773
2565.1,3764.7,-3,-1.2,9.656832,945.8,39.7,0.34228095
2577.1,3763.1,12,-1.6,9.697885,946.6,39.7,0.34172462
2571.1,3762.1,-6,-1,9.6727353,947.3,39.7,0.34123783
2565,3761.1,-6.1,-1,9.6472215,948,39.7,0.34075104
2567.1,3760,2.1,-1.1,9.652296,948.7,39.7,0.34026426
2566.1,3758.9,-1,-1.1,9.6457133,949.4,39.7,0.33977747
-927,3866.3,-3493.1,107.4,-3.5840601,949.2,39.7,0.33991655
-926.1,3869.9,0.9,3.6,-3.5839144,948.9,39.7,0.34012517
2333,3771.6,3259.1,-98.3,8.7991428,949.5,39.7,0.33970793
2329.1,3769.5,-3.9,-2.1,8.7795424,950.2,39.7,0.33922114
349.2,3829.4,-1979.9,59.9,1.3372265,950.3,39.7,0.3391516
355.1,3830.6,5.9,1.2,1.3602461,950.4,39.7,0.33908206
350.2,3831.7,-4.9,1.1,1.3418613,950.5,39.8,0.33901252
342.1,3832.8,-8.1,1.1,1.3112009,950.6,39.8,0.33894298
353,3833.1,10.9,0.3,1.3530843,950.7,39.8,0.33887344
351.1,3833.8,-1.9,0.7,1.3460472,950.8,39.8,0.33880389
192.2,3839.3,-158.9,5.5,0.73791346,950.8,39.8,0.33880389
31,3845.1,-161.2,5.8,0.1191981,950.8,39.8,0.33880389
31,3845.9,0,0.8,0.1192229,950.8,39.8,0.33880389
33,3846.6,2,0.7,0.1269378,950.9,39.8,0.33873435
27,3847.5,-6,0.9,0.1038825,950.9,39.8,0.33873435
28,3848.2,1,0.7,0.1077496,950.9,39.8,0.33873435
31,3848.7,3,0.5,0.1193097,950.9,39.8,0.33873435
31,3849.3,0,0.6,0.1193283,950.9,39.8,0.33873435
30,3849.9,-1,0.6,0.115497,950.9,39.8,0.33873435
26,3850.5,-4,0.6,0.100113,950.9,39.8,0.33873435
29,3851,3,0.5,0.111679,950.9,39.8,0.33873435
32,3851.3,3,0.3,0.1232416,950.9,39.8,0.33873435
25,3852,-7,0.7,0.0963,950.9,39.8,0.33873435
25,3852.5,0,0.5,0.0963125,950.9,39.8,0.33873435
29,3852.8,4,0.3,0.1117312,950.9,39.8,0.33873435
35,3853,6,0.2,0.134855,951,39.8,0.33866481
29,3853.5,-6,0.5,0.1117515,951,39.8,0.33866481
34,3853.8,5,0.3,0.1310292,951,39.8,0.33866481
30,3854.3,-4,0.5,0.115629,951,39.8,0.33866481
35,3854.4,5,0.1,0.134904,951,39.8,0.33866481
24,3855.1,-11,0.7,0.0925224,951,39.8,0.33866481
38,3855,14,-0.1,0.14649,951,39.8,0.33866481
32,3855.5,-6,0.5,0.123376,951,39.8,0.33866481
35,3855.7,3,0.2,0.1349495,951,39.8,0.33866481
32,3856.1,-3,0.4,0.1233952,951,39.8,0.33866481
32,3856.4,0,0.3,0.1234048,951,39.8,0.33866481
26,3856.8,-6,0.4,0.1002768,951,39.8,0.33866481
32,3856.9,6,0.1,0.1234208,951.1,39.8,0.33859527
31,3857.2,-1,0.3,0.1195732,951.1,39.8,0.33859527
32,3857.4,1,0.2,0.1234368,951.1,39.8,0.33859527
32,3857.6,0,0.2,0.1234432,951.1,39.8,0.33859527
37,3857.7,5,0.1,0.1427349,951.1,39.8,0.33859527
25,3858.3,-12,0.6,0.0964575,951.1,39.8,0.33859527
34,3858.3,9,0,0.1311822,951.1,39.8,0.33859527
29,3858.6,-5,0.3,0.1118994,951.1,39.8,0.33859527
27,3858.9,-2,0.3,0.1041903,951.1,39.8,0.33859527
30,3859,3,0.1,0.11577,951.1,39.8,0.33859527
31,3859.2,1,0.2,0.1196352,951.1,39.8,0.33859527
28,3859.5,-3,0.3,0.108066,951.1,39.8,0.33859527
28,3859.7,0,0.2,0.1080716,951.2,39.8,0.33852573
35,3859.6,7,-0.1,0.135086,951.2,39.8,0.33852573
27,3860,-8,0.4,0.10422,951.2,39.8,0.33852573
31,3860.1,4,0.1,0.1196631,951.2,39.8,0.33852573
29,3860.3,-2,0.2,0.1119487,951.2,39.8,0.33852573
34,3860.3,5,0,0.1312502,951.2,39.8,0.33852573
30,3860.6,-4,0.3,0.115818,951.2,39.8,0.33852573
27,3860.8,-3,0.2,0.1042416,951.2,39.8,0.33852573
36,3860.7,9,-0.1,0.1389852,951.2,39.8,0.33852573
30,3861,-6,0.3,0.11583,951.2,39.8,0.33852573
29,3861.2,-1,0.2,0.1119748,951.2,39.8,0.33852573
36,3861.1,7,-0.1,0.1389996,951.3,39.8,0.33845619
26,3861.6,-10,0.5,0.1004016,951.3,39.8,0.33845619
24,3861.8,-2,0.2,0.0926832,951.3,39.8,0.33845619
28,3861.8,4,0,0.1081304,951.3,39.8,0.33845619
33,3861.8,5,0,0.1274394,951.3,39.8,0.33845619
30,3862,-3,0.2,0.11586,951.3,39.8,0.33845619
29,3862.2,-1,0.2,0.1120038,951.3,39.8,0.33845619
35,3862.1,6,-0.1,0.1351735,951.3,39.8,0.33845619
27,3862.4,-8,0.3,0.1042848,951.3,39.8,0.33845619
32,3862.4,5,0,0.1235968,951.3,39.8,0.33845619
35,3862.4,3,0,0.135184,951.3,39.8,0.33845619
32,3862.6,-3,0.2,0.1236032,951.3,39.8,0.33845619
26,3862.9,-6,0.3,0.1004354,951.4,39.8,0.33838665
30,3862.8,4,-0.1,0.115884,951.4,39.8,0.33838665
33,3862.8,3,0,0.1274724,951.4,39.8,0.33838665
31,3863,-2,0.2,0.119753,951.4,39.8,0.33838665
25,3863.3,-6,0.3,0.0965825,951.4,39.8,0.33838665
31,3863.2,6,-0.1,0.1197592,951.4,39.8,0.33838665
29,3863.4,-2,0.2,0.1120386,951.4,39.8,0.33838665
29,3863.5,0,0.1,0.1120415,951.4,39.8,0.33838665
32,3863.5,3,0,0.123632,951.4,39.8,0.33838665
34,3863.5,2,0,0.131359,951.4,39.8,0.33838665
33,3863.6,-1,0.1,0.1274988,951.4,39.8,0.33838665
28,3863.8,-5,0.2,0.1081864,951.4,39.8,0.33838665
35,3863.7,7,-0.1,0.1352295,951.5,39.8,0.33831711
30,3863.9,-5,0.2,0.115917,951.5,39.8,0.33831711
27,3864.1,-3,0.2,0.1043307,951.5,39.8,0.33831711
31,3864,4,-0.1,0.119784,951.5,39.8,0.33831711
32,3864.1,1,0.1,0.1236512,951.5,39.8,0.33831711
198.1,3859.1,166.1,-5,0.76448771,951.5,39.8,0.33831711
359.1,3853.9,161,-5.2,1.3839355,951.6,39.8,0.33824757
369.1,3853.3,10,-0.6,1.422253,951.7,39.8,0.33817803
365.1,3853.1,-4,-0.2,1.4067668,951.8,39.8,0.33810848
360.1,3853,-5,-0.1,1.3874653,951.9,39.8,0.33803894
367.1,3852.7,7,-0.3,1.4143262,952,39.8,0.3379694
360.2,3852.7,-6.9,0,1.3877425,952.1,39.8,0.33789986
355.2,3852.7,-5,0,1.368479,952.2,39.8,0.33783032
356.1,3852.5,0.9,-0.2,1.3718753,952.3,39.8,0.33776078
348.2,3852.6,-7.9,0.1,1.3414753,952.4,39.8,0.33769124
355.1,3852.2,6.9,-0.4,1.3679162,952.5,39.8,0.3376217
357.1,3852,2,-0.2,1.3755492,952.6,39.8,0.33755216
351.2,3852.1,-5.9,0.1,1.3528575,952.7,39.8,0.33748261
355.1,3851.8,3.9,-0.3,1.3677742,952.8,39.8,0.33741307
350.1,3851.9,-5,0.1,1.3485502,952.9,39.8,0.33734353
354,3851.7,3.9,-0.2,1.3635018,953,39.8,0.33727399
346.1,3851.8,-7.9,0.1,1.333108,953.1,39.8,0.33720445
405.1,3849.9,59,-1.9,1.5595945,953.2,39.8,0.33713491
406.1,3849.7,1,-0.2,1.5633632,953.4,39.8,0.33699583
403.1,3849.6,-3,-0.1,1.5517738,953.5,39.8,0.33692629
403.1,3849.4,0,-0.2,1.5516931,953.6,39.8,0.33685675
403.1,3849.3,0,-0.1,1.5516528,953.7,39.8,0.3367872
396.1,3849.4,-7,0.1,1.5247473,953.8,39.8,0.33671766
285.1,3852.7,-111,3.3,1.0984048,953.9,39.8,0.33664812
163.1,3856.5,-122,3.8,0.62899515,953.9,39.8,0.33664812
165.1,3856.6,2,0.1,0.63672466,954,39.8,0.33657858
160.1,3856.9,-5,0.3,0.61748969,954,39.8,0.33657858
162.1,3857,2,0.1,0.6252197,954.1,39.8,0.33650904
166.1,3856.9,4,-0.1,0.64063109,954.1,39.8,0.33650904
-490.9,3877.5,-657,20.6,-1.9034647,954,39.8,0.33657858
-1149,3898.8,-658.1,21.3,-4.4797212,953.7,39.8,0.3367872
-1149,3900.5,0,1.7,-4.4816745,953.3,39.8,0.33706537
-1150,3901.9,-1,1.4,-4.487185,953,39.8,0.33727399
1776.9,3812.4,2926.9,-89.5,6.7742536,953.5,39.8,0.33692629
1768.1,3809.9,-8.8,-2.5,6.7362842,954,39.8,0.33657858
1773.1,3807.8,5,-2.1,6.7516102,954.5,39.8,0.33623088
1772.2,3806,-0.9,-1.8,6.7449932,955,39.8,0.33588317
303.2,3849.9,-1469,43.9,1.1672897,955.1,39.8,0.33581363
309,3850.2,5.8,0.3,1.1897118,955.2,39.8,0.33574409
315.1,3850.4,6.1,0.2,1.213261,955.2,39.8,0.33574409
308.1,3850.7,-7,0.3,1.1864007,955.3,39.8,0.33567455
313.1,3850.6,5,-0.1,1.2056229,955.4,39.8,0.33560501
313.1,3850.7,0,0.1,1.2056542,955.5,39.8,0.33553547
311.1,3850.8,-2,0.1,1.1979839,955.6,39.8,0.33546592
-149.1,3865.1,-460.2,14.3,-0.57628641,955.5,39.8,0.33553547
-611.9,3880.1,-462.8,15,-2.3742332,955.4,39.8,0.33560501
-613.1,3881.3,-1.2,1.2,-2.379625,955.2,39.8,0.33574409
-611.1,3882.1,2,0.8,-2.3723513,955,39.8,0.33588317
-613.1,3883,-2,0.9,-2.3806673,954.9,39.8,0.33595271
-616,3883.9,-2.9,0.9,-2.3924824,954.7,39.8,0.33609179
-610.1,3884.4,5.9,0.5,-2.3698724,954.5,39.8,0.33623088
-1003,3897.3,-392.9,12.9,-3.9089919,954.2,39.8,0.3364395
-1001.1,3898.3,1.9,1,-3.9025881,954,39.8,0.33657858
-1001,3899.3,0.1,1,-3.9031993,953.7,39.8,0.3367872
-1001,3900.2,0,0.9,-3.9041002,953.4,39.8,0.33699583
-1001,3901.2,0,1,-3.9051012,953.1,39.8,0.33720445
-1002,3902,-1,0.8,-3.909804,952.9,39.8,0.33734353
-1000,3902.7,2,0.7,-3.9027,952.6,39.8,0.33755216
-997.9,3903.4,2.1,0.7,-3.8952029,952.3,39.8,0.33776078
-1002.1,3904.3,-4.2,0.9,-3.912499,952,39.8,0.3379694
186.1,3868,1188.2,-36.3,0.7198348,952.1,39.8,0.33789986
1365.1,3830.6,1179,-37.4,5.2291521,952.5,39.8,0.3376217
1360.1,3828.6,-5,-2,5.2072789,952.8,39.8,0.33741307
1367.1,3826.7,7,-1.9,5.2314816,953.2,39.8,0.33713491
1365.1,3825.2,-2,-1.5,5.2217805,953.6,39.8,0.33685675
1367,3823.9,1.9,-1.3,5.2272713,954,39.8,0.33657858
89,3862.1,-1278,38.2,0.3437269,954,39.8,0.33657858
79,3863,-10,0.9,0.305177,954,39.8,0.33657858
77,3863.4,-2,0.4,0.2974818,954,39.8,0.33657858
72,3863.7,-5,0.3,0.2781864,954.1,39.8,0.33650904
82,3863.6,10,-0.1,0.3168152,954.1,39.8,0.33650904
107.3,3862.9,25.3,-0.7,0.41448917,954.1,39.8,0.33650904
137.1,3862,29.8,-0.9,0.5294802,954.1,39.8,0.33650904
134.1,3862.1,-3,0.1,0.51790761,954.2,39.8,0.3364395
135.1,3862.1,1,0,0.52176971,954.2,39.8,0.3364395
130.1,3862.2,-5,0.1,0.50247222,954.3,39.8,0.33636996
-872.9,3893.4,-1003,31.2,-3.3985489,954,39.8,0.33657858
-874,3894.8,-1.1,1.4,-3.4040552,953.8,39.8,0.33671766
-870,3895.7,4,0.9,-3.389259,953.5,39.8,0.33692629
-867,3896.6,3,0.9,-3.3783522,953.3,39.8,0.33706537
-878,3897.7,-11,1.1,-3.4221806,953,39.8,0.33727399
1791,3816,2669,-81.7,6.834456,953.5,39.8,0.33692629
1796.1,3812.9,5.1,-3.1,6.8483497,954,39.8,0.33657858
1794.1,3810.8,-2,-2.1,6.8369563,954.5,39.8,0.33623088
1796,3808.9,1.9,-1.9,6.8407844,955,39.8,0.33588317
1793.1,3807.4,-2.9,-1.5,6.8270489,955.5,39.8,0.33553547
1796,3805.8,2.9,-1.6,6.8352168,956,39.8,0.33518776
1795,3804.5,-1,-1.3,6.8290775,956.5,39.8,0.33484006
1607.1,3808.9,-187.9,4.4,6.1212832,957,39.8,0.33449235
1416.2,3813.9,-190.9,5,5.4012452,957.4,39.8,0.33421419
1422.1,3813,5.9,-0.9,5.4224673,957.8,39.8,0.33393602
1417,3812.3,-5.1,-0.7,5.4020291,958.2,39.8,0.33365786
1420.1,3811.5,3.1,-0.8,5.4127111,958.6,39.8,0.33337969
-866.9,3881.5,-2287,70,-3.3648724,958.3,39.8,0.33358832
-871,3884,-4.1,2.5,-3.382964,958.1,39.8,0.3337274
-869,3885.7,2,1.7,-3.3766733,957.8,39.8,0.33393602
-870,3887.2,-1,1.5,-3.381864,957.6,39.8,0.3340751
-611.1,3880.4,258.9,-6.8,-2.3713124,957.4,39.8,0.33421419
-353.1,3873.2,258,-7.2,-1.3676269,957.3,39.8,0.33428373
-349,3873.6,4.1,0.4,-1.3518864,957.2,39.8,0.33435327
-349.1,3874,-0.1,0.4,-1.3524134,957.1,39.8,0.33442281
-354,3874.7,-4.9,0.7,-1.3716438,957,39.8,0.33449235
-353,3875.1,1,0.4,-1.3679103,956.9,39.8,0.33456189
-350.1,3875.4,2.9,0.3,-1.3567775,956.8,39.8,0.33463143
-349.1,3875.9,1,0.5,-1.3530767,956.7,39.8,0.33470097
1258.1,3826.5,1607.2,-49.4,4.8141196,957.1,39.8,0.33442281
1264.1,3824.5,6,-2,4.8345505,957.4,39.8,0.33421419
1260.1,3823.3,-4,-1.2,4.8177403,957.8,39.8,0.33393602
1263,3822.1,2.9,-1.2,4.8273123,958.1,39.8,0.3337274
1260.1,3821.1,-2.9,-1,4.8149681,958.5,39.8,0.33344924
1259.1,3820.3,-1,-0.8,4.8101397,958.8,39.8,0.33324061
1262,3819.3,2.9,-1,4.8199566,959.2,39.8,0.33296245
1260.1,3818.6,-1.9,-0.7,4.8118179,959.5,39.8,0.33275382
494.2,3841.4,-765.9,22.8,1.8984199,959.7,39.8,0.33261474
-273.9,3865.6,-768.1,24.2,-1.0587878,959.6,39.8,0.33268428
-269.1,3866.6,4.8,1,-1.0405021,959.5,39.8,0.33275382
1988,3797.6,2257.1,-69,7.5496288,960.1,39.8,0.33233658
1988,3795.3,0,-2.3,7.5450564,960.6,39.8,0.33198887
1987.1,3793.5,-0.9,-1.8,7.5380639,961.2,39.8,0.33157163
1988.1,3791.9,1,-1.6,7.5386764,961.7,39.8,0.33122392
1983.1,3790.7,-5,-1.2,7.5173372,962.3,39.8,0.33080668
1982.1,3789.5,-1,-1.2,7.5111679,962.8,39.8,0.33045897
-1044,3881.9,-3026.1,92.4,-4.0527036,962.5,39.8,0.33066759
-1045,3884.9,-1,3,-4.0597205,962.3,39.8,0.33080668
-1044,3887,1,2.1,-4.058028,962,39.8,0.3310153
-1042,3888.7,2,1.7,-4.0520254,961.7,39.8,0.33122392
-1043,3890.2,-1,1.5,-4.0574786,961.4,39.8,0.33143255
-1042,3891.6,1,1.4,-4.0550472,961.1,39.8,0.33164117
-1045.8,3893,-3.8,1.4,-4.0712994,960.8,39.8,0.33184979
-1043.9,3894.2,1.9,1.2,-4.0651554,960.5,39.8,0.33205841
-1046,3895.4,-2.1,1.2,-4.0745884,960.2,39.8,0.33226704
-509.1,3879.8,536.9,-15.6,-1.9752062,960.1,39.8,0.33233658
36,3863.1,545.1,-16.7,0.1390716,960.1,39.8,0.33233658
30,3862.9,-6,-0.2,0.115887,960.1,39.8,0.33233658
34,3862.7,4,-0.2,0.1313318,960.1,39.8,0.33233658
31,3862.7,-3,0,0.1197437,960.1,39.8,0.33233658
33,3862.6,2,-0.1,0.1274658,960.1,39.8,0.33233658
33,3862.7,0,0.1,0.1274691,960.1,39.8,0.33233658
28,3862.8,-5,0.1,0.1081584,960.1,39.8,0.33233658
32,3862.8,4,0,0.1236096,960.2,39.8,0.33226704
35,3862.7,3,-0.1,0.1351945,960.2,39.8,0.33226704
32,3862.9,-3,0.2,0.1236128,960.2,39.8,0.33226704
30,3863,-2,0.1,0.11589,960.2,39.8,0.33226704
35,3862.9,5,-0.1,0.1352015,960.2,39.8,0.33226704
34,3863,-1,0.1,0.131342,960.2,39.8,0.33226704
34,3863,0,0,0.131342,960.2,39.8,0.33226704
27,3863.3,-7,0.3,0.1043091,960.2,39.8,0.33226704
35,3863.1,8,-0.2,0.1352085,960.2,39.8,0.33226704
31,3863.3,-4,0.2,0.1197623,960.2,39.8,0.33226704
27,3863.5,-4,0.2,0.1043145,960.2,39.8,0.33226704
34,3863.4,7,-0.1,0.1313556,960.3,39.8,0.3321975
35,3863.4,1,0,0.135219,960.3,39.8,0.3321975
32,3863.5,-3,0.1,0.123632,960.3,39.8,0.3321975
28,3863.8,-4,0.3,0.1081864,960.3,39.8,0.3321975
34,3863.6,6,-0.2,0.1313624,960.3,39.8,0.3321975
29,3863.8,-5,0.2,0.1120502,960.3,39.8,0.3321975
30,3863.9,1,0.1,0.115917,960.3,39.8,0.3321975
34,3863.8,4,-0.1,0.1313692,960.3,39.8,0.3321975
33,3863.9,-1,0.1,0.1275087,960.3,39.8,0.3321975
27,3864.1,-6,0.2,0.1043307,960.3,39.8,0.3321975
36,3863.9,9,-0.2,0.1391004,960.3,39.8,0.3321975
38,3863.9,2,0,0.1468282,960.4,39.8,0.33212796
33,3864,-5,0.1,0.127512,960.4,39.8,0.33212796
29,3864.3,-4,0.3,0.1120647,960.4,39.8,0.33212796
34,3864.2,5,-0.1,0.1313828,960.4,39.8,0.33212796
36,3864.1,2,-0.1,0.1391076,960.4,39.8,0.33212796
31,3864.3,-5,0.2,0.1197933,960.4,39.8,0.33212796
32,3864.3,1,0,0.1236576,960.4,39.8,0.33212796
26,3864.6,-6,0.3,0.1004796,960.4,39.8,0.33212796
36,3864.3,10,-0.3,0.1391148,960.4,39.8,0.33212796
28,3864.6,-8,0.3,0.1082088,960.4,39.8,0.33212796
32,3864.5,4,-0.1,0.123664,960.4,39.8,0.33212796
32,3864.6,0,0.1,0.1236672,960.5,39.8,0.33205841
36,3864.5,4,-0.1,0.139122,960.5,39.8,0.33205841
34,3864.6,-2,0.1,0.1313964,960.5,39.8,0.33205841
33,3864.7,-1,0.1,0.1275351,960.5,39.8,0.33205841
30,3864.8,-3,0.1,0.115944,960.5,39.8,0.33205841
31,3864.8,1,0,0.1198088,960.5,39.8,0.33205841
31,3864.9,0,0.1,0.1198119,960.5,39.8,0.33205841
32,3864.9,1,0,0.1236768,960.5,39.8,0.33205841
36,3864.8,4,-0.1,0.1391328,960.5,39.8,0.33205841
30,3865,-6,0.2,0.11595,960.5,39.8,0.33205841
31,3865,1,0,0.119815,960.5,39.8,0.33205841
33,3865,2,0,0.127545,960.6,39.8,0.33198887
31,3865.1,-2,0.1,0.1198181,960.6,39.8,0.33198887
28,3865.2,-3,0.1,0.1082256,960.6,39.8,0.33198887
34,3865.1,6,-0.1,0.1314134,960.6,39.8,0.33198887
35,3865.1,1,0,0.1352785,960.6,39.8,0.33198887
34,3865.1,-1,0,0.1314134,960.6,39.8,0.33198887
38,3865,4,-0.1,0.14687,960.6,39.8,0.33198887
33,3865.2,-5,0.2,0.1275516,960.6,39.8,0.33198887
36,3865.2,3,0,0.1391472,960.6,39.8,0.33198887
30,3865.4,-6,0.2,0.115962,960.6,39.8,0.33198887
32,3865.3,2,-0.1,0.1236896,960.6,39.8,0.33198887
31,3865.4,-1,0.1,0.1198274,960.7,39.8,0.33191933
37,3865.3,6,-0.1,0.1430161,960.7,39.8,0.33191933
33,3865.4,-4,0.1,0.1275582,960.7,39.8,0.33191933
29,3865.6,-4,0.2,0.1121024,960.7,39.8,0.33191933
31,3865.6,2,0,0.1198336,960.7,39.8,0.33191933
33,3865.5,2,-0.1,0.1275615,960.7,39.8,0.33191933
33,3865.6,0,0.1,0.1275648,960.7,39.8,0.33191933
32,3865.6,-1,0,0.1236992,960.7,39.8,0.33191933
32,3865.6,0,0,0.1236992,960.7,39.8,0.33191933
36,3865.5,4,-0.1,0.139158,960.7,39.8,0.33191933
29,3865.8,-7,0.3,0.1121082,960.7,39.8,0.33191933
33,3865.7,4,-0.1,0.1275681,960.8,39.8,0.33184979
35,3865.6,2,-0.1,0.135296,960.8,39.8,0.33184979
30,3865.8,-5,0.2,0.115974,960.8,39.8,0.33184979
27,3866,-3,0.2,0.104382,960.8,39.8,0.33184979
31,3865.9,4,-0.1,0.1198429,960.8,39.8,0.33184979
29,3865.9,-2,0,0.1121111,960.8,39.8,0.33184979
28,3866,-1,0.1,0.108248,960.8,39.8,0.33184979
33,3865.9,5,-0.1,0.1275747,960.8,39.8,0.33184979
32,3865.9,-1,0,0.1237088,960.8,39.8,0.33184979
33,3865.9,1,0,0.1275747,960.8,39.8,0.33184979
35,3865.9,2,0,0.1353065,960.8,39.8,0.33184979
31,3866.1,-4,0.2,0.1198491,960.8,39.8,0.33184979
34,3865.9,3,-0.2,0.1314406,960.9,39.8,0.33178025
32,3866.1,-2,0.2,0.1237152,960.9,39.8,0.33178025
34,3866.1,2,0,0.1314474,960.9,39.8,0.33178025
33,3866.1,-1,0,0.1275813,960.9,39.8,0.33178025
35,3866.1,2,0,0.1353135,960.9,39.8,0.33178025
28,3866.3,-7,0.2,0.1082564,960.9,39.8,0.33178025
29,3866.3,1,0,0.1121227,960.9,39.8,0.33178025
33,3866.2,4,-0.1,0.1275846,960.9,39.8,0.33178025
32,3866.2,-1,0,0.1237184,960.9,39.8,0.33178025
32,3866.2,0,0,0.1237184,960.9,39.8,0.33178025
30,3866.3,-2,0.1,0.115989,960.9,39.8,0.33178025
32,3866.3,2,0,0.1237216,961,39.8,0.33171071
27,3866.5,-5,0.2,0.1043955,961,39.8,0.33171071
24,3866.6,-3,0.1,0.0927984,961,39.8,0.33171071
18,3866.8,-6,0.2,0.0696024,961,39.8,0.33171071
13,3867,-5,0.2,0.050271,961,39.8,0.33171071
14,3867,1,0,0.054138,961,39.8,0.33171071
13,3867.1,-1,0.1,0.0502723,961,39.8,0.33171071
17,3867,4,-0.1,0.065739,961,39.8,0.33171071
20,3866.9,3,-0.1,0.077338,961,39.8,0.33171071
20,3866.9,0,0,0.077338,961,39.8,0.33171071
13,3867.2,-7,0.3,0.0502736,961,39.8,0.33171071
19,3867,6,-0.2,0.073473,961,39.8,0.33171071
20,3867,1,0,0.07734,961,39.8,0.33171071
18,3867.1,-2,0.1,0.0696078,961,39.8,0.33171071
13,3867.3,-5,0.2,0.0502749,961,39.8,0.33171071
23,3867,10,-0.3,0.088941,961,39.8,0.33171071
14,3867.3,-9,0.3,0.0541422,961,39.8,0.33171071
17,3867.2,3,-0.1,0.0657424,961,39.8,0.33171071
14,3867.4,-3,0.2,0.0541436,961,39.8,0.33171071
17,3867.3,3,-0.1,0.0657441,961,39.8,0.33171071
13,3867.5,-4,0.2,0.0502775,961,39.8,0.33171071
15,3867.4,2,-0.1,0.058011,961.1,39.8,0.33164117
20,3867.3,5,-0.1,0.077346,961.1,39.8,0.33164117
16,3867.4,-4,0.1,0.0618784,961.1,39.8,0.33164117
20,3867.3,4,-0.1,0.077346,961.1,39.8,0.33164117
20,3867.4,0,0.1,0.077348,961.1,39.8,0.33164117
14,3867.6,-6,0.2,0.0541464,961.1,39.8,0.33164117
20,3867.4,6,-0.2,0.077348,961.1,39.8,0.33164117
19,3867.4,-1,0,0.0734806,961.1,39.8,0.33164117
16,3867.6,-3,0.2,0.0618816,961.1,39.8,0.33164117
12,3867.7,-4,0.1,0.0464124,961.1,39.8,0.33164117
22,3867.4,10,-0.3,0.0850828,961.1,39.8,0.33164117
16,3867.6,-6,0.2,0.0618816,961.1,39.8,0.33164117
14,3867.7,-2,0.1,0.0541478,961.1,39.8,0.33164117
17,3867.6,3,-0.1,0.0657492,961.1,39.8,0.33164117
16,3867.7,-1,0.1,0.0618832,961.1,39.8,0.33164117
16,3867.7,0,0,0.0618832,961.1,39.8,0.33164117
16,3867.7,0,0,0.0618832,961.1,39.8,0.33164117
14,3867.8,-2,0.1,0.0541492,961.1,39.8,0.33164117
15,3867.8,1,0,0.058017,961.1,39.8,0.33164117
17,3867.8,2,0,0.0657526,961.1,39.8,0.33164117
18,3867.8,1,0,0.0696204,961.1,39.8,0.33164117
15,3867.9,-3,0.1,0.0580185,961.2,39.8,0.33157163
20,3867.8,5,-0.1,0.077356,961.2,39.8,0.33157163
15,3867.9,-5,0.1,0.0580185,961.2,39.8,0.33157163
12,3868.1,-3,0.2,0.0464172,961.2,39.8,0.33157163
17,3867.9,5,-0.2,0.0657543,961.2,39.8,0.33157163
16,3867.9,-1,0,0.0618864,961.2,39.8,0.33157163
20,3867.9,4,0,0.077358,961.2,39.8,0.33157163
14,3868,-6,0.1,0.054152,961.2,39.8,0.33157163
17,3868,3,0,0.065756,961.2,39.8,0.33157163
14,3868,-3,0,0.054152,961.2,39.8,0.33157163
18,3868,4,0,0.069624,961.2,39.8,0.33157163
14,3868.1,-4,0.1,0.0541534,961.2,39.8,0.33157163
13,3868.2,-1,0.1,0.0502866,961.2,39.8,0.33157163
17,3868.1,4,-0.1,0.0657577,961.2,39.8,0.33157163
20,3868,3,-0.1,0.07736,961.2,39.8,0.33157163
16,3868.1,-4,0.1,0.0618896,961.2,39.8,0.33157163
13,3868.3,-3,0.2,0.0502879,961.2,39.8,0.33157163
16,3868.2,3,-0.1,0.0618912,961.2,39.8,0.33157163
14,3868.2,-2,0,0.0541548,961.2,39.8,0.33157163
15,3868.3,1,0.1,0.0580245,961.2,39.8,0.33157163
18,3868.2,3,-0.1,0.0696276,961.2,39.8,0.33157163
14,3868.3,-4,0.1,0.0541562,961.2,39.8,0.33157163
18,3868.2,4,-0.1,0.0696276,961.2,39.8,0.33157163
18,3868.2,0,0,0.0696276,961.3,39.8,0.33150209
19,3868.2,1,0,0.0734958,961.3,39.8,0.33150209
19,3868.2,0,0,0.0734958,961.3,39.8,0.33150209
20,3868.2,1,0,0.077364,961.3,39.8,0.33150209
-574,3886.7,-594,18.5,-2.2309658,961.1,39.8,0.33164117
-572.1,3887.4,1.9,0.7,-2.2239815,961,39.8,0.33171071
-568,3888,4.1,0.6,-2.208384,960.8,39.8,0.33184979
-571,3888.6,-3,0.6,-2.2203906,960.6,39.8,0.33198887
-571,3889.2,0,0.6,-2.2207332,960.5,39.8,0.33205841
-569.1,3889.6,1.9,0.4,-2.2135714,960.3,39.8,0.3321975
-573,3890.2,-3.9,0.6,-2.2290846,960.2,39.8,0.33226704
388,3860.7,961,-29.5,1.4979516,960.3,39.8,0.3321975
1348,3830.1,960,-30.6,5.1629748,960.6,39.8,0.33198887
1351.1,3828.1,3.1,-2,5.1721459,961,39.8,0.33171071
1344.1,3826.8,-7,-1.3,5.1436019,961.4,39.8,0.33143255
552.1,3849.9,-792,23.1,2.1255298,961.5,39.8,0.331363
551.1,3849.8,-1,-0.1,2.1216248,961.7,39.8,0.33122392
559.1,3849.3,8,-0.5,2.1521436,961.9,39.8,0.33108484
558,3848.9,-1.1,-0.4,2.1476862,962,39.8,0.3310153
552.2,3848.8,-5.8,-0.1,2.1253074,962.2,39.8,0.33087622
557.1,3848.3,4.9,-0.5,2.1438879,962.3,39.8,0.33080668
1652.9,3814.1,1095.8,-34.2,6.3043259,962.8,39.8,0.33045897
1651.1,3812.4,-1.8,-1.7,6.2946536,963.2,39.8,0.33018081
1656.1,3810.8,5,-1.6,6.3110659,963.7,39.8,0.3298331
1655,3809.5,-1.1,-1.3,6.3047225,964.2,39.8,0.3294854
1648.1,3808.5,-6.9,-1,6.2767888,964.6,39.8,0.32920723
1647.1,3807.4,-1,-1.1,6.2711685,965.1,39.8,0.32885953
1269.1,3817.9,-378,10.5,4.8452969,965.4,39.8,0.3286509
892.2,3829.1,-376.9,11.2,3.416323,965.7,39.8,0.32844228
891.1,3829,-1.1,-0.1,3.4120219,965.9,39.8,0.3283032
890.2,3828.8,-0.9,-0.2,3.4083978,966.2,39.8,0.32809458
897.1,3828.3,6.9,-0.5,3.4343679,966.4,39.8,0.32795549
893.1,3828.2,-4,-0.1,3.4189654,966.7,39.8,0.32774687
709.1,3833.5,-184,5.3,2.7183348,966.9,39.8,0.32760779
707.1,3833.6,-2,0.1,2.7107386,967.1,39.8,0.32746871
1382.1,3812.6,675,-21,5.2693945,967.4,39.8,0.32726008
1384.1,3811.5,2,-1.1,5.2754972,967.8,39.8,0.32698192
1383.1,3810.7,-1,-0.8,5.2705792,968.2,39.8,0.32670376
1390.1,3809.7,7,-1,5.295864,968.6,39.8,0.32642559
1371.2,3809.5,-18.9,-0.2,5.2235864,969,39.8,0.32614743
1366.1,3809,-5.1,-0.5,5.2034749,969.4,39.8,0.32586926
1373.1,3808.2,7,-0.8,5.2290394,969.7,39.8,0.32566064
-116.1,3853.7,-1489.2,45.5,-0.44741457,969.7,39.8,0.32566064
-118,3855.2,-1.9,1.5,-0.4549136,969.7,39.8,0.32566064
-118,3856.1,0,0.9,-0.4550198,969.6,39.8,0.32573018
-113.2,3856.8,4.8,0.7,-0.43658976,969.6,39.8,0.32573018
585,3835.8,698.2,-21,2.243943,969.8,39.8,0.3255911
585.1,3835.4,0.1,-0.4,2.2440925,969.9,39.8,0.32552156
581.1,3835.4,-4,0,2.2287509,970.1,39.8,0.32538248
590.1,3835,9,-0.4,2.2630335,970.3,39.8,0.32524339
585.1,3835,-5,0,2.2438585,970.4,39.8,0.32517385
584.1,3835,-1,0,2.2400235,970.6,39.8,0.32503477
587,3834.8,2.9,-0.2,2.2510276,970.7,39.8,0.32496523
587.1,3834.7,0.1,-0.1,2.2513524,970.9,39.8,0.32482615
582.1,3834.8,-5,0.1,2.2322371,971.1,39.8,0.32468707
586.1,3834.6,4,-0.2,2.2474591,971.2,39.8,0.32461752
-279.9,3861.5,-866,26.9,-1.0808338,971.2,39.8,0.32461752
-278,3862.5,1.9,1,-1.073775,971.1,39.8,0.32468707
-278.1,3863.3,-0.1,0.8,-1.0743837,971,39.8,0.32475661
-276,3864,2.1,0.7,-1.066464,970.9,39.8,0.32482615
-278,3864.7,-2,0.7,-1.0743866,970.8,39.8,0.32489569
-276,3865.3,2,0.6,-1.0668228,970.8,39.8,0.32489569
-280,3866,-4,0.7,-1.08248,970.7,39.8,0.32496523
-274.1,3866.3,5.9,0.3,-1.0597528,970.6,39.8,0.32503477
631.1,3838.7,905.2,-27.6,2.4226036,970.8,39.8,0.32489569
628.1,3838,-3,-0.7,2.4106478,971,39.8,0.32475661
2183.9,3789.3,1555.8,-48.7,8.2754523,971.6,39.8,0.32433936
2178,3787,-5.9,-2.3,8.248086,972.2,39.8,0.32392211
2184,3784.8,6,-2.2,8.2660032,972.8,39.8,0.32350487
2182.1,3783.1,-1.9,-1.7,8.2551025,973.4,39.8,0.32308762
2187,3781.4,4.9,-1.7,8.2699218,974,39.8,0.32267038
2191.9,3779.8,4.9,-1.6,8.2849436,974.6,39.8,0.32225313
2184.1,3778.6,-7.8,-1.2,8.2528403,975.2,39.8,0.32183588
2133.1,3778.9,-51,0.3,8.0607716,975.8,39.8,0.32141864
2086.1,3779.2,-47,0.3,7.8837891,976.4,39.8,0.32100139
2082.2,3778.3,-3.9,-0.9,7.8671763,977,39.8,0.32058414
2083,3777.2,0.8,-1.1,7.8679076,977.5,39.8,0.32023644
2083,3776.3,0,-0.9,7.8660329,978.1,39.8,0.31981919
-471,3854.6,-2554,78.3,-1.8155166,978,39.8,0.31988873
-476,3857.3,-5,2.7,-1.8360748,977.9,39.8,0.31995828
-470.1,3858.8,5.9,1.5,-1.8140219,977.7,39.8,0.32009736
-470.1,3860.3,0,1.5,-1.814727,977.6,39.8,0.3201669
-472,3861.7,-1.9,1.4,-1.8227224,977.5,39.8,0.32023644
-473.1,3862.9,-1.1,1.2,-1.827538,977.3,39.8,0.32037552
-466,3863.6,7.1,0.7,-1.8004376,977.2,39.8,0.32044506
-466,3864.6,0,1,-1.8009036,977.1,39.8,0.3205146
-464,3865.4,2,0.8,-1.7935456,976.9,39.8,0.32065369
1451,3806.9,1915,-58.5,5.5238119,977.3,39.8,0.32037552
1452.1,3805.1,1.1,-1.8,5.5253857,977.8,39.8,0.32002782
1316.1,3807.9,-136,2.8,5.0115772,978.1,39.8,0.31981919
1182.1,3811.2,-134,3.3,4.5052195,978.4,39.8,0.31961057
1180.1,3810.7,-2,-0.5,4.4970071,978.8,39.8,0.31933241
1178.1,3810.1,-2,-0.6,4.4886788,979.1,39.8,0.31912378
1181.1,3809.5,3,-0.6,4.4994005,979.4,39.8,0.31891516
1177.3,3809.1,-3.8,-0.4,4.4844534,979.8,39.8,0.318637
1175.1,3808.7,-2.2,-0.4,4.4756034,980.1,39.8,0.31842837
262.2,3836.5,-912.9,27.8,1.0059303,980.2,39.8,0.31835883
260.1,3837.4,-2.1,0.9,0.99810774,980.2,39.8,0.31835883
268.1,3837.7,8,0.3,1.0288874,980.3,39.8,0.31828929
504.1,3830.8,236,-6.9,1.9311063,980.4,39.8,0.31821975
742,3823.5,237.9,-7.3,2.837037,980.6,39.8,0.31808067
746.1,3823.1,4.1,-0.4,2.8524149,980.9,39.8,0.31787204
745,3822.9,-1.1,-0.2,2.8480605,981.1,39.8,0.31773296
745,3822.8,0,-0.1,2.847986,981.3,39.8,0.31759388
742.1,3822.7,-2.9,-0.1,2.8368257,981.5,39.8,0.3174548
747.1,3822.4,5,-0.3,2.855715,981.7,39.8,0.31731572
741.1,3822.5,-6,0.1,2.8328547,981.9,39.8,0.31717663
742.1,3822.4,1,-0.1,2.836603,982.1,39.8,0.31703755
740.1,3822.4,-2,0,2.8289582,982.3,39.8,0.31689847
1957,3784.6,1216.9,-37.8,7.4064622,982.8,39.8,0.31655076
1963,3782.6,6,-2,7.4252438,983.4,39.8,0.31613352
1953.1,3781.6,-9.9,-1,7.385843,983.9,39.8,0.31578581
1958,3780.3,4.9,-1.3,7.4018274,984.5,39.8,0.31536857
963.2,3810,-994.8,29.7,3.669792,984.7,39.8,0.31522949
965.1,3810.3,1.9,0.3,3.6773205,985,39.8,0.31502086
962.1,3810.5,-3,0.2,3.666082,985.3,39.8,0.31481224
962.1,3810.5,0,0,3.666082,985.5,39.8,0.31467316
958.3,3810.6,-3.8,0.1,3.651698,985.8,39.8,0.31446453
965.1,3810.3,6.8,-0.3,3.6773205,986.1,39.8,0.31425591
962.1,3810.2,-3,-0.1,3.6657934,986.3,39.8,0.31411683
961.1,3810.2,-1,0,3.6619832,986.6,39.8,0.31390821
961.1,3810.1,0,-0.1,3.6618871,986.9,39.8,0.31369958
-35,3841,-996.1,30.9,-0.134435,986.9,39.8,0.31369958
-32,3842.1,3,1.1,-0.1229472,986.9,39.8,0.31369958
-33,3843.1,-1,1,-0.1268223,986.9,39.8,0.31369958
-34,3843.9,-1,0.8,-0.1306926,986.8,39.8,0.31376912
-29,3844.5,5,0.6,-0.1114905,986.8,39.8,0.31376912
-30,3845.1,-1,0.6,-0.115353,986.8,39.8,0.31376912
-1186,3881.6,-1156,36.5,-4.6035776,986.5,39.8,0.31397775
-1192,3883.9,-6,2.3,-4.6296088,986.2,39.8,0.31418637
-1191,3885.6,1,1.7,-4.6277496,985.8,39.8,0.31446453
-1185,3887,6,1.4,-4.606095,985.5,39.8,0.31467316
-1190,3888.6,-5,1.6,-4.627434,985.2,39.8,0.31488178
-1185.1,3889.9,4.9,1.3,-4.6099205,984.8,39.8,0.31515994
-1188,3891.2,-2.9,1.3,-4.6227456,984.5,39.8,0.31536857
-1190,3892.5,-2,1.3,-4.632075,984.2,39.8,0.31557719
-1188,3893.7,2,1.2,-4.6257156,983.9,39.8,0.31578581
-1188,3894.7,0,1,-4.6269036,983.5,39.8,0.31606398
-674,3879.9,514,-14.8,-2.6150526,983.3,39.8,0.31620306
-148.1,3863.9,525.9,-16,-0.57224359,983.3,39.8,0.31620306
-155,3863.9,-6.9,0,-0.5989045,983.3,39.8,0.31620306
2463.9,3782.7,2618.9,-81.2,9.3201945,983.9,39.8,0.31578581
2461.1,3779.3,-2.8,-3.4,9.3012352,984.6,39.8,0.31529903
2463.1,3776.4,2,-2.9,9.3016508,985.3,39.8,0.31481224
2462.1,3774.1,-1,-2.3,9.2922116,986,39.8,0.31432545
2463.2,3772,1.1,-2.1,9.2911904,986.7,39.8,0.31383866
2463.1,3770,-0.1,-2,9.285887,987.4,39.8,0.31335188
2462.1,3768.2,-1,-1.8,9.2776852,988,39.8,0.31293463
1993.2,3781,-468.9,12.8,7.5362892,988.6,39.8,0.31251739
1988.1,3780.1,-5.1,-0.9,7.5152168,989.1,39.8,0.31216968
1991.1,3779,3,-1.1,7.5243669,989.7,39.8,0.31175243
1995,3777.8,3.9,-1.2,7.536711,990.3,39.8,0.31133519
1992,3776.9,-3,-0.9,7.5235848,990.8,39.8,0.31098748
1987.1,3776.2,-4.9,-0.7,7.503687,991.4,39.8,0.31057024
1988.1,3775.3,1,-0.9,7.5056739,991.9,39.8,0.31022253
1995,3774.1,6.9,-1.2,7.5293295,992.5,39.8,0.30980529
1991.1,3773.5,-3.9,-0.6,7.5134159,993,39.8,0.30945758
888.3,3806.7,-1102.8,33.2,3.3814916,993.3,39.8,0.30924896
885.2,3807.5,-3.1,0.8,3.370399,993.5,39.8,0.30910987
892.1,3807.6,6.9,0.1,3.39676,993.8,39.8,0.30890125
889.1,3808,-3,0.4,3.3856928,994,39.8,0.30876217
885.2,3808.3,-3.9,0.3,3.3711072,994.3,39.8,0.30855355
1241,3797.3,355.8,-11,4.7124493,994.6,39.8,0.30834492
1243.1,3796.9,2.1,-0.4,4.7199264,994.9,39.8,0.3081363
1244.1,3796.5,1,-0.4,4.7232256,995.3,39.8,0.30785814
1238.1,3796.4,-6,-0.1,4.7003228,995.6,39.8,0.30764951
1241.1,3796.1,3,-0.3,4.7113397,996,39.8,0.30737135
1245,3795.6,3.9,-0.5,4.725522,996.3,39.8,0.30716273
735.1,3811.2,-509.9,15.6,2.8016131,996.5,39.8,0.30702364
225.2,3827.4,-509.9,16.2,0.86193048,996.6,39.8,0.3069541
233.1,3828.1,7.9,0.7,0.89233011,996.7,39.8,0.30688456
228.1,3829,-5,0.9,0.8733949,996.7,39.8,0.30688456
235.1,3829.5,7,0.5,0.90031545,996.8,39.8,0.30681502
237.1,3829.9,2,0.4,0.90806929,996.9,39.8,0.30674548
124.2,3833.9,-112.9,4,0.47617038,996.9,39.8,0.30674548
15,3837.9,-109.2,4,0.0575685,996.9,39.8,0.30674548
18,3838.6,3,0.7,0.0690948,996.9,39.8,0.30674548
18,3839.2,0,0.6,0.0691056,996.9,39.8,0.30674548
15,3839.8,-3,0.6,0.057597,996.9,39.8,0.30674548
16,3840.4,1,0.6,0.0614464,996.9,39.8,0.30674548
15,3840.9,-1,0.5,0.0576135,996.9,39.8,0.30674548
14,3841.4,-1,0.5,0.0537796,996.9,39.8,0.30674548
15,3841.8,1,0.4,0.057627,996.9,39.8,0.30674548
17,3842.2,2,0.4,0.0653174,996.9,39.8,0.30674548
19,3842.5,2,0.3,0.0730075,996.9,39.8,0.30674548
15,3843,-4,0.5,0.057645,996.9,39.8,0.30674548
19,3843.3,4,0.3,0.0730227,996.9,39.8,0.30674548
13,3843.9,-6,0.6,0.0499707,996.9,39.8,0.30674548
17,3844.1,4,0.2,0.0653497,996.9,39.8,0.30674548
15,3844.5,-2,0.4,0.0576675,997,39.8,0.30667594
12,3844.9,-3,0.4,0.0461388,997,39.8,0.30667594
16,3845.1,4,0.2,0.0615216,997,39.8,0.30667594
11,3845.6,-5,0.5,0.0423016,997,39.8,0.30667594
20,3845.6,9,0,0.076912,997,39.8,0.30667594
14,3846,-6,0.4,0.053844,997,39.8,0.30667594
16,3846.2,2,0.2,0.0615392,997,39.8,0.30667594
15,3846.5,-1,0.3,0.0576975,997,39.8,0.30667594
20,3846.6,5,0.1,0.076932,997,39.8,0.30667594
23,3846.8,3,0.2,0.0884764,997,39.8,0.30667594
17,3847.2,-6,0.4,0.0654024,997,39.8,0.30667594
20,3847.3,3,0.1,0.076946,997,39.8,0.30667594
24,3847.4,4,0.1,0.0923376,997,39.8,0.30667594
16,3847.9,-8,0.5,0.0615664,997,39.8,0.30667594
13,3848.2,-3,0.3,0.0500266,997,39.8,0.30667594
15,3848.3,2,0.1,0.0577245,997,39.8,0.30667594
16,3848.4,1,0.1,0.0615744,997,39.8,0.30667594
18,3848.6,2,0.2,0.0692748,997,39.8,0.30667594
15,3848.9,-3,0.3,0.0577335,997,39.8,0.30667594
21,3848.8,6,-0.1,0.0808248,997,39.8,0.30667594
12,3849.3,-9,0.5,0.0461916,997,39.8,0.30667594
19,3849.3,7,0,0.0731367,997.1,39.8,0.3066064
14,3849.6,-5,0.3,0.0538944,997.1,39.8,0.3066064
24,3849.4,10,-0.2,0.0923856,997.1,39.8,0.3066064
20,3849.7,-4,0.3,0.076994,997.1,39.8,0.3066064
19,3849.9,-1,0.2,0.0731481,997.1,39.8,0.3066064
15,3850.2,-4,0.3,0.057753,997.1,39.8,0.3066064
17,3850.3,2,0.1,0.0654551,997.1,39.8,0.3066064
21,3850.3,4,0,0.0808563,997.1,39.8,0.3066064
13,3850.6,-8,0.3,0.0500578,997.1,39.8,0.3066064
13,3850.8,0,0.2,0.0500604,997.1,39.8,0.3066064
17,3850.8,4,0,0.0654636,997.1,39.8,0.3066064
15,3851,-2,0.2,0.057765,997.1,39.8,0.3066064
21,3850.9,6,-0.1,0.0808689,997.1,39.8,0.3066064
16,3851.2,-5,0.3,0.0616192,997.1,39.8,0.3066064
20,3851.2,4,0,0.077024,997.1,39.8,0.3066064
8,3851.7,-12,0.5,0.0308136,997.1,39.8,0.3066064
18,3851.5,10,-0.2,0.069327,997.1,39.8,0.3066064
17,3851.6,-1,0.1,0.0654772,997.1,39.8,0.3066064
11,3851.9,-6,0.3,0.0423709,997.1,39.8,0.3066064
10,3852.1,-1,0.2,0.038521,997.1,39.8,0.3066064
15,3852,5,-0.1,0.05778,997.1,39.8,0.3066064
18,3852,3,0,0.069336,997.1,39.8,0.3066064
18,3852.1,0,0.1,0.0693378,997.2,39.8,0.30653686
20,3852.1,2,0,0.077042,997.2,39.8,0.30653686
21,3852.2,1,0.1,0.0808962,997.2,39.8,0.30653686
18,3852.4,-3,0.2,0.0693432,997.2,39.8,0.30653686
11,3852.6,-7,0.2,0.0423786,997.2,39.8,0.30653686
12,3852.7,1,0.1,0.0462324,997.2,39.8,0.30653686
15,3852.7,3,0,0.0577905,997.2,39.8,0.30653686
18,3852.7,3,0,0.0693486,997.2,39.8,0.30653686
13,3853,-5,0.3,0.050089,997.2,39.8,0.30653686
19,3852.9,6,-0.1,0.0732051,997.2,39.8,0.30653686
14,3853.1,-5,0.2,0.0539434,997.2,39.8,0.30653686
15,3853.2,1,0.1,0.057798,997.2,39.8,0.30653686
16,3853.2,1,0,0.0616512,997.2,39.8,0.30653686
20,3853.2,4,0,0.077064,997.2,39.8,0.30653686
18,3853.3,-2,0.1,0.0693594,997.2,39.8,0.30653686
18,3853.3,0,0,0.0693594,997.2,39.8,0.30653686
18,3853.4,0,0.1,0.0693612,997.2,39.8,0.30653686
16,3853.5,-2,0.1,0.061656,997.2,39.8,0.30653686
19,3853.5,3,0,0.0732165,997.2,39.8,0.30653686
20,3853.5,1,0,0.07707,997.2,39.8,0.30653686
14,3853.8,-6,0.3,0.0539532,997.2,39.8,0.30653686
17,3853.8,3,0,0.0655146,997.2,39.8,0.30653686
19,3853.7,2,-0.1,0.0732203,997.3,39.8,0.30646732
17,3853.9,-2,0.2,0.0655163,997.3,39.8,0.30646732
18,3853.9,1,0,0.0693702,997.3,39.8,0.30646732
14,3854.1,-4,0.2,0.0539574,997.3,39.8,0.30646732
18,3854.1,4,0,0.0693738,997.3,39.8,0.30646732
18,3854.1,0,0,0.0693738,997.3,39.8,0.30646732
18,3854.2,0,0.1,0.0693756,997.3,39.8,0.30646732
21,3854.1,3,-0.1,0.0809361,997.3,39.8,0.30646732
23,3854.1,2,0,0.0886443,997.3,39.8,0.30646732
13,3854.5,-10,0.4,0.0501085,997.3,39.8,0.30646732
14,3854.5,1,0,0.053963,997.3,39.8,0.30646732
17,3854.5,3,0,0.0655265,997.3,39.8,0.30646732
15,3854.6,-2,0.1,0.057819,997.3,39.8,0.30646732
18,3854.5,3,-0.1,0.069381,997.3,39.8,0.30646732
16,3854.6,-2,0.1,0.0616736,997.3,39.8,0.30646732
17,3854.6,1,0,0.0655282,997.3,39.8,0.30646732
15,3854.7,-2,0.1,0.0578205,997.3,39.8,0.30646732
16,3854.8,1,0.1,0.0616768,997.3,39.8,0.30646732
19,3854.7,3,-0.1,0.0732393,997.3,39.8,0.30646732
19,3854.8,0,0.1,0.0732412,997.3,39.8,0.30646732
18,3854.9,-1,0.1,0.0693882,997.3,39.8,0.30646732
15,3855,-3,0.1,0.057825,997.4,39.8,0.30639777
15,3855,0,0,0.057825,997.4,39.8,0.30639777
19,3854.9,4,-0.1,0.0732431,997.4,39.8,0.30639777
17,3855,-2,0.1,0.065535,997.4,39.8,0.30639777
15,3855.1,-2,0.1,0.0578265,997.4,39.8,0.30639777
17,3855.1,2,0,0.0655367,997.4,39.8,0.30639777
19,3855.1,2,0,0.0732469,997.4,39.8,0.30639777
14,3855.3,-5,0.2,0.0539742,997.4,39.8,0.30639777
15,3855.3,1,0,0.0578295,997.4,39.8,0.30639777
21,3855.2,6,-0.1,0.0809592,997.4,39.8,0.30639777
15,3855.4,-6,0.2,0.057831,997.4,39.8,0.30639777
17,3855.4,2,0,0.0655418,997.4,39.8,0.30639777
28,3855,11,-0.4,0.10794,997.4,39.8,0.30639777
37,3854.8,9,-0.2,0.1426276,997.4,39.8,0.30639777
38,3854.8,1,0,0.1464824,997.4,39.8,0.30639777
39,3854.8,1,0,0.1503372,997.4,39.8,0.30639777
37,3854.9,-2,0.1,0.1426313,997.5,39.8,0.30632823
34,3855,-3,0.1,0.13107,997.5,39.8,0.30632823
37,3854.9,3,-0.1,0.1426313,997.5,39.8,0.30632823
35,3855,-2,0.1,0.134925,997.5,39.8,0.30632823
42,3854.8,7,-0.2,0.1619016,997.5,39.8,0.30632823
37,3854.9,-5,0.1,0.1426313,997.5,39.8,0.30632823
36,3855,-1,0.1,0.13878,997.5,39.8,0.30632823
43,3854.8,7,-0.2,0.1657564,997.5,39.8,0.30632823
40,3854.9,-3,0.1,0.154196,997.5,39.8,0.30632823
41,3854.9,1,0,0.1580509,997.5,39.8,0.30632823
42,3854.9,1,0,0.1619058,997.6,39.8,0.30625869
44,3854.8,2,-0.1,0.1696112,997.6,39.8,0.30625869
36,3855.1,-8,0.3,0.1387836,997.6,39.8,0.30625869
43,3854.9,7,-0.2,0.1657607,997.6,39.8,0.30625869
38,3855,-5,0.1,0.14649,997.6,39.8,0.30625869
43,3854.9,5,-0.1,0.1657607,997.6,39.8,0.30625869
39,3855.1,-4,0.2,0.1503489,997.6,39.8,0.30625869
44,3854.9,5,-0.2,0.1696156,997.6,39.8,0.30625869
44,3854.9,0,0,0.1696156,997.7,39.8,0.30618915
40,3855.1,-4,0.2,0.154204,997.7,39.8,0.30618915
39,3855.1,-1,0,0.1503489,997.7,39.8,0.30618915
37,3855.2,-2,0.1,0.1426424,997.7,39.8,0.30618915
46,3855,9,-0.2,0.17733,997.7,39.8,0.30618915
37,3855.3,-9,0.3,0.1426461,997.7,39.8,0.30618915
46,3855,9,-0.3,0.17733,997.7,39.8,0.30618915
42,3855.2,-4,0.2,0.1619184,997.7,39.8,0.30618915
39,3855.2,-3,0,0.1503528,997.7,39.8,0.30618915
39,3855.3,0,0.1,0.1503567,997.8,39.8,0.30611961
42,3855.2,3,-0.1,0.1619184,997.8,39.8,0.30611961
42,3855.2,0,0,0.1619184,997.8,39.8,0.30611961
34,3855.5,-8,0.3,0.131087,997.8,39.8,0.30611961
37,3855.4,3,-0.1,0.1426498,997.8,39.8,0.30611961
39,3855.3,2,-0.1,0.1503567,997.8,39.8,0.30611961
38,3855.4,-1,0.1,0.1465052,997.8,39.8,0.30611961
40,3855.4,2,0,0.154216,997.8,39.8,0.30611961
38,3855.4,-2,0,0.1465052,997.8,39.8,0.30611961
40,3855.4,2,0,0.154216,997.9,39.8,0.30605007
39,3855.4,-1,0,0.1503606,997.9,39.8,0.30605007
43,3855.3,4,-0.1,0.1657779,997.9,39.8,0.30605007
39,3855.5,-4,0.2,0.1503645,997.9,39.8,0.30605007
41,3855.4,2,-0.1,0.1580714,997.9,39.8,0.30605007
36,3855.6,-5,0.2,0.1388016,997.9,39.8,0.30605007
34,3855.7,-2,0.1,0.1310938,997.9,39.8,0.30605007
43,3855.4,9,-0.3,0.1657822,997.9,39.8,0.30605007
40,3855.5,-3,0.1,0.15422,997.9,39.8,0.30605007
42,3855.5,2,0,0.161931,998,39.8,0.30598053
39,3855.6,-3,0.1,0.1503684,998,39.8,0.30598053
41,3855.5,2,-0.1,0.1580755,998,39.8,0.30598053
36,3855.7,-5,0.2,0.1388052,998,39.8,0.30598053
43,3855.5,7,-0.2,0.1657865,998,39.8,0.30598053
44,3855.5,1,0,0.169642,998,39.8,0.30598053
39,3855.6,-5,0.1,0.1503684,998,39.8,0.30598053
39,3855.6,0,0,0.1503684,998,39.8,0.30598053
37,3855.7,-2,0.1,0.1426609,998,39.8,0.30598053
36,3855.7,-1,0,0.1388052,998,39.8,0.30598053
40,3855.7,4,0,0.154228,998.1,39.8,0.30591099
38,3855.8,-2,0.1,0.1465204,998.1,39.8,0.30591099
43,3855.6,5,-0.2,0.1657908,998.1,39.8,0.30591099
38,3855.7,-5,0.1,0.1465166,998.1,39.8,0.30591099
38,3855.8,0,0.1,0.1465204,998.1,39.8,0.30591099
37,3855.8,-1,0,0.1426646,998.1,39.8,0.30591099
36,3855.9,-1,0.1,0.1388124,998.1,39.8,0.30591099
38,3855.8,2,-0.1,0.1465204,998.1,39.8,0.30591099
39,3855.8,1,0,0.1503762,998.1,39.8,0.30591099
38,3855.8,-1,0,0.1465204,998.2,39.8,0.30584145
37,3855.9,-1,0.1,0.1426683,998.2,39.8,0.30584145
38,3855.9,1,0,0.1465242,998.2,39.8,0.30584145
40,3855.8,2,-0.1,0.154232,998.2,39.8,0.30584145
34,3856,-6,0.2,0.131104,998.2,39.8,0.30584145
40,3855.8,6,-0.2,0.154232,998.2,39.8,0.30584145
40,3855.9,0,0.1,0.154236,998.2,39.8,0.30584145
36,3856,-4,0.1,0.138816,998.2,39.8,0.30584145
36,3856,0,0,0.138816,998.2,39.8,0.30584145
37,3856,1,0,0.142672,998.3,39.8,0.30577191
34,3856.1,-3,0.1,0.1311074,998.3,39.8,0.30577191
46,3855.7,12,-0.4,0.1773622,998.3,39.8,0.30577191
34,3856.1,-12,0.4,0.1311074,998.3,39.8,0.30577191
37,3856.1,3,0,0.1426757,998.3,39.8,0.30577191
42,3855.9,5,-0.2,0.1619478,998.3,39.8,0.30577191
41,3856,-1,0.1,0.158096,998.3,39.8,0.30577191
40,3856,-1,0,0.15424,998.3,39.8,0.30577191
37,3856.1,-3,0.1,0.1426757,998.3,39.8,0.30577191
42,3855.9,5,-0.2,0.1619478,998.3,39.8,0.30577191
43,3856,1,0.1,0.165808,998.4,39.8,0.30570236
34,3856.2,-9,0.2,0.1311108,998.4,39.8,0.30570236
38,3856.1,4,-0.1,0.1465318,998.4,39.8,0.30570236
35,3856.2,-3,0.1,0.134967,998.4,39.8,0.30570236
34,3856.2,-1,0,0.1311108,998.4,39.8,0.30570236
40,3856.1,6,-0.1,0.154244,998.4,39.8,0.30570236
36,3856.2,-4,0.1,0.1388232,998.4,39.8,0.30570236
42,3856,6,-0.2,0.161952,998.4,39.8,0.30570236
37,3856.2,-5,0.2,0.1426794,998.4,39.8,0.30570236
38,3856.1,1,-0.1,0.1465318,998.5,39.8,0.30563282
41,3856.1,3,0,0.1581001,998.5,39.8,0.30563282
34,3856.3,-7,0.2,0.1311142,998.5,39.8,0.30563282
37,3856.2,3,-0.1,0.1426794,998.5,39.8,0.30563282
35,3856.3,-2,0.1,0.1349705,998.5,39.8,0.30563282
35,3856.3,0,0,0.1349705,998.5,39.8,0.30563282
35,3856.3,0,0,0.1349705,998.5,39.8,0.30563282
34,3856.3,-1,0,0.1311142,998.5,39.8,0.30563282
42,3856.1,8,-0.2,0.1619562,998.5,39.8,0.30563282
39,3856.2,-3,0.1,0.1503918,998.5,39.8,0.30563282
40,3856.2,1,0,0.154248,998.6,39.8,0.30556328
37,3856.3,-3,0.1,0.1426831,998.6,39.8,0.30556328
31,3856.5,-6,0.2,0.1195515,998.6,39.8,0.30556328
35,3856.4,4,-0.1,0.134974,998.6,39.8,0.30556328
32,3856.5,-3,0.1,0.123408,998.6,39.8,0.30556328
34,3856.5,2,0,0.131121,998.6,39.8,0.30556328
40,3856.3,6,-0.2,0.154252,998.6,39.8,0.30556328
38,3856.4,-2,0.1,0.1465432,998.6,39.8,0.30556328
39,3856.3,1,-0.1,0.1503957,998.6,39.8,0.30556328
36,3856.4,-3,0.1,0.1388304,998.6,39.8,0.30556328
38,3856.4,2,0,0.1465432,998.7,39.8,0.30549374
33,3856.5,-5,0.1,0.1272645,998.7,39.8,0.30549374
37,3856.4,4,-0.1,0.1426868,998.7,39.8,0.30549374
38,3856.4,1,0,0.1465432,998.7,39.8,0.30549374
35,3856.5,-3,0.1,0.1349775,998.7,39.8,0.30549374
36,3856.5,1,0,0.138834,998.7,39.8,0.30549374
38,3856.4,2,-0.1,0.1465432,998.7,39.8,0.30549374
43,3856.3,5,-0.1,0.1658209,998.7,39.8,0.30549374
34,3856.5,-9,0.2,0.131121,998.7,39.8,0.30549374
31,3856.7,-3,0.2,0.1195577,998.7,39.8,0.30549374
38,3856.5,7,-0.2,0.146547,998.8,39.8,0.3054242
39,3856.4,1,-0.1,0.1503996,998.8,39.8,0.3054242
36,3856.5,-3,0.1,0.138834,998.8,39.8,0.3054242
38,3856.4,2,-0.1,0.1465432,998.8,39.8,0.3054242
38,3856.5,0,0.1,0.146547,998.8,39.8,0.3054242
43,3856.4,5,-0.1,0.1658252,998.8,39.8,0.3054242
42,3856.4,-1,0,0.1619688,998.8,39.8,0.3054242
38,3856.5,-4,0.1,0.146547,998.8,39.8,0.3054242
38,3856.5,0,0,0.146547,998.8,39.8,0.3054242
39,3856.5,1,0,0.1504035,998.9,39.8,0.30535466
37,3856.6,-2,0.1,0.1426942,998.9,39.8,0.30535466
36,3856.6,-1,0,0.1388376,998.9,39.8,0.30535466
35,3856.6,-1,0,0.134981,998.9,39.8,0.30535466
41,3856.5,6,-0.1,0.1581165,998.9,39.8,0.30535466
42,3856.4,1,-0.1,0.1619688,998.9,39.8,0.30535466
36,3856.6,-6,0.2,0.1388376,998.9,39.8,0.30535466
37,3856.6,1,0,0.1426942,998.9,39.8,0.30535466
36,3856.6,-1,0,0.1388376,998.9,39.8,0.30535466
34,3856.7,-2,0.1,0.1311278,998.9,39.8,0.30535466
35,3856.7,1,0,0.1349845,999,39.8,0.30528512
36,3856.7,1,0,0.1388412,999,39.8,0.30528512
36,3856.7,0,0,0.1388412,999,39.8,0.30528512
35,3856.7,-1,0,0.1349845,999,39.8,0.30528512
38,3856.6,3,-0.1,0.1465508,999,39.8,0.30528512
41,3856.5,3,-0.1,0.1581165,999,39.8,0.30528512
33,3856.8,-8,0.3,0.1272744,999,39.8,0.30528512
38,3856.6,5,-0.2,0.1465508,999,39.8,0.30528512
34,3856.8,-4,0.2,0.1311312,999,39.8,0.30528512
34,3856.8,0,0,0.1311312,999,39.8,0.30528512
43,3856.5,9,-0.3,0.1658295,999.1,39.8,0.30521558
38,3856.7,-5,0.2,0.1465546,999.1,39.8,0.30521558
39,3856.7,1,0,0.1504113,999.1,39.8,0.30521558
31,3856.9,-8,0.2,0.1195639,999.1,39.8,0.30521558
39,3856.6,8,-0.3,0.1504074,999.1,39.8,0.30521558
36,3856.7,-3,0.1,0.1388412,999.1,39.8,0.30521558
38,3856.7,2,0,0.1465546,999.1,39.8,0.30521558
38,3856.7,0,0,0.1465546,999.1,39.8,0.30521558
39,3856.7,1,0,0.1504113,999.1,39.8,0.30521558
44,3856.6,5,-0.1,0.1696904,999.2,39.8,0.30514604
37,3856.7,-7,0.1,0.1426979,999.2,39.8,0.30514604
40,3856.7,3,0,0.154268,999.2,39.8,0.30514604
33,3856.9,-7,0.2,0.1272777,999.2,39.8,0.30514604
35,3856.8,2,-0.1,0.134988,999.2,39.8,0.30514604
33,3856.9,-2,0.1,0.1272777,999.2,39.8,0.30514604
37,3856.8,4,-0.1,0.1427016,999.2,39.8,0.30514604
37,3856.8,0,0,0.1427016,999.2,39.8,0.30514604
33,3856.9,-4,0.1,0.1272777,999.2,39.8,0.30514604
35,3856.9,2,0,0.1349915,999.2,39.8,0.30514604
38,3856.8,3,-0.1,0.1465584,999.3,39.8,0.3050765
34,3856.9,-4,0.1,0.1311346,999.3,39.8,0.3050765
37,3856.8,3,-0.1,0.1427016,999.3,39.8,0.3050765
42,3856.6,5,-0.2,0.1619772,999.3,39.8,0.3050765
41,3856.7,-1,0.1,0.1581247,999.3,39.8,0.3050765
38,3856.8,-3,0.1,0.1465584,999.3,39.8,0.3050765
34,3856.9,-4,0.1,0.1311346,999.3,39.8,0.3050765
36,3856.9,2,0,0.1388484,999.3,39.8,0.3050765
34,3856.9,-2,0,0.1311346,999.3,39.8,0.3050765
33,3857,-1,0.1,0.127281,999.3,39.8,0.3050765
38,3856.9,5,-0.1,0.1465622,999.4,39.8,0.30500695
36,3856.9,-2,0,0.1388484,999.4,39.8,0.30500695
30,3857.1,-6,0.2,0.115713,999.4,39.8,0.30500695
41,3856.7,11,-0.4,0.1581247,999.4,39.8,0.30500695
487.1,3842.9,446.1,-13.8,1.8718766,999.5,39.8,0.30493741
930.1,3828.6,443,-14.3,3.5609809,999.8,39.8,0.30472879
928.2,3827.6,-1.9,-1,3.5527783,1000,39.8,0.30458971
931.1,3826.6,2.9,-1,3.5629473,1000.3,39.8,0.30438108
941.1,3825.4,10,-1.2,3.6000839,1000.6,39.8,0.30417246
931.1,3825,-10,-0.4,3.5614575,1000.8,39.8,0.30403338
935,3824.2,3.9,-0.8,3.575627,1001.1,39.8,0.30382476
-221,3859.4,-1156,35.2,-0.8529274,1001,39.8,0.3038943
-222,3860.4,-1,1,-0.8570088,1001,39.8,0.3038943
512.1,3838.2,734.1,-22.2,1.9655422,1001.1,39.8,0.30382476
1245.1,3815,733,-23.2,4.7500565,1001.4,39.8,0.30361613
1245.1,3813.6,0,-1.4,4.7483134,1001.8,39.8,0.30333797
1247.1,3812.5,2,-1.1,4.7545688,1002.1,39.8,0.30312935
367.2,3838.8,-879.9,26.3,1.4096074,1002.2,39.8,0.30305981
-510,3866.4,-877.2,27.6,-1.971864,1002.1,39.8,0.30312935
-510,3867.7,0,1.3,-1.972527,1002,39.8,0.30319889
-511,3868.7,-1,1,-1.9769057,1001.8,39.8,0.30333797
-508,3869.5,3,0.8,-1.965706,1001.7,39.8,0.30340751
-510,3870.3,-2,0.8,-1.973853,1001.5,39.8,0.30354659
2130.9,3789,2640.9,-81.3,8.0739801,1002.1,39.8,0.30312935
2127,3786.1,-3.9,-2.9,8.0530347,1002.7,39.8,0.3027121
2132,3783.7,5,-2.4,8.0668484,1003.3,39.8,0.30229485
2213.1,3779.2,81.1,-4.5,8.3637475,1003.9,39.8,0.30187761
2280,3775.2,66.9,-4,8.607456,1004.6,39.8,0.30139082
2281.1,3773.4,1.1,-1.8,8.6075027,1005.2,39.8,0.30097357
2281.1,3771.7,0,-1.7,8.6036249,1005.8,39.8,0.30055633
2282.1,3770.2,1,-1.5,8.6039734,1006.5,39.8,0.30006954
2276.1,3768.9,-6,-1.3,8.5783933,1007.1,39.8,0.29965229
1017.3,3806.4,-1258.8,37.5,3.8722507,1007.4,39.8,0.29944367
1019.1,3806.7,1.8,0.3,3.879408,1007.6,39.8,0.29930459
1022.1,3806.6,3,-0.1,3.8907259,1007.9,39.8,0.29909597
1018.1,3806.7,-4,0.1,3.8756013,1008.2,39.8,0.29888734
1022.1,3806.4,4,-0.3,3.8905214,1008.5,39.8,0.29867872
1016.1,3806.4,-6,0,3.867683,1008.8,39.8,0.2984701
2313,3766,1296.9,-40.4,8.710758,1009.4,39.8,0.29805285
2311.1,3764.2,-1.9,-1.8,8.6994426,1010.1,39.8,0.29756606
1643.2,3783.4,-667.9,19.2,6.2168829,1010.5,39.8,0.2972879
971.2,3803.7,-672,20.3,3.6941534,1010.8,39.8,0.29707928
974.2,3803.9,3,0.2,3.7057594,1011.1,39.8,0.29687065
981.1,3803.8,6.9,-0.1,3.7319082,1011.3,39.8,0.29673157
-977.9,3864.7,-1959,60.9,-3.7792901,1011.1,39.8,0.29687065
-978,3867.3,-0.1,2.6,-3.7822194,1010.8,39.8,0.29707928
-977,3869.3,1,2,-3.7803061,1010.5,39.8,0.2972879
-982,3871.2,-5,1.9,-3.8015184,1010.2,39.8,0.29749652
-128.1,3846.2,853.9,-25,-0.49269822,1010.2,39.8,0.29749652
708.1,3820.5,836.2,-25.7,2.705296,1010.4,39.8,0.29735744
718,3819.4,9.9,-1.1,2.7423292,1010.6,39.8,0.29721836
712.1,3819.1,-5.9,-0.3,2.7195811,1010.8,39.8,0.29707928
714.1,3818.7,2,-0.4,2.7269337,1011,39.8,0.29694019
713.1,3818.5,-1,-0.2,2.7229723,1011.2,39.8,0.29680111
711.1,3818.3,-2,-0.2,2.7151931,1011.4,39.8,0.29666203
716.1,3817.9,5,-0.4,2.7339982,1011.6,39.8,0.29652295
157.1,3835,-559,17.1,0.6024785,1011.6,39.8,0.29652295
158.1,3835.5,1,0.5,0.60639255,1011.7,39.8,0.29645341
156.1,3836.1,-2,0.6,0.59881521,1011.7,39.8,0.29645341
154.1,3836.4,-2,0.3,0.59118924,1011.8,39.8,0.29638387
160,3836.6,5.9,0.2,0.613856,1011.8,39.8,0.29638387
156.1,3837,-3.9,0.4,0.5989557,1011.9,39.8,0.29631433
157.1,3837.2,1,0.2,0.60282412,1011.9,39.8,0.29631433
155.2,3837.5,-1.9,0.3,0.59558,1011.9,39.8,0.29631433
151.1,3837.9,-4.1,0.4,0.57990669,1012,39.8,0.29624478
1138,3807.5,986.9,-30.4,4.332935,1012.3,39.8,0.29603616
2121.9,3775.8,983.9,-31.7,8.01187,1012.9,39.8,0.29561892
2123.1,3773.6,1.2,-2.2,8.0117302,1013.5,39.8,0.29520167
2125,3771.8,1.9,-1.8,8.015075,1014.1,39.8,0.29478442
2127.1,3770.2,2.1,-1.6,8.0195924,1014.7,39.8,0.29436718
2120.1,3769.1,-7,-1.1,7.9908689,1015.3,39.8,0.29394993
2127,3767.7,6.9,-1.4,8.0138979,1015.8,39.8,0.29360223
2124.1,3766.6,-2.9,-1.1,8.0006351,1016.4,39.8,0.29318498
-409.1,3844.2,-2533.2,77.6,-1.5726622,1016.3,39.8,0.29325452
-409.1,3846.5,0,2.3,-1.5736032,1016.2,39.8,0.29332406
-400.1,3847.9,9,1.4,-1.5395448,1016.1,39.8,0.2933936
-411,3849.5,-10.9,1.6,-1.5821445,1016,39.8,0.29346314
-410,3850.6,1,1.1,-1.578746,1015.9,39.8,0.29353268
-406.2,3851.5,3.8,0.9,-1.5644793,1015.8,39.8,0.29360223
-409,3852.5,-2.8,1,-1.5756725,1015.6,39.8,0.29374131
-403,3853.2,6,0.7,-1.5528396,1015.5,39.8,0.29381085
-402,3853.9,1,0.7,-1.5492678,1015.4,39.8,0.29388039
-407,3854.8,-5,0.9,-1.5689036,1015.3,39.8,0.29394993
-915,3871.4,-508,16.6,-3.542331,1015.1,39.8,0.29408901
-909,3872.5,6,1.1,-3.5201025,1014.8,39.8,0.29429764
-540.1,3862.2,368.9,-10.3,-2.0859742,1014.6,39.8,0.29443672
-163.1,3851.1,377,-11.1,-0.62811441,1014.6,39.8,0.29443672
-158.1,3851.1,5,0,-0.60885891,1014.6,39.8,0.29443672
-166,3851.6,-7.9,0.5,-0.6393656,1014.5,39.8,0.29450626
-502,3862.3,-336,10.7,-1.9388746,1014.4,39.8,0.2945758
-502.1,3863,-0.1,0.7,-1.9396123,1014.2,39.8,0.29471488
-506,3863.8,-3.9,0.8,-1.9550828,1014.1,39.8,0.29478442
-506,3864.4,0,0.6,-1.9553864,1014,39.8,0.29485396
-501.1,3864.8,4.9,0.4,-1.9366513,1013.8,39.8,0.29499305
-508,3865.5,-6.9,0.7,-1.963674,1013.7,39.8,0.29506259
-500.1,3865.8,7.9,0.3,-1.9332866,1013.5,39.8,0.29520167
1968,3789.7,2468.1,-76.1,7.4581296,1014.1,39.8,0.29478442
1968,3786.8,0,-2.9,7.4524224,1014.6,39.8,0.29443672
1962.1,3784.8,-5.9,-2,7.4261561,1015.2,39.8,0.29401947
1968.1,3782.7,6,-2.1,7.4447319,1015.7,39.8,0.29367177
1970.1,3780.9,2,-1.8,7.4487511,1016.3,39.8,0.29325452
1967,3779.4,-3.1,-1.5,7.4340798,1016.8,39.8,0.29290682
1966.1,3778,-0.9,-1.4,7.4279258,1017.4,39.8,0.29248957
1964,3776.7,-2.1,-1.3,7.4174388,1017.9,39.8,0.29214186
1106.2,3801.9,-857.8,25.2,4.2056618,1018.2,39.8,0.29193324
242.2,3828.6,-864,26.7,0.92728692,1018.3,39.8,0.2918637
242.2,3829.5,0,0.9,0.9275049,1018.3,39.8,0.2918637
244.1,3830.1,1.9,0.6,0.93492741,1018.4,39.8,0.29179416
238.1,3830.7,-6,0.6,0.91208967,1018.5,39.8,0.29172462
241.1,3831,3,0.3,0.9236541,1018.5,39.8,0.29172462
240.1,3831.4,-1,0.4,0.91991914,1018.6,39.8,0.29165508
1164.1,3803,924,-28.4,4.4270723,1018.9,39.8,0.29144645
1158.1,3802.1,-6,-0.9,4.403212,1019.3,39.8,0.29116829
653.2,3817,-504.9,14.9,2.4932644,1019.4,39.8,0.29109875
147.2,3832.7,-506,15.7,0.56417344,1019.5,39.8,0.29102921
138.2,3833.6,-9,0.9,0.52980352,1019.5,39.8,0.29102921
-12,3838.9,-150.2,5.3,-0.0460668,1019.5,39.8,0.29102921
-7,3839.4,5,0.5,-0.0268758,1019.5,39.8,0.29102921
-5,3839.8,2,0.4,-0.019199,1019.5,39.8,0.29102921
-8,3840.3,-3,0.5,-0.0307224,1019.5,39.8,0.29102921
-7,3840.7,1,0.4,-0.0268849,1019.5,39.8,0.29102921
2200,3772.6,2207,-68.1,8.29972,1020.1,39.8,0.29061196
2208.1,3769.7,8.1,-2.9,8.3238746,1020.7,39.8,0.29019471
2203.1,3767.8,-5,-1.9,8.3008402,1021.3,39.8,0.28977747
2202.1,3766.2,-1,-1.6,8.293549,1022,39.8,0.28929068
-17,3833.6,-2219.1,67.4,-0.0651712,1022,39.8,0.28929068
-14,3835,3,1.4,-0.05369,1021.9,39.8,0.28936022
-24,3836.4,-10,1.4,-0.0920736,1021.9,39.8,0.28936022
-16,3836.9,8,0.5,-0.0613904,1021.9,39.8,0.28936022
-16,3837.6,0,0.7,-0.0614016,1021.9,39.8,0.28936022
2492.9,3760.3,2508.9,-77.3,9.3740519,1022.6,39.8,0.28887344
2489.1,3757.5,-3.8,-2.8,9.3527932,1023.3,39.8,0.28838665
2498.1,3755.2,9,-2.3,9.3808651,1024,39.8,0.28789986
1391.2,3787.7,-1106.9,32.5,5.2694482,1024.4,39.8,0.2876217
287.2,3821.7,-1104,34,1.0975922,1024.5,39.8,0.28755216
287.1,3822.8,-0.1,1.1,1.0975259,1024.6,39.8,0.28748261
289.1,3823.4,2,0.6,1.1053449,1024.6,39.8,0.28748261
1965.9,3772.1,1676.8,-51.3,7.4155714,1025.2,39.8,0.28706537
1975,3769.9,9.1,-2.2,7.4455525,1025.7,39.8,0.28671766
1965.1,3769,-9.9,-0.9,7.4064619,1026.3,39.8,0.28630042
1962.1,3768,-3,-1,7.3931928,1026.8,39.8,0.28595271
1965,3766.9,2.9,-1.1,7.4019585,1027.4,39.8,0.28553547
-457.9,3841.2,-2422.9,74.3,-1.7588855,1027.2,39.8,0.28567455
-456.1,3843.4,1.8,2.2,-1.7529747,1027.1,39.8,0.28574409
-457,3845.1,-0.9,1.7,-1.7572107,1027,39.8,0.28581363
-454,3846.4,3,1.3,-1.7462656,1026.9,39.8,0.28588317
-458,3847.7,-4,1.3,-1.7622466,1026.7,39.8,0.28602225
-456,3848.7,2,1,-1.7550072,1026.6,39.8,0.28609179
-454.1,3849.6,1.9,0.9,-1.7481034,1026.5,39.8,0.28616134
-457,3850.6,-2.9,1,-1.7597242,1026.4,39.8,0.28623088
429.1,3823.9,886.1,-26.7,1.6408355,1026.5,39.8,0.28616134
435,3823.3,5.9,-0.6,1.6631355,1026.6,39.8,0.28609179
427.1,3823.3,-7.9,0,1.6329314,1026.7,39.8,0.28602225
429.1,3823.2,2,-0.1,1.6405351,1026.8,39.8,0.28595271
432.1,3823,3,-0.2,1.6519183,1027,39.8,0.28581363
431.1,3823,-1,0,1.6480953,1027.1,39.8,0.28574409
431.1,3823,0,0,1.6480953,1027.2,39.8,0.28567455
436,3822.8,4.9,-0.2,1.6667408,1027.3,39.8,0.28560501
2283,3765.5,1847,-57.3,8.5966365,1027.9,39.8,0.28518776
2285.1,3762.9,2.1,-2.6,8.5986028,1028.6,39.8,0.28470097
2284.1,3760.9,-1,-2,8.5902717,1029.2,39.8,0.28428373
2287.1,3759.1,3,-1.8,8.5974376,1029.9,39.8,0.28379694
2286.1,3757.7,-1,-1.4,8.590478,1030.5,39.8,0.28337969
1150.2,3791.5,-1135.9,33.8,4.3609833,1030.8,39.8,0.28317107
24,3826.6,-1126.2,35.1,0.0918384,1030.8,39.8,0.28317107
22,3828.1,-2,1.5,0.0842182,1030.8,39.8,0.28317107
20,3829.2,-2,1.1,0.076584,1030.8,39.8,0.28317107
25,3829.9,5,0.7,0.0957475,1030.8,39.8,0.28317107
24,3830.6,-1,0.7,0.0919344,1030.8,39.8,0.28317107
27,3831.1,3,0.5,0.1034397,1030.8,39.8,0.28317107
20,3831.9,-7,0.8,0.076638,1030.9,39.8,0.28310153
21,3832.4,1,0.5,0.0804804,1030.9,39.8,0.28310153
26,3832.7,5,0.3,0.0996502,1030.9,39.8,0.28310153
15,3833.5,-11,0.8,0.0575025,1030.9,39.8,0.28310153
26,3833.6,11,0.1,0.0996736,1030.9,39.8,0.28310153
20,3834.2,-6,0.6,0.076684,1030.9,39.8,0.28310153
20,3834.6,0,0.4,0.076692,1030.9,39.8,0.28310153
20,3834.9,0,0.3,0.076698,1030.9,39.8,0.28310153
24,3835.1,4,0.2,0.0920424,1030.9,39.8,0.28310153
21,3835.6,-3,0.5,0.0805476,1030.9,39.8,0.28310153
23,3835.8,2,0.2,0.0882234,1030.9,39.8,0.28310153
19,3836.2,-4,0.4,0.0728878,1030.9,39.8,0.28310153
22,3836.5,3,0.3,0.084403,1030.9,39.8,0.28310153
28,3836.6,6,0.1,0.1074248,1030.9,39.8,0.28310153
18,3837.1,-10,0.5,0.0690678,1030.9,39.8,0.28310153
21,3837.3,3,0.2,0.0805833,1030.9,39.8,0.28310153
24,3837.4,3,0.1,0.0920976,1030.9,39.8,0.28310153
25,3837.6,1,0.2,0.09594,1031,39.8,0.28303199
22,3837.9,-3,0.3,0.0844338,1031,39.8,0.28303199
21,3838.2,-1,0.3,0.0806022,1031,39.8,0.28303199
24,3838.3,3,0.1,0.0921192,1031,39.8,0.28303199
17,3838.7,-7,0.4,0.0652579,1031,39.8,0.28303199
25,3838.7,8,0,0.0959675,1031,39.8,0.28303199
19,3839.1,-6,0.4,0.0729429,1031,39.8,0.28303199
23,3839.1,4,0,0.0882993,1031,39.8,0.28303199
22,3839.3,-1,0.2,0.0844646,1031,39.8,0.28303199
28,3839.3,6,0,0.1075004,1031,39.8,0.28303199
24,3839.6,-4,0.3,0.0921504,1031,39.8,0.28303199
21,3839.8,-3,0.2,0.0806358,1031,39.8,0.28303199
26,3839.9,5,0.1,0.0998374,1031,39.8,0.28303199
23,3840.1,-3,0.2,0.0883223,1031,39.8,0.28303199
18,3840.4,-5,0.3,0.0691272,1031,39.8,0.28303199
23,3840.4,5,0,0.0883292,1031,39.8,0.28303199
20,3840.6,-3,0.2,0.076812,1031.1,39.8,0.28296245
23,3840.7,3,0.1,0.0883361,1031.1,39.8,0.28296245
23,3840.8,0,0.1,0.0883384,1031.1,39.8,0.28296245
28,3840.8,5,0,0.1075424,1031.1,39.8,0.28296245
19,3841.2,-9,0.4,0.0729828,1031.1,39.8,0.28296245
23,3841.2,4,0,0.0883476,1031.1,39.8,0.28296245
20,3841.4,-3,0.2,0.076828,1031.1,39.8,0.28296245
20,3841.5,0,0.1,0.07683,1031.1,39.8,0.28296245
27,3841.4,7,-0.1,0.1037178,1031.1,39.8,0.28296245
23,3841.6,-4,0.2,0.0883568,1031.1,39.8,0.28296245
21,3841.8,-2,0.2,0.0806778,1031.1,39.8,0.28296245
27,3841.7,6,-0.1,0.1037259,1031.1,39.8,0.28296245
21,3842,-6,0.3,0.080682,1031.1,39.8,0.28296245
19,3842.2,-2,0.2,0.0730018,1031.1,39.8,0.28296245
27,3842,8,-0.2,0.103734,1031.1,39.8,0.28296245
26,3842.1,-1,0.1,0.0998946,1031.2,39.8,0.28289291
19,3842.4,-7,0.3,0.0730056,1031.2,39.8,0.28289291
22,3842.4,3,0,0.0845328,1031.2,39.8,0.28289291
22,3842.5,0,0.1,0.084535,1031.2,39.8,0.28289291
29,3842.4,7,-0.1,0.1114296,1031.2,39.8,0.28289291
23,3842.6,-6,0.2,0.0883798,1031.2,39.8,0.28289291
21,3842.8,-2,0.2,0.0806988,1031.2,39.8,0.28289291
18,3843,-3,0.2,0.069174,1031.2,39.8,0.28289291
25,3842.8,7,-0.2,0.09607,1031.2,39.8,0.28289291
28,3842.8,3,0,0.1075984,1031.2,39.8,0.28289291
30,3842.8,2,0,0.115284,1031.2,39.8,0.28289291
24,3843.1,-6,0.3,0.0922344,1031.2,39.8,0.28289291
23,3843.2,-1,0.1,0.0883936,1031.2,39.8,0.28289291
24,3843.2,1,0,0.0922368,1031.2,39.8,0.28289291
19,3843.4,-5,0.2,0.0730246,1031.2,39.8,0.28289291
26,3843.3,7,-0.1,0.0999258,1031.2,39.8,0.28289291
28,3843.3,2,0,0.1076124,1031.3,39.8,0.28282337
25,3843.4,-3,0.1,0.096085,1031.3,39.8,0.28282337
21,3843.6,-4,0.2,0.0807156,1031.3,39.8,0.28282337
29,3843.4,8,-0.2,0.1114586,1031.3,39.8,0.28282337
23,3843.7,-6,0.3,0.0884051,1031.3,39.8,0.28282337
18,3843.9,-5,0.2,0.0691902,1031.3,39.8,0.28282337
24,3843.8,6,-0.1,0.0922512,1031.3,39.8,0.28282337
21,3843.9,-3,0.1,0.0807219,1031.3,39.8,0.28282337
16,3844.1,-5,0.2,0.0615056,1031.3,39.8,0.28282337
22,3844,6,-0.1,0.084568,1031.3,39.8,0.28282337
23,3844,1,0,0.088412,1031.3,39.8,0.28282337
24,3844,1,0,0.092256,1031.3,39.8,0.28282337
20,3844.2,-4,0.2,0.076884,1031.3,39.8,0.28282337
24,3844.2,4,0,0.0922608,1031.3,39.8,0.28282337
19,3844.3,-5,0.1,0.0730417,1031.3,39.8,0.28282337
21,3844.3,2,0,0.0807303,1031.3,39.8,0.28282337
24,3844.3,3,0,0.0922632,1031.4,39.8,0.28275382
24,3844.3,0,0,0.0922632,1031.4,39.8,0.28275382
20,3844.5,-4,0.2,0.07689,1031.4,39.8,0.28275382
26,3844.3,6,-0.2,0.0999518,1031.4,39.8,0.28275382
25,3844.4,-1,0.1,0.09611,1031.4,39.8,0.28275382
19,3844.6,-6,0.2,0.0730474,1031.4,39.8,0.28275382
23,3844.6,4,0,0.0884258,1031.4,39.8,0.28275382
26,3844.5,3,-0.1,0.099957,1031.4,39.8,0.28275382
23,3844.7,-3,0.2,0.0884281,1031.4,39.8,0.28275382
23,3844.7,0,0,0.0884281,1031.4,39.8,0.28275382
24,3844.7,1,0,0.0922728,1031.4,39.8,0.28275382
22,3844.8,-2,0.1,0.0845856,1031.4,39.8,0.28275382
23,3844.8,1,0,0.0884304,1031.4,39.8,0.28275382
22,3844.9,-1,0.1,0.0845878,1031.4,39.8,0.28275382
20,3845,-2,0.1,0.0769,1031.4,39.8,0.28275382
20,3845,0,0,0.0769,1031.4,39.8,0.28275382
20,3845,0,0,0.0769,1031.5,39.8,0.28268428
24,3845,4,0,0.09228,1031.5,39.8,0.28268428
25,3845,1,0,0.096125,1031.5,39.8,0.28268428
22,3845.1,-3,0.1,0.0845922,1031.5,39.8,0.28268428
23,3845.1,1,0,0.0884373,1031.5,39.8,0.28268428
23,3845.1,0,0,0.0884373,1031.5,39.8,0.28268428
20,3845.3,-3,0.2,0.076906,1031.5,39.8,0.28268428
20,3845.3,0,0,0.076906,1031.5,39.8,0.28268428
17,3845.4,-3,0.1,0.0653718,1031.5,39.8,0.28268428
26,3845.2,9,-0.2,0.0999752,1031.5,39.8,0.28268428
24,3845.3,-2,0.1,0.0922872,1031.5,39.8,0.28268428
27,3845.2,3,-0.1,0.1038204,1031.5,39.8,0.28268428
22,3845.4,-5,0.2,0.0845988,1031.5,39.8,0.28268428
28,3845.2,6,-0.2,0.1076656,1031.5,39.8,0.28268428
23,3845.4,-5,0.2,0.0884442,1031.5,39.8,0.28268428
24,3845.4,1,0,0.0922896,1031.6,39.8,0.28261474
25,3845.4,1,0,0.096135,1031.6,39.8,0.28261474
22,3845.5,-3,0.1,0.084601,1031.6,39.8,0.28261474
23,3845.5,1,0,0.0884465,1031.6,39.8,0.28261474
15,3845.8,-8,0.3,0.057687,1031.6,39.8,0.28261474
25,3845.5,10,-0.3,0.0961375,1031.6,39.8,0.28261474
18,3845.8,-7,0.3,0.0692244,1031.6,39.8,0.28261474
31,3845.4,13,-0.4,0.1192074,1031.6,39.8,0.28261474
23,3845.6,-8,0.2,0.0884488,1031.6,39.8,0.28261474
24,3845.6,1,0,0.0922944,1031.6,39.8,0.28261474
27,3845.6,3,0,0.1038312,1031.6,39.8,0.28261474
21,3845.8,-6,0.2,0.0807618,1031.6,39.8,0.28261474
24,3845.7,3,-0.1,0.0922968,1031.6,39.8,0.28261474
20,3845.9,-4,0.2,0.076918,1031.6,39.8,0.28261474
19,3845.9,-1,0,0.0730721,1031.6,39.8,0.28261474
27,3845.7,8,-0.2,0.1038339,1031.6,39.8,0.28261474
23,3845.9,-4,0.2,0.0884557,1031.7,39.8,0.2825452
22,3845.9,-1,0,0.0846098,1031.7,39.8,0.2825452
22,3845.9,0,0,0.0846098,1031.7,39.8,0.2825452
29,3845.7,7,-0.2,0.1115253,1031.7,39.8,0.2825452
22,3845.9,-7,0.2,0.0846098,1031.7,39.8,0.2825452
23,3846,1,0.1,0.088458,1031.7,39.8,0.2825452
23,3846,0,0,0.088458,1031.7,39.8,0.2825452
18,3846.2,-5,0.2,0.0692316,1031.7,39.8,0.2825452
19,3846.1,1,-0.1,0.0730759,1031.7,39.8,0.2825452
25,3846,6,-0.1,0.09615,1031.7,39.8,0.2825452
24,3846,-1,0,0.092304,1031.7,39.8,0.2825452
25,3846,1,0,0.09615,1031.7,39.8,0.2825452
23,3846.1,-2,0.1,0.0884603,1031.7,39.8,0.2825452
23,3846.1,0,0,0.0884603,1031.7,39.8,0.2825452
26,3846.1,3,0,0.0999986,1031.7,39.8,0.2825452
24,3846.1,-2,0,0.0923064,1031.8,39.8,0.28247566
22,3846.2,-2,0.1,0.0846164,1031.8,39.8,0.28247566
22,3846.2,0,0,0.0846164,1031.8,39.8,0.28247566
20,3846.3,-2,0.1,0.076926,1031.8,39.8,0.28247566
21,3846.3,1,0,0.0807723,1031.8,39.8,0.28247566
28,3846.1,7,-0.2,0.1076908,1031.8,39.8,0.28247566
22,3846.3,-6,0.2,0.0846186,1031.8,39.8,0.28247566
25,3846.2,3,-0.1,0.096155,1031.8,39.8,0.28247566
20,3846.4,-5,0.2,0.076928,1031.8,39.8,0.28247566
21,3846.4,1,0,0.0807744,1031.8,39.8,0.28247566
23,3846.3,2,-0.1,0.0884649,1031.8,39.8,0.28247566
24,3846.3,1,0,0.0923112,1031.8,39.8,0.28247566
23,3846.4,-1,0.1,0.0884672,1031.8,39.8,0.28247566
25,3846.3,2,-0.1,0.0961575,1031.8,39.8,0.28247566
23,3846.4,-2,0.1,0.0884672,1031.8,39.8,0.28247566
18,3846.6,-5,0.2,0.0692388,1031.8,39.8,0.28247566
22,3846.5,4,-0.1,0.084623,1031.9,39.8,0.28240612
22,3846.5,0,0,0.084623,1031.9,39.8,0.28240612
26,3846.4,4,-0.1,0.1000064,1031.9,39.8,0.28240612
22,3846.5,-4,0.1,0.084623,1031.9,39.8,0.28240612
22,3846.5,0,0,0.084623,1031.9,39.8,0.28240612
19,3846.6,-3,0.1,0.0730854,1031.9,39.8,0.28240612
29,3846.3,10,-0.3,0.1115427,1031.9,39.8,0.28240612
23,3846.5,-6,0.2,0.0884695,1031.9,39.8,0.28240612
22,3846.5,-1,0,0.084623,1031.9,39.8,0.28240612
27,3846.4,5,-0.1,0.1038528,1031.9,39.8,0.28240612
22,3846.6,-5,0.2,0.0846252,1031.9,39.8,0.28240612
28,3846.4,6,-0.2,0.1076992,1031.9,39.8,0.28240612
25,3846.5,-3,0.1,0.0961625,1031.9,39.8,0.28240612
21,3846.6,-4,0.1,0.0807786,1031.9,39.8,0.28240612
21,3846.7,0,0.1,0.0807807,1031.9,39.8,0.28240612
21,3846.7,0,0,0.0807807,1031.9,39.8,0.28240612
21,3846.7,0,0,0.0807807,1032,39.8,0.28233658
26,3846.6,5,-0.1,0.1000116,1032,39.8,0.28233658
26,3846.5,0,-0.1,0.100009,1032,39.8,0.28233658
22,3846.7,-4,0.2,0.0846274,1032,39.8,0.28233658
22,3846.7,0,0,0.0846274,1032,39.8,0.28233658
16,3846.9,-6,0.2,0.0615504,1032,39.8,0.28233658
25,3846.7,9,-0.2,0.0961675,1032,39.8,0.28233658
-496.9,3863,-521.9,16.3,-1.9195247,1031.9,39.8,0.28240612
-493.1,3863.6,3.8,0.6,-1.9051412,1031.7,39.8,0.2825452
-491.1,3864.1,2,0.5,-1.8976595,1031.6,39.8,0.28261474
-492.1,3864.7,-1,0.6,-1.9018189,1031.4,39.8,0.28275382
-494,3865.2,-1.9,0.5,-1.9094088,1031.3,39.8,0.28282337
-495,3865.7,-1,0.5,-1.9135215,1031.2,39.8,0.28289291
-496,3866.1,-1,0.4,-1.9175856,1031,39.8,0.28303199
-409.1,3863.8,86.9,-2.3,-1.5806806,1030.9,39.8,0.28310153
-315.2,3861.1,93.9,-2.7,-1.2170187,1030.8,39.8,0.28317107
-318.1,3861.3,-2.9,0.2,-1.2282795,1030.7,39.8,0.28324061
-320.1,3861.6,-2,0.3,-1.2360982,1030.7,39.8,0.28324061
-315.1,3861.6,5,0,-1.2167902,1030.6,39.8,0.28331015
-315,3861.8,0.1,0.2,-1.216467,1030.5,39.8,0.28337969
2465.8,3775.6,2780.8,-86.2,9.3098745,1031.2,39.8,0.28289291
2462.1,3772,-3.7,-3.6,9.2870412,1031.8,39.8,0.28247566
2319.2,3773.7,-142.9,1.7,8.751965,1032.5,39.8,0.28198887
2311.1,3771.6,-8.1,-2.1,8.7165448,1033.1,39.8,0.28157163
2316.1,3769.3,5,-2.3,8.7300757,1033.8,39.8,0.28108484
2311.1,3767.5,-5,-1.8,8.7070692,1034.4,39.8,0.28066759
2315.1,3765.5,4,-2,8.7175091,1035.1,39.8,0.28018081
2314.1,3763.9,-1,-1.6,8.710041,1035.7,39.8,0.27976356
2318.1,3762.1,4,-1.8,8.720924,1036.3,39.8,0.27934631
2310.1,3760.8,-8,-1.3,8.6878241,1037,39.8,0.27885953
1882.1,3772.5,-428,11.7,7.1002223,1037.5,39.8,0.27851182
1885.1,3771.6,3,-0.9,7.1098432,1038,39.8,0.27816412
1881.1,3770.8,-4,-0.8,7.0932519,1038.6,39.8,0.27774687
1883.1,3769.8,2,-1,7.0989104,1039.1,39.8,0.27739917
1878.1,3769.1,-5,-0.7,7.0787467,1039.6,39.8,0.27705146
1885,3768.1,6.9,-1,7.1028685,1040.1,39.8,0.27670376
1884,3767.3,-1,-0.8,7.0975932,1040.6,39.8,0.27635605
1890,3766.4,6,-0.9,7.118496,1041.2,39.8,0.2759388
1881.1,3765.8,-8.9,-0.6,7.0838464,1041.7,39.8,0.2755911
-824,3849.1,-2705.1,83.3,-3.1716584,1041.5,39.8,0.27573018
-830,3852.2,-6,3.1,-3.197326,1041.2,39.8,0.2759388
-821.1,3854.1,8.9,1.9,-3.1646015,1041,39.8,0.27607789
-822,3855.8,-0.9,1.7,-3.1694676,1040.8,39.8,0.27621697
-826,3857.5,-4,1.7,-3.186295,1040.6,39.8,0.27635605
850,3806.8,1676,-50.7,3.23578,1040.8,39.8,0.27621697
2526,3753.8,1676,-53,9.4820988,1041.5,39.8,0.27573018
2523.1,3750.9,-2.9,-2.9,9.4638958,1042.2,39.8,0.27524339
2526.1,3748.6,3,-2.3,9.4693385,1042.9,39.8,0.27475661
2527.1,3746.7,1,-1.9,9.4682856,1043.6,39.8,0.27426982
975.2,3793.2,-1551.9,46.5,3.6991286,1043.9,39.8,0.2740612
-580,3842.1,-1555.2,48.9,-2.228418,1043.7,39.8,0.27420028
-579,3844.4,1,2.3,-2.2259076,1043.5,39.8,0.27433936
-579,3846.1,0,1.7,-2.2268919,1043.4,39.8,0.2744089
-578.1,3847.4,0.9,1.3,-2.2241819,1043.2,39.8,0.27454798
-577,3848.7,1.1,1.3,-2.2206999,1043.1,39.8,0.27461752
-578,3849.8,-1,1.1,-2.2251844,1042.9,39.8,0.27475661
-579,3850.9,-1,1.1,-2.2296711,1042.7,39.8,0.27489569
-575,3851.8,4,0.9,-2.214785,1042.6,39.8,0.27496523
761,3811.1,1336,-40.7,2.9002471,1042.8,39.8,0.27482615
2101,3768.5,1340,-42.6,7.9176185,1043.4,39.8,0.2744089
2106,3765.9,5,-2.6,7.9309854,1044,39.8,0.27399166
2106,3763.9,0,-2,7.9267734,1044.5,39.8,0.27364395
2106,3762.2,0,-1.7,7.9231932,1045.1,39.8,0.2732267
2105,3760.8,-1,-1.4,7.916484,1045.7,39.8,0.27280946
2105,3759.5,0,-1.3,7.9137475,1046.3,39.8,0.27239221
2100.1,3758.6,-4.9,-0.9,7.8934359,1046.9,39.8,0.27197497
2110,3757.2,9.9,-1.4,7.927692,1047.5,39.8,0.27155772
2095,3756.6,-15,-0.6,7.870077,1048.1,39.8,0.27114047
-393,3832.9,-2488,76.3,-1.5063297,1047.9,39.8,0.27127955
-389,3835.2,4,2.3,-1.4918928,1047.8,39.8,0.2713491
-396.1,3837,-7.1,1.8,-1.5198357,1047.7,39.8,0.27141864
-394.1,3838.3,2,1.3,-1.512674,1047.6,39.8,0.27148818
1751.9,3772.8,2146,-65.5,6.6095683,1048.1,39.8,0.27114047
1750.1,3771,-1.8,-1.8,6.5996271,1048.6,39.8,0.27079277
1745.2,3769.8,-4.9,-1.2,6.579055,1049.1,39.8,0.27044506
1744.1,3768.7,-1.1,-1.1,6.5729897,1049.6,39.8,0.27009736
1750.1,3767.6,6,-1.1,6.5936768,1050,39.8,0.26981919
1745.1,3767,-5,-0.6,6.5737917,1050.5,39.8,0.26947149
1748.1,3766.1,3,-0.9,6.5835194,1051,39.8,0.26912378
1744.1,3765.5,-4,-0.6,6.5674085,1051.5,39.8,0.26877608
2196,3750.9,451.9,-14.6,8.2369764,1052.1,39.8,0.26835883
2646,3735.9,450,-15,9.8851914,1052.8,39.8,0.26787204
2641.1,3734.5,-4.9,-1.4,9.863188,1053.6,39.9,0.26731572
2650.1,3732.8,9,-1.7,9.8922933,1054.3,39.9,0.26682893
2644.1,3731.7,-6,-1.1,9.866988,1055,39.9,0.26634214
2653.1,3730.2,9,-1.5,9.8965936,1055.8,39.9,0.26578581
2647.1,3729.3,-6,-0.9,9.87183,1056.5,39.9,0.26529903
2650.1,3728,3,-1.3,9.8795728,1057.3,39.9,0.2647427
2645.1,3727.1,-5,-0.9,9.8585522,1058,39.9,0.26425591
1146.2,3772.4,-1498.9,45.3,4.3239249,1058.3,39.9,0.26404729
1141.1,3773.5,-5.1,1.1,4.3059408,1058.6,39.9,0.26383866
1146.1,3773.8,5,0.3,4.3251522,1058.9,39.9,0.26363004
1143.1,3774.2,-3,0.4,4.314288,1059.3,39.9,0.26335188
1152.2,3774.2,9.1,0,4.3486332,1059.6,39.9,0.26314325
711.2,3788,-441,13.8,2.6940256,1059.8,39.9,0.26300417
285.1,3802,-426.1,14,1.0839502,1059.9,39.9,0.26293463
286.1,3803,1,1,1.0880383,1059.9,39.9,0.26293463
-276.9,3821.5,-563,18.5,-1.0581733,1059.9,39.9,0.26293463
-835,3840.5,-558.1,19,-3.2068175,1059.6,39.9,0.26314325
-834.1,3842.5,0.9,2,-3.2050292,1059.4,39.9,0.26328234
-839,3844.5,-4.9,2,-3.2255355,1059.2,39.9,0.26342142
-74,3822.4,765,-22.1,-0.2828576,1059.1,39.9,0.26349096
695.1,3798.9,769.1,-23.5,2.6406154,1059.3,39.9,0.26335188
694.1,3798.4,-1,-0.5,2.6364694,1059.5,39.9,0.2632128
697,3798,2.9,-0.4,2.647206,1059.7,39.9,0.26307371
694.1,3798,-2.9,0,2.6361918,1059.9,39.9,0.26293463
695.1,3797.8,1,-0.2,2.6398508,1060.1,39.9,0.26279555
694.1,3797.8,-1,0,2.636053,1060.3,39.9,0.26265647
696.1,3797.7,2,-0.1,2.643579,1060.5,39.9,0.26251739
698.1,3797.5,2,-0.2,2.6510347,1060.7,39.9,0.2623783
662.1,3798.6,-36,1.1,2.5150531,1060.9,39.9,0.26223922
632.1,3799.6,-30,1,2.4017272,1061,39.9,0.26216968
629.1,3799.7,-3,0.1,2.3903913,1061.2,39.9,0.2620306
636.2,3799.5,7.1,-0.2,2.4172419,1061.4,39.9,0.26189152
635.1,3799.6,-1.1,0.1,2.413126,1061.6,39.9,0.26175243
634.1,3799.6,-1,0,2.4093264,1061.8,39.9,0.26161335
634.1,3799.7,0,0.1,2.4093898,1061.9,39.9,0.26154381
203.2,3813,-430.9,13.3,0.7748016,1062,39.9,0.26147427
210.1,3813.5,6.9,0.5,0.80121635,1062,39.9,0.26147427
207.1,3814,-3,0.5,0.7898794,1062.1,39.9,0.26140473
204.1,3814.5,-3,0.5,0.77853945,1062.2,39.9,0.26133519
1285,3781.4,1080.9,-33.1,4.859099,1062.5,39.9,0.26112656
2357,3747.1,1072,-34.3,8.8319147,1063.2,39.9,0.26063978
2360,3744.8,3,-2.3,8.837728,1063.8,39.9,0.26022253
2360,3743,0,-1.8,8.83348,1064.5,39.9,0.25973574
2358.1,3741.6,-1.9,-1.4,8.823067,1065.1,39.9,0.2593185
2366.1,3739.9,8,-1.7,8.8489774,1065.8,39.9,0.25883171
2361.1,3738.9,-5,-1,8.8279168,1066.4,39.9,0.25841446
2357.1,3737.8,-4,-1.1,8.8103684,1067.1,39.9,0.25792768
1193.2,3772.7,-1163.9,34.9,4.5015856,1067.4,39.9,0.25771905
19,3809.5,-1174.2,36.8,0.0723805,1067.4,39.9,0.25771905
20,3811.2,1,1.7,0.076224,1067.4,39.9,0.25771905
31,3812.1,11,0.9,0.1181751,1067.5,39.9,0.25764951
37,3813,6,0.9,0.141081,1067.5,39.9,0.25764951
34,3813.9,-3,0.9,0.1296726,1067.5,39.9,0.25764951
37,3814.6,3,0.7,0.1411402,1067.5,39.9,0.25764951
38,3815.3,1,0.7,0.1449814,1067.5,39.9,0.25764951
34,3816.1,-4,0.8,0.1297474,1067.5,39.9,0.25764951
37,3816.6,3,0.5,0.1412142,1067.5,39.9,0.25764951
41,3817.1,4,0.5,0.1565011,1067.5,39.9,0.25764951
41,3817.6,0,0.5,0.1565216,1067.5,39.9,0.25764951
37,3818.2,-4,0.6,0.1412734,1067.5,39.9,0.25764951
33,3818.9,-4,0.7,0.1260237,1067.6,39.9,0.25757997
34,3819.3,1,0.4,0.1298562,1067.6,39.9,0.25757997
35,3819.7,1,0.4,0.1336895,1067.6,39.9,0.25757997
35,3820.1,0,0.4,0.1337035,1067.6,39.9,0.25757997
31,3820.7,-4,0.6,0.1184417,1067.6,39.9,0.25757997
39,3820.8,8,0.1,0.1490112,1067.6,39.9,0.25757997
31,3821.4,-8,0.6,0.1184634,1067.6,39.9,0.25757997
37,3821.6,6,0.2,0.1413992,1067.6,39.9,0.25757997
35,3822,-2,0.4,0.13377,1067.6,39.9,0.25757997
40,3822.2,5,0.2,0.152888,1067.6,39.9,0.25757997
36,3822.6,-4,0.4,0.1376136,1067.7,39.9,0.25751043
39,3822.8,3,0.2,0.1490892,1067.7,39.9,0.25751043
34,3823.3,-5,0.5,0.1299922,1067.7,39.9,0.25751043
41,3823.3,7,0,0.1567553,1067.7,40,0.25751043
37,3823.7,-4,0.4,0.1414769,1067.7,40,0.25751043
34,3824.1,-3,0.4,0.1300194,1067.7,40,0.25751043
36,3824.3,2,0.2,0.1376748,1067.7,40,0.25751043
38,3824.5,2,0.2,0.145331,1067.7,40,0.25751043
42,3824.6,4,0.1,0.1606332,1067.7,40,0.25751043
36,3825,-6,0.4,0.1377,1067.7,40,0.25751043
40,3825.1,4,0.1,0.153004,1067.8,40,0.25744089
37,3825.4,-3,0.3,0.1415398,1067.8,40,0.25744089
35,3825.7,-2,0.3,0.1338995,1067.8,40,0.25744089
37,3825.8,2,0.1,0.1415546,1067.8,40,0.25744089
37,3826,0,0.2,0.141562,1067.8,40,0.25744089
35,3826.3,-2,0.3,0.1339205,1067.8,40,0.25744089
29,3826.6,-6,0.3,0.1109714,1067.8,40,0.25744089
38,3826.5,9,-0.1,0.145407,1067.8,39.9,0.25744089
34,3826.8,-4,0.3,0.1301112,1067.8,39.9,0.25744089
37,3826.9,3,0.1,0.1415953,1067.8,39.9,0.25744089
38,3827,1,0.1,0.145426,1067.9,39.9,0.25737135
34,3827.3,-4,0.3,0.1301282,1067.9,40,0.25737135
42,3827.2,8,-0.1,0.1607424,1067.9,40,0.25737135
34,3827.6,-8,0.4,0.1301384,1067.9,40,0.25737135
36,3827.7,2,0.1,0.1377972,1067.9,40,0.25737135
35,3827.9,-1,0.2,0.1339765,1067.9,40,0.25737135
35,3828,0,0.1,0.13398,1067.9,40,0.25737135
33,3828.2,-2,0.2,0.1263306,1067.9,40,0.25737135
37,3828.2,4,0,0.1416434,1067.9,40,0.25737135
36,3828.4,-1,0.2,0.1378224,1067.9,40,0.25737135
31,3828.6,-5,0.2,0.1186866,1068,40,0.25730181
37,3828.6,6,0,0.1416582,1068,40,0.25730181
36,3828.7,-1,0.1,0.1378332,1068,40,0.25730181
37,3828.8,1,0.1,0.1416656,1068,40,0.25730181
36,3828.9,-1,0.1,0.1378404,1068,40,0.25730181
39,3829,3,0.1,0.149331,1068,40,0.25730181
39,3829.1,0,0.1,0.1493349,1068,40,0.25730181
35,3829.3,-4,0.2,0.1340255,1068,40,0.25730181
37,3829.3,2,0,0.1416841,1068,39.9,0.25730181
40,3829.3,3,0,0.153172,1068,39.9,0.25730181
38,3829.5,-2,0.2,0.145521,1068.1,39.9,0.25723227
40,3829.6,2,0.1,0.153184,1068.1,39.9,0.25723227
35,3829.8,-5,0.2,0.134043,1068.1,39.9,0.25723227
33,3829.9,-2,0.1,0.1263867,1068.1,39.9,0.25723227
35,3830,2,0.1,0.13405,1068.1,39.9,0.25723227
34,3830.1,-1,0.1,0.1302234,1068.1,39.9,0.25723227
34,3830.2,0,0.1,0.1302268,1068.1,39.9,0.25723227
42,3830,8,-0.2,0.16086,1068.1,39.9,0.25723227
30,3830.4,-12,0.4,0.114912,1068.1,39.9,0.25723227
42,3830.2,12,-0.2,0.1608684,1068.2,39.9,0.25716273
30,3830.6,-12,0.4,0.114918,1068.2,39.9,0.25716273
39,3830.4,9,-0.2,0.1493856,1068.2,39.9,0.25716273
37,3830.5,-2,0.1,0.1417285,1068.2,39.9,0.25716273
35,3830.7,-2,0.2,0.1340745,1068.2,39.9,0.25716273
37,3830.6,2,-0.1,0.1417322,1068.2,39.9,0.25716273
37,3830.7,0,0.1,0.1417359,1068.2,39.9,0.25716273
35,3830.8,-2,0.1,0.134078,1068.2,39.9,0.25716273
37,3830.9,2,0.1,0.1417433,1068.2,39.9,0.25716273
40,3830.8,3,-0.1,0.153232,1068.2,39.9,0.25716273
36,3831,-4,0.2,0.137916,1068.3,39.9,0.25709318
39,3831,3,0,0.149409,1068.3,39.9,0.25709318
32,3831.2,-7,0.2,0.1225984,1068.3,39.9,0.25709318
36,3831.2,4,0,0.1379232,1068.3,39.9,0.25709318
35,3831.3,-1,0.1,0.1340955,1068.3,39.9,0.25709318
37,3831.3,2,0,0.1417581,1068.3,39.9,0.25709318
39,3831.3,2,0,0.1494207,1068.3,39.9,0.25709318
37,3831.4,-2,0.1,0.1417618,1068.3,39.9,0.25709318
35,3831.5,-2,0.1,0.1341025,1068.3,39.9,0.25709318
43,3831.3,8,-0.2,0.1647459,1068.3,39.9,0.25709318
37,3831.5,-6,0.2,0.1417655,1068.4,39.9,0.25702364
36,3831.6,-1,0.1,0.1379376,1068.4,39.9,0.25702364
39,3831.5,3,-0.1,0.1494285,1068.4,39.9,0.25702364
34,3831.7,-5,0.2,0.1302778,1068.4,39.9,0.25702364
40,3831.6,6,-0.1,0.153264,1068.4,39.9,0.25702364
35,3831.8,-5,0.2,0.134113,1068.4,39.9,0.25702364
40,3831.7,5,-0.1,0.153268,1068.4,39.9,0.25702364
44,3831.6,4,-0.1,0.1685904,1068.4,39.9,0.25702364
41,3831.7,-3,0.1,0.1570997,1068.4,39.9,0.25702364
38,3831.9,-3,0.2,0.1456122,1068.5,39.9,0.2569541
38,3831.9,0,0,0.1456122,1068.5,39.9,0.2569541
40,3831.9,2,0,0.153276,1068.5,39.9,0.2569541
40,3831.9,0,0,0.153276,1068.5,39.9,0.2569541
38,3832,-2,0.1,0.145616,1068.5,39.9,0.2569541
36,3832.2,-2,0.2,0.1379592,1068.5,39.9,0.2569541
39,3832.1,3,-0.1,0.1494519,1068.5,39.9,0.2569541
39,3832.1,0,0,0.1494519,1068.5,39.9,0.2569541
45,3832,6,-0.1,0.17244,1068.5,39.9,0.2569541
43,3832.1,-2,0.1,0.1647803,1068.5,39.9,0.2569541
39,3832.2,-4,0.1,0.1494558,1068.6,39.9,0.25688456
37,3832.3,-2,0.1,0.1417951,1068.6,39.9,0.25688456
43,3832.2,6,-0.1,0.1647846,1068.6,39.9,0.25688456
38,3832.3,-5,0.1,0.1456274,1068.6,39.9,0.25688456
37,3832.4,-1,0.1,0.1417988,1068.6,39.9,0.25688456
41,3832.3,4,-0.1,0.1571243,1068.6,39.9,0.25688456
44,3832.3,3,0,0.1686212,1068.6,39.9,0.25688456
37,3832.5,-7,0.2,0.1418025,1068.6,39.9,0.25688456
39,3832.5,2,0,0.1494675,1068.6,39.9,0.25688456
36,3832.6,-3,0.1,0.1379736,1068.7,39.9,0.25681502
37,3832.6,1,0,0.1418062,1068.7,39.9,0.25681502
35,3832.7,-2,0.1,0.1341445,1068.7,39.9,0.25681502
37,3832.7,2,0,0.1418099,1068.7,39.9,0.25681502
41,3832.6,4,-0.1,0.1571366,1068.7,39.9,0.25681502
36,3832.8,-5,0.2,0.1379808,1068.7,39.9,0.25681502
43,3832.5,7,-0.3,0.1647975,1068.7,39.9,0.25681502
33,3832.8,-10,0.3,0.1264824,1068.7,39.9,0.25681502
35,3832.9,2,0.1,0.1341515,1068.7,39.9,0.25681502
39,3832.7,4,-0.2,0.1494753,1068.8,39.9,0.25674548
40,3832.7,1,0,0.153308,1068.8,39.9,0.25674548
35,3832.9,-5,0.2,0.1341515,1068.8,39.9,0.25674548
40,3832.8,5,-0.1,0.153312,1068.8,39.9,0.25674548
37,3832.9,-3,0.1,0.1418173,1068.8,39.9,0.25674548
37,3832.9,0,0,0.1418173,1068.8,39.9,0.25674548
39,3832.9,2,0,0.1494831,1068.8,39.9,0.25674548
43,3832.8,4,-0.1,0.1648104,1068.8,39.9,0.25674548
41,3832.9,-2,0.1,0.1571489,1068.8,39.9,0.25674548
40,3832.9,-1,0,0.153316,1068.8,39.9,0.25674548
40,3833,0,0.1,0.15332,1068.9,39.9,0.25667594
41,3832.9,1,-0.1,0.1571489,1068.9,39.9,0.25667594
38,3833.1,-3,0.2,0.1456578,1068.9,39.9,0.25667594
29,3833.3,-9,0.2,0.1111657,1068.9,39.9,0.25667594
37,3833.1,8,-0.2,0.1418247,1068.9,39.9,0.25667594
42,3833,5,-0.1,0.160986,1068.9,39.9,0.25667594
41,3833,-1,0,0.157153,1068.9,39.9,0.25667594
39,3833.1,-2,0.1,0.1494909,1068.9,39.9,0.25667594
41,3833,2,-0.1,0.157153,1068.9,39.9,0.25667594
39,3833.2,-2,0.2,0.1494948,1069,39.9,0.2566064
40,3833.1,1,-0.1,0.153324,1069,39.9,0.2566064
36,3833.3,-4,0.2,0.1379988,1069,39.9,0.2566064
42,3833.2,6,-0.1,0.1609944,1069,39.9,0.2566064
42,3833.1,0,-0.1,0.1609902,1069,39.9,0.2566064
42,3833.2,0,0.1,0.1609944,1069,39.9,0.2566064
37,3833.3,-5,0.1,0.1418321,1069,39.9,0.2566064
34,3833.4,-3,0.1,0.1303356,1069,39.9,0.2566064
37,3833.3,3,-0.1,0.1418321,1069,39.9,0.2566064
37,3833.4,0,0.1,0.1418358,1069.1,39.9,0.25653686
36,3833.5,-1,0.1,0.138006,1069.1,39.9,0.25653686
37,3833.4,1,-0.1,0.1418358,1069.1,39.9,0.25653686
40,3833.4,3,0,0.153336,1069.1,39.9,0.25653686
38,3833.5,-2,0.1,0.145673,1069.1,39.9,0.25653686
39,3833.4,1,-0.1,0.1495026,1069.1,39.9,0.25653686
39,3833.4,0,0,0.1495026,1069.1,39.9,0.25653686
36,3833.6,-3,0.2,0.1380096,1069.1,39.9,0.25653686
38,3833.5,2,-0.1,0.145673,1069.1,39.9,0.25653686
35,3833.6,-3,0.1,0.134176,1069.1,39.9,0.25653686
40,3833.5,5,-0.1,0.15334,1069.2,39.9,0.25646732
43,3833.4,3,-0.1,0.1648362,1069.2,39.9,0.25646732
39,3833.5,-4,0.1,0.1495065,1069.2,39.9,0.25646732
38,3833.6,-1,0.1,0.1456768,1069.2,39.9,0.25646732
38,3833.6,0,0,0.1456768,1069.2,39.9,0.25646732
37,3833.6,-1,0,0.1418432,1069.2,39.9,0.25646732
38,3833.6,1,0,0.1456768,1069.2,39.9,0.25646732
39,3833.6,1,0,0.1495104,1069.2,39.9,0.25646732
41,3833.5,2,-0.1,0.1571735,1069.2,39.9,0.25646732
35,3833.7,-6,0.2,0.1341795,1069.3,39.9,0.25639777
38,3833.7,3,0,0.1456806,1069.3,39.9,0.25639777
41,3833.6,3,-0.1,0.1571776,1069.3,39.9,0.25639777
44,3833.5,3,-0.1,0.168674,1069.3,39.9,0.25639777
33,3833.9,-11,0.4,0.1265187,1069.3,39.9,0.25639777
38,3833.7,5,-0.2,0.1456806,1069.3,39.9,0.25639777
39,3833.7,1,0,0.1495143,1069.3,39.9,0.25639777
35,3833.8,-4,0.1,0.134183,1069.3,39.9,0.25639777
44,3833.6,9,-0.2,0.1686784,1069.3,39.9,0.25639777
37,3833.8,-7,0.2,0.1418506,1069.4,39.9,0.25632823
37,3833.8,0,0,0.1418506,1069.4,39.9,0.25632823
39,3833.8,2,0,0.1495182,1069.4,39.8,0.25632823
38,3833.8,-1,0,0.1456844,1069.4,39.8,0.25632823
38,3833.8,0,0,0.1456844,1069.4,39.8,0.25632823
37,3833.8,-1,0,0.1418506,1069.4,39.8,0.25632823
38,3833.8,1,0,0.1456844,1069.4,39.8,0.25632823
37,3833.9,-1,0.1,0.1418543,1069.4,39.8,0.25632823
37,3833.8,0,-0.1,0.1418506,1069.4,39.8,0.25632823
38,3833.9,1,0.1,0.1456882,1069.4,39.8,0.25632823
41,3833.7,3,-0.2,0.1571817,1069.5,39.8,0.25625869
43,3833.7,2,0,0.1648491,1069.5,39.8,0.25625869
38,3833.9,-5,0.2,0.1456882,1069.5,39.8,0.25625869
37,3833.9,-1,0,0.1418543,1069.5,39.8,0.25625869
40,3833.9,3,0,0.153356,1069.5,39.8,0.25625869
37,3833.9,-3,0,0.1418543,1069.5,39.8,0.25625869
40,3833.9,3,0,0.153356,1069.5,39.8,0.25625869
38,3833.9,-2,0,0.1456882,1069.5,39.8,0.25625869
36,3834,-2,0.1,0.138024,1069.5,39.8,0.25625869
41,3833.8,5,-0.2,0.1571858,1069.6,39.8,0.25618915
39,3833.9,-2,0.1,0.1495221,1069.6,39.8,0.25618915
40,3833.9,1,0,0.153356,1069.6,39.8,0.25618915
39,3833.9,-1,0,0.1495221,1069.6,39.8,0.25618915
35,3834,-4,0.1,0.13419,1069.6,39.8,0.25618915
42,3833.9,7,-0.1,0.1610238,1069.6,39.8,0.25618915
41,3833.9,-1,0,0.1571899,1069.6,39.8,0.25618915
39,3833.9,-2,0,0.1495221,1069.6,39.8,0.25618915
43,3833.8,4,-0.1,0.1648534,1069.6,39.8,0.25618915
42,3833.9,-1,0.1,0.1610238,1069.7,39.8,0.25611961
43,3833.8,1,-0.1,0.1648534,1069.7,39.8,0.25611961
38,3834,-5,0.2,0.145692,1069.7,39.8,0.25611961
41,3833.9,3,-0.1,0.1571899,1069.7,39.8,0.25611961
40,3834,-1,0.1,0.15336,1069.7,39.8,0.25611961
44,3833.9,4,-0.1,0.1686916,1069.7,39.8,0.25611961
36,3834.1,-8,0.2,0.1380276,1069.7,39.8,0.25611961
33,3834.2,-3,0.1,0.1265286,1069.7,39.8,0.25611961
38,3834.1,5,-0.1,0.1456958,1069.7,39.8,0.25611961
37,3834.1,-1,0,0.1418617,1069.8,39.8,0.25605007
39,3834.1,2,0,0.1495299,1069.8,39.8,0.25605007
40,3834,1,-0.1,0.15336,1069.8,39.8,0.25605007
38,3834.1,-2,0.1,0.1456958,1069.8,39.8,0.25605007
42,3834,4,-0.1,0.161028,1069.8,39.8,0.25605007
44,3833.9,2,-0.1,0.1686916,1069.8,39.8,0.25605007
36,3834.2,-8,0.3,0.1380312,1069.8,39.8,0.25605007
39,3834.1,3,-0.1,0.1495299,1069.8,39.8,0.25605007
41,3834,2,-0.1,0.157194,1069.8,39.8,0.25605007
42,3834,1,0,0.161028,1069.9,39.8,0.25598053
37,3834.2,-5,0.2,0.1418654,1069.9,39.8,0.25598053
37,3834.2,0,0,0.1418654,1069.9,39.8,0.25598053
44,3833.9,7,-0.3,0.1686916,1069.9,39.8,0.25598053
38,3834.2,-6,0.3,0.1456996,1069.9,39.8,0.25598053
40,3834.1,2,-0.1,0.153364,1069.9,39.8,0.25598053
39,3834.1,-1,0,0.1495299,1069.9,39.8,0.25598053
41,3834.1,2,0,0.1571981,1069.9,39.8,0.25598053
32,3834.3,-9,0.2,0.1226976,1069.9,39.8,0.25598053
33,3834.3,1,0,0.1265319,1069.9,39.8,0.25598053
28,3834.5,-5,0.2,0.107366,1070,39.8,0.25591099
39,3834.2,11,-0.3,0.1495338,1070,39.8,0.25591099
31,3834.4,-8,0.2,0.1188664,1070,39.8,0.25591099
33,3834.4,2,0,0.1265352,1070,39.8,0.25591099
35,3834.3,2,-0.1,0.1342005,1070,39.8,0.25591099
31,3834.5,-4,0.2,0.1188695,1070,39.8,0.25591099
35,3834.4,4,-0.1,0.134204,1070,39.8,0.25591099
27,3834.6,-8,0.2,0.1035342,1070,39.8,0.25591099
38,3834.3,11,-0.3,0.1457034,1070,39.8,0.25591099
25,3834.7,-13,0.4,0.0958675,1070,39.8,0.25591099
36,3834.3,11,-0.4,0.1380348,1070,39.8,0.25591099
33,3834.5,-3,0.2,0.1265385,1070.1,39.8,0.25584145
28,3834.6,-5,0.1,0.1073688,1070.1,39.8,0.25584145
28,3834.6,0,0,0.1073688,1070.1,39.8,0.25584145
30,3834.6,2,0,0.115038,1070.1,39.8,0.25584145
29,3834.6,-1,0,0.1112034,1070.1,39.8,0.25584145
31,3834.6,2,0,0.1188726,1070.1,39.8,0.25584145
33,3834.5,2,-0.1,0.1265385,1070.1,39.8,0.25584145
33,3834.5,0,0,0.1265385,1070.1,39.8,0.25584145
34,3834.5,1,0,0.130373,1070.1,39.8,0.25584145
31,3834.6,-3,0.1,0.1188726,1070.1,39.8,0.25584145
34,3834.5,3,-0.1,0.130373,1070.1,39.8,0.25584145
33,3834.6,-1,0.1,0.1265418,1070.2,39.8,0.25577191
31,3834.6,-2,0,0.1188726,1070.2,39.8,0.25577191
26,3834.8,-5,0.2,0.0997048,1070.2,39.8,0.25577191
30,3834.7,4,-0.1,0.115041,1070.2,39.8,0.25577191
26,3834.8,-4,0.1,0.0997048,1070.2,39.8,0.25577191
35,3834.6,9,-0.2,0.134211,1070.2,39.8,0.25577191
28,3834.7,-7,0.1,0.1073716,1070.2,39.8,0.25577191
34,3834.6,6,-0.1,0.1303764,1070.2,39.8,0.25577191
34,3834.6,0,0,0.1303764,1070.2,39.8,0.25577191
33,3834.6,-1,0,0.1265418,1070.2,39.8,0.25577191
30,3834.7,-3,0.1,0.115041,1070.2,39.8,0.25577191
31,3834.7,1,0,0.1188757,1070.2,39.8,0.25577191
29,3834.8,-2,0.1,0.1112092,1070.3,39.8,0.25570236
33,3834.6,4,-0.2,0.1265418,1070.3,39.8,0.25570236
32,3834.7,-1,0.1,0.1227104,1070.3,39.8,0.25570236
31,3834.7,-1,0,0.1188757,1070.3,39.8,0.25570236
34,3834.7,3,0,0.1303798,1070.3,39.8,0.25570236
31,3834.7,-3,0,0.1188757,1070.3,39.8,0.25570236
34,3834.7,3,0,0.1303798,1070.3,39.8,0.25570236
32,3834.7,-2,0,0.1227104,1070.3,39.8,0.25570236
32,3834.7,0,0,0.1227104,1070.3,39.8,0.25570236
26,3834.9,-6,0.2,0.0997074,1070.3,39.8,0.25570236
31,3834.8,5,-0.1,0.1188788,1070.3,39.8,0.25570236
34,3834.7,3,-0.1,0.1303798,1070.4,39.8,0.25563282
31,3834.8,-3,0.1,0.1188788,1070.4,39.8,0.25563282
31,3834.8,0,0,0.1188788,1070.4,39.8,0.25563282
31,3834.8,0,0,0.1188788,1070.4,39.8,0.25563282
26,3835,-5,0.2,0.09971,1070.4,39.8,0.25563282
27,3834.9,1,-0.1,0.1035423,1070.4,39.8,0.25563282
31,3834.8,4,-0.1,0.1188788,1070.4,39.8,0.25563282
27,3834.9,-4,0.1,0.1035423,1070.4,39.8,0.25563282
33,3834.8,6,-0.1,0.1265484,1070.4,39.8,0.25563282
36,3834.7,3,-0.1,0.1380492,1070.4,39.8,0.25563282
34,3834.7,-2,0,0.1303798,1070.4,39.8,0.25563282
34,3834.7,0,0,0.1303798,1070.4,39.8,0.25563282
34,3834.7,0,0,0.1303798,1070.5,39.8,0.25556328
28,3834.9,-6,0.2,0.1073772,1070.5,39.8,0.25556328
35,3834.7,7,-0.2,0.1342145,1070.5,39.8,0.25556328
31,3834.8,-4,0.1,0.1188788,1070.5,39.8,0.25556328
34,3834.8,3,0,0.1303832,1070.5,39.8,0.25556328
24,3835.1,-10,0.3,0.0920424,1070.5,39.8,0.25556328
28,3834.9,4,-0.2,0.1073772,1070.5,39.8,0.25556328
31,3834.9,3,0,0.1188819,1070.5,39.8,0.25556328
25,3835,-6,0.1,0.095875,1070.5,39.8,0.25556328
33,3834.8,8,-0.2,0.1265484,1070.5,39.8,0.25556328
28,3835,-5,0.2,0.10738,1070.5,39.8,0.25556328
32,3834.8,4,-0.2,0.1227136,1070.5,39.8,0.25556328
36,3834.7,4,-0.1,0.1380492,1070.6,39.8,0.25549374
29,3834.9,-7,0.2,0.1112121,1070.6,39.8,0.25549374
28,3835,-1,0.1,0.10738,1070.6,39.8,0.25549374
36,3834.7,8,-0.3,0.1380492,1070.6,39.8,0.25549374
29,3835,-7,0.3,0.111215,1070.6,39.8,0.25549374
33,3834.8,4,-0.2,0.1265484,1070.6,39.8,0.25549374
27,3835,-6,0.2,0.103545,1070.6,39.8,0.25549374
29,3835,2,0,0.111215,1070.6,39.8,0.25549374
29,3835,0,0,0.111215,1070.6,39.8,0.25549374
32,3834.9,3,-0.1,0.1227168,1070.6,39.8,0.25549374
30,3835,-2,0.1,0.11505,1070.6,39.8,0.25549374
32,3834.9,2,-0.1,0.1227168,1070.6,39.8,0.25549374
31,3834.9,-1,0,0.1188819,1070.7,39.8,0.2554242
32,3834.9,1,0,0.1227168,1070.7,39.8,0.2554242
29,3835,-3,0.1,0.111215,1070.7,39.8,0.2554242
28,3835,-1,0,0.10738,1070.7,39.8,0.2554242
32,3834.9,4,-0.1,0.1227168,1070.7,39.8,0.2554242
35,3834.8,3,-0.1,0.134218,1070.7,39.8,0.2554242
30,3835,-5,0.2,0.11505,1070.7,39.8,0.2554242
27,3835,-3,0,0.103545,1070.7,39.8,0.2554242
34,3834.9,7,-0.1,0.1303866,1070.7,39.8,0.2554242
31,3834.9,-3,0,0.1188819,1070.7,39.8,0.2554242
25,3835.2,-6,0.3,0.09588,1070.7,39.8,0.2554242
31,3835,6,-0.2,0.118885,1070.8,39.8,0.25535466
29,3835,-2,0,0.111215,1070.8,39.8,0.25535466
29,3835,0,0,0.111215,1070.8,39.8,0.25535466
30,3835,1,0,0.11505,1070.8,39.8,0.25535466
29,3835.1,-1,0.1,0.1112179,1070.8,39.8,0.25535466
31,3835,2,-0.1,0.118885,1070.8,39.8,0.25535466
35,3834.9,4,-0.1,0.1342215,1070.8,39.8,0.25535466
31,3835,-4,0.1,0.118885,1070.8,39.8,0.25535466
34,3834.9,3,-0.1,0.1303866,1070.8,39.8,0.25535466
32,3835,-2,0.1,0.12272,1070.8,39.8,0.25535466
27,3835.1,-5,0.1,0.1035477,1070.8,39.8,0.25535466
31,3835,4,-0.1,0.118885,1070.8,39.8,0.25535466
30,3835,-1,0,0.11505,1070.9,39.8,0.25528512
30,3835,0,0,0.11505,1070.9,39.8,0.25528512
31,3835,1,0,0.118885,1070.9,39.8,0.25528512
34,3834.9,3,-0.1,0.1303866,1070.9,39.8,0.25528512
33,3835,-1,0.1,0.126555,1070.9,39.8,0.25528512
32,3835,-1,0,0.12272,1070.9,39.8,0.25528512
30,3835,-2,0,0.11505,1070.9,39.8,0.25528512
28,3835.1,-2,0.1,0.1073828,1070.9,39.8,0.25528512
28,3835.1,0,0,0.1073828,1070.9,39.8,0.25528512
36,3834.9,8,-0.2,0.1380564,1070.9,39.8,0.25528512
-44,3837.5,-80,2.6,-0.16885,1070.9,39.8,0.25528512
-126.1,3840.1,-82.1,2.6,-0.48423661,1070.9,39.8,0.25528512
-119.1,3840.1,7,0,-0.45735591,1070.9,39.8,0.25528512
-125,3840.5,-5.9,0.4,-0.4800625,1070.8,39.8,0.25535466
-123.1,3840.6,1.9,0.1,-0.47277786,1070.8,39.8,0.25535466
-119.1,3840.6,4,0,-0.45741546,1070.7,39.8,0.2554242
69,3834.7,188.1,-5.9,0.2645943,1070.8,39.8,0.25535466
250.2,3828.9,181.2,-5.8,0.95799078,1070.8,39.8,0.25535466
263.1,3828.2,12.9,-0.7,1.0071994,1070.9,39.8,0.25528512
259.1,3828,-4,-0.2,0.9918348,1071,39.8,0.25521558
258.1,3827.8,-1,-0.2,0.98795518,1071.1,39.8,0.25514604
253.1,3827.7,-5,-0.1,0.96879087,1071.1,39.8,0.25514604
259.1,3827.3,6,-0.4,0.99165343,1071.2,39.8,0.2550765
258.1,3827.1,-1,-0.2,0.98777451,1071.3,39.8,0.25500695
259.1,3826.9,1,-0.2,0.99154979,1071.3,39.8,0.25500695
258.2,3826.7,-0.9,-0.2,0.98805394,1071.4,39.8,0.25493741
1023,3802.8,764.8,-23.9,3.8902644,1071.7,39.8,0.25472879
1021.1,3801.6,-1.9,-1.2,3.8818138,1072,39.8,0.25452017
1023.1,3800.5,2,-1.1,3.8882915,1072.3,39.8,0.25431154
1022.1,3799.6,-1,-0.9,3.8835712,1072.5,39.8,0.25417246
1018.1,3798.9,-4,-0.7,3.8676601,1072.8,39.8,0.25396384
1010.2,3798.4,-7.9,-0.5,3.8371437,1073.1,39.8,0.25375522
1019,3797.4,8.8,-1,3.8695506,1073.4,39.8,0.25354659
1022.1,3796.6,3.1,-0.8,3.8805049,1073.7,39.8,0.25333797
1021.2,3796,-0.9,-0.6,3.8764752,1074,39.8,0.25312935
344.1,3816.4,-677.1,20.4,1.3132232,1074.1,39.8,0.25305981
-335,3838,-679.1,21.6,-1.28573,1074,39.8,0.25312935
-333,3839,2,1,-1.278387,1073.9,39.8,0.25319889
-328,3839.7,5,0.7,-1.2594216,1073.8,39.8,0.25326843
976,3799.7,1304,-40,3.7085072,1074.1,39.8,0.25305981
968.1,3798.7,-7.9,-1,3.6775215,1074.3,39.8,0.25292072
977,3797.5,8.9,-1.2,3.7101575,1074.6,39.8,0.2527121
974.1,3796.8,-2.9,-0.7,3.6984629,1074.9,39.8,0.25250348
968.1,3796.4,-6,-0.4,3.6752948,1075.1,39.8,0.25236439
976.1,3795.5,8,-0.9,3.7047875,1075.4,39.8,0.25215577
975.2,3794.9,-0.9,-0.6,3.7007865,1075.7,39.8,0.25194715
977.1,3794.3,1.9,-0.6,3.7074105,1075.9,39.8,0.25180807
38,3823,-939.1,28.7,0.145274,1076,39.8,0.25173853
-904,3853.3,-942,30.3,-3.4833832,1075.7,39.8,0.25194715
-899,3855,5,1.7,-3.465645,1075.5,39.8,0.25208623
-902,3856.6,-3,1.6,-3.4786532,1075.2,39.8,0.25229485
-896,3857.7,6,1.1,-3.4564992,1075,39.8,0.25243394
-859,3857.7,37,0,-3.3137643,1074.7,39.8,0.25264256
-855,3858.6,4,0.9,-3.299103,1074.5,39.8,0.25278164
-861,3859.8,-6,1.2,-3.3232878,1074.2,39.8,0.25299026
-856,3860.5,5,0.7,-3.304588,1074,39.8,0.25312935
-861.9,3861.6,-5.9,1.1,-3.328313,1073.8,39.8,0.25326843
337.1,3824.9,1199,-36.7,1.2893738,1073.9,39.8,0.25319889
336.1,3824,-1,-0.9,1.2852464,1073.9,39.8,0.25319889
-510,3850,-846.1,26,-1.9635,1073.8,39.8,0.25326843
-512,3850.8,-2,0.8,-1.9716096,1073.7,39.8,0.25333797
-513.1,3851.4,-1.1,0.6,-1.9761533,1073.5,39.8,0.25347705
-57,3837.7,456.1,-13.7,-0.2187489,1073.5,39.8,0.25347705
-61,3837.6,-4,-0.1,-0.2340936,1073.5,39.8,0.25347705
-64,3837.7,-3,0.1,-0.2456128,1073.5,39.8,0.25347705
-58,3837.5,6,-0.2,-0.222575,1073.5,39.8,0.25347705
1008.1,3804.2,1066.1,-33.3,3.835014,1073.7,39.8,0.25333797
1002.2,3802.9,-5.9,-1.3,3.8112664,1074,39.8,0.25312935
1003.2,3801.7,1,-1.2,3.8138654,1074.3,39.8,0.25292072
1005.1,3800.6,1.9,-1.1,3.8199831,1074.6,39.8,0.2527121
1007.1,3799.6,2,-1,3.8265772,1074.9,39.8,0.25250348
1005.2,3798.8,-1.9,-0.8,3.8185538,1075.1,39.8,0.25236439
998.1,3798.2,-7.1,-0.6,3.7909834,1075.4,39.8,0.25215577
1009,3797.1,10.9,-1.1,3.8312739,1075.7,39.8,0.25194715
1619,3777.3,610,-19.8,6.1154487,1076.1,39.8,0.25166898
2233,3756.7,614,-20.6,8.3887111,1076.8,39.8,0.2511822
2233.1,3754.6,0.1,-2.1,8.3843973,1077.4,39.8,0.25076495
2232.1,3752.7,-1,-1.9,8.3764017,1078,39.8,0.25034771
1114.2,3785.8,-1117.9,33.1,4.2181384,1078.3,39.8,0.25013908
-6,3820.7,-1120.2,34.9,-0.0229242,1078.3,39.8,0.25013908
-11,3822.1,-5,1.4,-0.0420431,1078.3,39.8,0.25013908
-14,3823.1,-3,1,-0.0535234,1078.3,39.8,0.25013908
-10,3823.6,4,0.5,-0.038236,1078.3,39.8,0.25013908
733.9,3800.9,743.9,-22.7,2.7894805,1078.5,39.8,0.25
739.1,3800.1,5.2,-0.8,2.8086539,1078.7,39.8,0.24986092
734.1,3799.9,-5,-0.2,2.7895066,1078.9,39.8,0.24972184
733.1,3799.6,-1,-0.3,2.7854868,1079.1,39.8,0.24958275
741.1,3799,8,-0.6,2.8154389,1079.3,39.8,0.24944367
742,3798.7,0.9,-0.3,2.8186354,1079.5,39.8,0.24930459
734.1,3798.7,-7.9,0,2.7886257,1079.7,39.8,0.24916551
735.1,3798.4,1,-0.3,2.7922038,1079.9,39.8,0.24902643
400.1,3808.6,-335,10.2,1.5238209,1080,39.8,0.24895688
55,3819.6,-345.1,11,0.210078,1080.1,39.8,0.24888734
57,3820.1,2,0.5,0.2177457,1080.1,39.8,0.24888734
59,3820.6,2,0.5,0.2254154,1080.1,39.8,0.24888734
57,3821,-2,0.4,0.217797,1080.1,39.8,0.24888734
55,3821.4,-2,0.4,0.210177,1080.1,39.8,0.24888734
56,3821.8,1,0.4,0.2140208,1080.1,39.8,0.24888734
56,3822,0,0.2,0.214032,1080.2,39.8,0.2488178
-48,3825.7,-104,3.7,-0.1836336,1080.1,39.8,0.24888734
-54,3826.3,-6,0.6,-0.2066202,1080.1,39.8,0.24888734
-54,3826.7,0,0.4,-0.2066418,1080.1,39.8,0.24888734
-49,3826.8,5,0.1,-0.1875132,1080.1,39.8,0.24888734
-51,3827.2,-2,0.4,-0.1951872,1080.1,39.8,0.24888734
-51,3827.5,0,0.3,-0.1952025,1080.1,39.8,0.24888734
-56,3827.9,-5,0.4,-0.2143624,1080.1,39.8,0.24888734
-165.1,3831.6,-109.1,3.7,-0.63259716,1080,39.8,0.24895688
-168.1,3832.1,-3,0.5,-0.64417601,1080,39.8,0.24895688
-165.1,3832.4,3,0.3,-0.63272924,1079.9,39.8,0.24902643
-22,3828.3,143.1,-4.1,-0.0842226,1079.9,39.8,0.24902643
-16,3828.3,6,0,-0.0612528,1079.9,39.8,0.24902643
-18,3828.4,-2,0.1,-0.0689112,1079.9,39.8,0.24902643
231.1,3820.7,249.1,-7.7,0.88296377,1080,39.8,0.24895688
227.2,3820.6,-3.9,-0.1,0.86804032,1080,39.8,0.24895688
230.1,3820.4,2.9,-0.2,0.87907404,1080.1,39.8,0.24888734
228.1,3820.4,-2,0,0.87143324,1080.2,39.8,0.2488178
226.1,3820.4,-2,0,0.86379244,1080.2,39.8,0.2488178
231.1,3820.1,5,-0.3,0.88282511,1080.3,39.8,0.24874826
228.2,3820.2,-2.9,0.1,0.87176964,1080.3,39.8,0.24874826
228.1,3820.1,-0.1,-0.1,0.87136481,1080.4,39.8,0.24867872
228.1,3820.1,0,0,0.87136481,1080.5,39.8,0.24860918
-671,3848.2,-899.1,28.1,-2.5821422,1080.3,39.8,0.24874826
-669.1,3849.4,1.9,1.2,-2.5756335,1080.1,39.8,0.24888734
-672,3850.4,-2.9,1,-2.5874688,1079.9,39.8,0.24902643
-669,3851.2,3,0.8,-2.5764528,1079.7,39.8,0.24916551
-670.1,3852,-1.1,0.8,-2.5812252,1079.5,39.8,0.24930459
-668,3852.7,2.1,0.7,-2.5736036,1079.4,39.8,0.24937413
-671,3853.4,-3,0.7,-2.5856314,1079.2,39.8,0.24951321
-670.1,3854.1,0.9,0.7,-2.5826324,1079,39.8,0.24965229
-668,3854.6,2.1,0.5,-2.5748728,1078.8,39.8,0.24979138
-671,3855.3,-3,0.7,-2.5869063,1078.6,39.8,0.24993046
-756,3858.5,-85,3.2,-2.917026,1078.4,39.8,0.25006954
-763,3859.4,-7,0.9,-2.9447222,1078.2,39.8,0.25020862
-764.1,3860.2,-1.1,0.8,-2.9495788,1078,39.8,0.25034771
-760,3860.6,4.1,0.4,-2.934056,1077.8,39.8,0.25048679
-765,3861.3,-5,0.7,-2.9538945,1077.6,39.8,0.25062587
-760,3861.8,5,0.5,-2.934968,1077.3,39.8,0.25083449
-756.1,3862.2,3.9,0.4,-2.9202094,1077.1,39.8,0.25097357
-763.1,3863,-7,0.8,-2.9478553,1076.9,39.8,0.25111266
1084.1,3805.8,1847.2,-57.2,4.1258678,1077.2,39.8,0.25090403
1086.2,3803.6,2.1,-2.2,4.1314703,1077.5,39.8,0.25069541
1095.1,3801.8,8.9,-1.8,4.1633512,1077.8,39.8,0.25048679
-1162,3870.8,-2257.1,69,-4.4978696,1077.5,39.8,0.25069541
-1153,3872.5,9,1.7,-4.4649925,1077.2,39.8,0.25090403
233.1,3830.6,1386.1,-41.9,0.89291286,1077.2,39.8,0.25090403
223.1,3830.1,-10,-0.5,0.85449531,1077.3,39.8,0.25083449
-505.9,3852.4,-729,22.3,-1.9489292,1077.2,39.8,0.25090403
-506,3853.1,-0.1,0.7,-1.9496686,1077,39.8,0.25104312
-509,3853.7,-3,0.6,-1.9615333,1076.9,39.8,0.25111266
-498,3853.8,11,0.1,-1.9191924,1076.7,39.8,0.25125174
-506.1,3854.4,-8.1,0.6,-1.9507118,1076.6,39.8,0.25132128
-501,3854.6,5.1,0.2,-1.9311546,1076.5,39.8,0.25139082
-504,3855,-3,0.4,-1.94292,1076.3,39.8,0.2515299
-504,3855.4,0,0.4,-1.9431216,1076.2,39.8,0.25159944
268,3831.5,772,-23.9,1.026842,1076.3,39.8,0.2515299
1034.1,3806.8,766.1,-24.7,3.9366119,1076.6,39.8,0.25132128
1039.1,3805,5,-1.8,3.9537755,1076.8,39.8,0.2511822
1037.2,3803.8,-1.9,-1.2,3.9453014,1077.1,39.8,0.25097357
-474.9,3849.8,-1512.1,46,-1.82827,1077,39.8,0.25104312
-470.1,3850.7,4.8,0.9,-1.8102141,1076.9,39.8,0.25111266
-477.1,3851.6,-7,0.9,-1.8375984,1076.7,39.8,0.25125174
-474,3852.1,3.1,0.5,-1.8258954,1076.6,39.8,0.25132128
-472,3852.5,2,0.4,-1.81838,1076.5,39.8,0.25139082
-479,3853.2,-7,0.7,-1.8456828,1076.3,39.8,0.2515299
242,3831,721,-22.2,0.927102,1076.4,39.8,0.25146036
236.1,3830.5,-5.9,-0.5,0.90438105,1076.5,39.8,0.25139082
234.1,3830.1,-2,-0.4,0.89662641,1076.5,39.8,0.25139082
236.1,3829.6,2,-0.5,0.90416856,1076.6,39.8,0.25132128
1058.1,3803.8,822,-25.8,4.0248008,1076.9,39.8,0.25111266
1880,3776.7,821.9,-27.1,7.100196,1077.4,39.8,0.25076495
1884,3774.3,4,-2.4,7.1107812,1077.9,39.8,0.25041725
1891,3772,7,-2.3,7.132852,1078.5,39.8,0.25
1885,3770.4,-6,-1.6,7.107204,1079,39.8,0.24965229
1885,3768.7,0,-1.7,7.1039995,1079.5,39.8,0.24930459
1884,3767.1,-1,-1.6,7.0972164,1080,39.8,0.24895688
1881.1,3765.8,-2.9,-1.3,7.0838464,1080.6,39.8,0.24853964
1889.1,3764.1,8,-1.7,7.1107613,1081.1,39.8,0.24819193
604.2,3802.7,-1284.9,38.6,2.2975913,1081.3,39.8,0.24805285
-671.8,3843.1,-1276,40.4,-2.5817946,1081.1,39.8,0.24819193
-675,3845.1,-3.2,2,-2.5954425,1080.9,39.8,0.24833102
-669,3846.5,6,1.4,-2.5733085,1080.7,39.8,0.2484701
-677,3847.9,-8,1.4,-2.6050283,1080.5,39.8,0.24860918
-673.1,3848.9,3.9,1,-2.5906946,1080.3,39.8,0.24874826
-671.1,3849.8,2,0.9,-2.5836008,1080.1,39.8,0.24888734
-677.1,3850.9,-6,1.1,-2.6074444,1079.9,39.8,0.24902643
-678,3851.8,-0.9,0.9,-2.6115204,1079.8,39.8,0.24909597
-673,3852.4,5,0.6,-2.5926652,1079.6,39.8,0.24923505
552,3814.9,1225,-37.5,2.1058248,1079.7,39.8,0.24916551
550.1,3813.9,-1.9,-1,2.0980264,1079.9,39.8,0.24902643
557.1,3813,7,-0.9,2.1242223,1080,39.8,0.24895688
553.2,3812.5,-3.9,-0.5,2.109075,1080.2,39.8,0.2488178
553.1,3812.1,-0.1,-0.4,2.1084725,1080.3,39.8,0.24874826
551.1,3811.6,-2,-0.5,2.1005728,1080.5,39.8,0.24860918
552.1,3811.2,1,-0.4,2.1041635,1080.6,39.8,0.24853964
552.1,3810.8,0,-0.4,2.1039427,1080.8,39.8,0.24840056
-1025,3859.7,-1577.1,48.9,-3.9561925,1080.5,39.8,0.24860918
-1019.1,3861.5,5.9,1.8,-3.9352546,1080.2,39.8,0.2488178
-1022,3863.1,-2.9,1.6,-3.9480882,1079.9,39.8,0.24902643
-1025,3864.4,-3,1.3,-3.96101,1079.7,39.8,0.24916551
-1028,3865.6,-3,1.2,-3.9738368,1079.4,39.8,0.24937413
-1023,3866.5,5,0.9,-3.9554295,1079.1,39.8,0.24958275
-1023.1,3867.5,-0.1,1,-3.9568392,1078.8,39.8,0.24979138
-1021.2,3868.4,1.9,0.9,-3.9504101,1078.5,39.8,0.25
-1017.1,3869.2,4.1,0.8,-3.9353633,1078.2,39.8,0.25020862
7,3837.9,1024.1,-31.3,0.0268653,1078.2,39.8,0.25020862
8,3837.3,1,-0.6,0.0306984,1078.2,39.8,0.25020862
6,3837,-2,-0.3,0.023022,1078.2,39.8,0.25020862
8,3836.6,2,-0.4,0.0306928,1078.2,39.8,0.25020862
5,3836.5,-3,-0.1,0.0191825,1078.2,39.8,0.25020862
-32,3837.6,-37,1.1,-0.1228032,1078.2,39.8,0.25020862
-37,3837.7,-5,0.1,-0.1419949,1078.2,39.8,0.25020862
-32,3837.5,5,-0.2,-0.1228,1078.2,39.8,0.25020862
-29,3837.3,3,-0.2,-0.1112817,1078.2,39.8,0.25020862
-32,3837.4,-3,0.1,-0.1227968,1078.2,39.8,0.25020862
-28,3837.2,4,-0.2,-0.1074416,1078.2,39.8,0.25020862
-31,3837.3,-3,0.1,-0.1189563,1078.2,39.8,0.25020862
829.1,3810.4,860.1,-26.9,3.1592026,1078.4,39.8,0.25006954
831.2,3809,2.1,-1.4,3.1660408,1078.6,39.8,0.24993046
829.1,3808.1,-2.1,-0.9,3.1572957,1078.9,39.8,0.24972184
829.1,3807.2,0,-0.9,3.1565495,1079.1,39.8,0.24958275
831.1,3806.3,2,-0.9,3.1634159,1079.3,39.8,0.24944367
831.1,3805.6,0,-0.7,3.1628342,1079.6,39.8,0.24923505
828.1,3804.9,-3,-0.7,3.1508377,1079.8,39.8,0.24909597
827.1,3804.3,-1,-0.6,3.1465365,1080,39.8,0.24895688
824.2,3803.8,-2.9,-0.5,3.135092,1080.3,39.8,0.24874826
3,3828.7,-821.2,24.9,0.0114861,1080.3,39.8,0.24874826
4,3829.2,1,0.5,0.0153168,1080.3,39.8,0.24874826
7,3829.5,3,0.3,0.0268065,1080.3,39.8,0.24874826
7,3829.7,0,0.2,0.0268079,1080.3,39.8,0.24874826
3,3830.1,-4,0.4,0.0114903,1080.3,39.8,0.24874826
4,3830.2,1,0.1,0.0153208,1080.3,39.8,0.24874826
130,3826.5,126,-3.7,0.497445,1080.3,39.8,0.24874826
128.1,3826.5,-1.9,0,0.49017465,1080.3,39.8,0.24874826
124.1,3826.6,-4,0.1,0.47488106,1080.4,39.8,0.24867872
128.1,3826.5,4,-0.1,0.49017465,1080.4,39.8,0.24867872
130.1,3826.4,2,-0.1,0.49781464,1080.4,39.8,0.24867872
1506,3783.6,1375.9,-42.8,5.6981016,1080.9,39.8,0.24833102
1506.1,3781.6,0.1,-2,5.6954678,1081.3,39.8,0.24805285
1503,3780.2,-3.1,-1.4,5.6816406,1081.7,39.8,0.24777469
1509.1,3778.7,6.1,-1.5,5.7024362,1082.1,39.8,0.24749652
1508.1,3777.5,-1,-1.2,5.6968477,1082.5,39.8,0.24721836
1510.1,3776.3,2,-1.2,5.7025906,1083,39.8,0.24687065
1505.1,3775.4,-5,-0.9,5.6823545,1083.4,39.8,0.24659249
1505.1,3774.4,0,-1,5.6808494,1083.8,39.8,0.24631433
1510.1,3773.2,5,-1.2,5.6979093,1084.2,39.8,0.24603616
1510.1,3772.3,0,-0.9,5.6965502,1084.6,39.8,0.245758
-692,3840.2,-2202.1,67.9,-2.6574184,1084.4,39.8,0.24589708
-692,3842.4,0,2.2,-2.6589408,1084.2,39.8,0.24603616
-691,3844,1,1.6,-2.656204,1084.1,39.8,0.2461057
-691,3845.3,0,1.3,-2.6571023,1083.9,39.8,0.24624478
-556.1,3842.3,134.9,-3,-2.136703,1083.7,39.8,0.24638387
-559,3843.2,-2.9,0.9,-2.1483488,1083.6,39.8,0.24645341
-556,3844,3,0.8,-2.137264,1083.4,39.8,0.24659249
-558,3844.8,-2,0.8,-2.1453984,1083.2,39.8,0.24673157
-560,3845.5,-2,0.7,-2.15348,1083.1,39.8,0.24680111
-566,3846.5,-6,1,-2.177119,1082.9,39.8,0.24694019
-565,3847.1,1,0.6,-2.1736115,1082.8,39.8,0.24700974
-564,3847.7,1,0.6,-2.1701028,1082.6,39.8,0.24714882
-567,3848.5,-3,0.8,-2.1820995,1082.5,39.8,0.24721836
-566,3849,1,0.5,-2.178534,1082.3,39.8,0.24735744
-558,3849.3,8,0.3,-2.1479094,1082.1,39.8,0.24749652
-266.1,3840.7,291.9,-8.6,-1.0220103,1082.1,39.8,0.24749652
33,3831.4,299.1,-9.3,0.1264362,1082.1,39.8,0.24749652
37,3831,4,-0.4,0.141747,1082.1,39.8,0.24749652
31,3831.1,-6,0.1,0.1187641,1082.1,39.8,0.24749652
33,3830.9,2,-0.2,0.1264197,1082.1,39.8,0.24749652
32,3830.8,-1,-0.1,0.1225856,1082.1,39.8,0.24749652
36,3830.7,4,-0.1,0.1379052,1082.1,39.8,0.24749652
30,3830.9,-6,0.2,0.114927,1082.1,39.8,0.24749652
32,3830.8,2,-0.1,0.1225856,1082.1,39.8,0.24749652
34,3830.7,2,-0.1,0.1302438,1082.2,39.8,0.24742698
33,3830.7,-1,0,0.1264131,1082.2,39.8,0.24742698
30,3830.8,-3,0.1,0.114924,1082.2,39.8,0.24742698
32,3830.8,2,0,0.1225856,1082.2,39.8,0.24742698
31,3830.7,-1,-0.1,0.1187517,1082.2,39.8,0.24742698
33,3830.7,2,0,0.1264131,1082.2,39.8,0.24742698
36,3830.6,3,-0.1,0.1379016,1082.2,39.8,0.24742698
26,3830.9,-10,0.3,0.0996034,1082.2,39.8,0.24742698
33,3830.7,7,-0.2,0.1264131,1082.2,39.8,0.24742698
37,3830.6,4,-0.1,0.1417322,1082.2,39.8,0.24742698
36,3830.6,-1,0,0.1379016,1082.2,39.8,0.24742698
34,3830.7,-2,0.1,0.1302438,1082.3,39.8,0.24735744
35,3830.7,1,0,0.1340745,1082.3,39.8,0.24735744
34,3830.7,-1,0,0.1302438,1082.3,39.8,0.24735744
37,3830.6,3,-0.1,0.1417322,1082.3,39.8,0.24735744
35,3830.7,-2,0.1,0.1340745,1082.3,39.8,0.24735744
33,3830.7,-2,0,0.1264131,1082.3,39.8,0.24735744
34,3830.7,1,0,0.1302438,1082.3,39.8,0.24735744
35,3830.7,1,0,0.1340745,1082.3,39.8,0.24735744
34,3830.7,-1,0,0.1302438,1082.3,39.8,0.24735744
29,3830.9,-5,0.2,0.1110961,1082.3,39.8,0.24735744
38,3830.6,9,-0.3,0.1455628,1082.4,39.8,0.2472879
38,3830.6,0,0,0.1455628,1082.4,39.8,0.2472879
37,3830.7,-1,0.1,0.1417359,1082.4,39.8,0.2472879
29,3830.9,-8,0.2,0.1110961,1082.4,39.8,0.2472879
34,3830.8,5,-0.1,0.1302472,1082.4,39.8,0.2472879
30,3830.9,-4,0.1,0.114927,1082.4,39.8,0.2472879
34,3830.8,4,-0.1,0.1302472,1082.4,39.8,0.2472879
38,3830.7,4,-0.1,0.1455666,1082.4,39.8,0.2472879
26,3831.1,-12,0.4,0.0996086,1082.4,39.8,0.2472879
29,3831,3,-0.1,0.111099,1082.4,39.8,0.2472879
37,3830.8,8,-0.2,0.1417396,1082.4,39.8,0.2472879
29,3831,-8,0.2,0.111099,1082.5,39.8,0.24721836
30,3831,1,0,0.11493,1082.5,39.8,0.24721836
29,3831,-1,0,0.111099,1082.5,39.8,0.24721836
35,3830.9,6,-0.1,0.1340815,1082.5,39.8,0.24721836
37,3830.8,2,-0.1,0.1417396,1082.5,39.8,0.24721836
32,3830.9,-5,0.1,0.1225888,1082.5,39.8,0.24721836
37,3830.8,5,-0.1,0.1417396,1082.5,39.8,0.24721836
36,3830.8,-1,0,0.1379088,1082.5,39.8,0.24721836
35,3830.9,-1,0.1,0.1340815,1082.5,39.8,0.24721836
33,3830.9,-2,0,0.1264197,1082.5,39.8,0.24721836
39,3830.7,6,-0.2,0.1493973,1082.5,39.8,0.24721836
30,3831,-9,0.3,0.11493,1082.6,39.8,0.24714882
33,3830.9,3,-0.1,0.1264197,1082.6,39.8,0.24714882
32,3831,-1,0.1,0.122592,1082.6,39.8,0.24714882
34,3830.9,2,-0.1,0.1302506,1082.6,39.8,0.24714882
33,3831,-1,0.1,0.126423,1082.6,39.8,0.24714882
31,3831.1,-2,0.1,0.1187641,1082.6,39.8,0.24714882
30,3831.1,-1,0,0.114933,1082.6,39.8,0.24714882
29,3831.1,-1,0,0.1111019,1082.6,39.8,0.24714882
33,3831,4,-0.1,0.126423,1082.6,39.8,0.24714882
32,3831.1,-1,0.1,0.1225952,1082.6,39.8,0.24714882
38,3830.9,6,-0.2,0.1455742,1082.6,39.8,0.24714882
36,3830.9,-2,0,0.1379124,1082.7,39.8,0.24707928
27,3831.2,-9,0.3,0.1034424,1082.7,39.8,0.24707928
27,3831.2,0,0,0.1034424,1082.7,39.8,0.24707928
34,3831,7,-0.2,0.130254,1082.7,39.8,0.24707928
36,3831,2,0,0.137916,1082.7,39.8,0.24707928
34,3831,-2,0,0.130254,1082.7,39.8,0.24707928
30,3831.1,-4,0.1,0.114933,1082.7,39.8,0.24707928
33,3831,3,-0.1,0.126423,1082.7,39.8,0.24707928
31,3831.1,-2,0.1,0.1187641,1082.7,39.8,0.24707928
32,3831.1,1,0,0.1225952,1082.7,39.8,0.24707928
27,3831.3,-5,0.2,0.1034451,1082.7,39.8,0.24707928
28,3831.3,1,0,0.1072764,1082.8,39.8,0.24700974
29,3831.2,1,-0.1,0.1111048,1082.8,39.8,0.24700974
28,3831.3,-1,0.1,0.1072764,1082.8,39.8,0.24700974
30,3831.2,2,-0.1,0.114936,1082.8,39.8,0.24700974
30,3831.2,0,0,0.114936,1082.8,39.8,0.24700974
32,3831.2,2,0,0.1225984,1082.8,39.8,0.24700974
39,3830.9,7,-0.3,0.1494051,1082.8,39.8,0.24700974
32,3831.2,-7,0.3,0.1225984,1082.8,39.8,0.24700974
32,3831.2,0,0,0.1225984,1082.8,39.8,0.24700974
28,3831.3,-4,0.1,0.1072764,1082.8,39.8,0.24700974
31,3831.2,3,-0.1,0.1187672,1082.8,39.8,0.24700974
38,3831,7,-0.2,0.145578,1082.8,39.8,0.24700974
32,3831.2,-6,0.2,0.1225984,1082.9,39.8,0.24694019
32,3831.2,0,0,0.1225984,1082.9,39.8,0.24694019
32,3831.2,0,0,0.1225984,1082.9,39.8,0.24694019
36,3831.1,4,-0.1,0.1379196,1082.9,39.8,0.24694019
32,3831.2,-4,0.1,0.1225984,1082.9,39.8,0.24694019
32,3831.2,0,0,0.1225984,1082.9,39.8,0.24694019
35,3831.1,3,-0.1,0.1340885,1082.9,39.8,0.24694019
33,3831.1,-2,0,0.1264263,1082.9,39.8,0.24694019
34,3831.1,1,0,0.1302574,1082.9,39.8,0.24694019
31,3831.2,-3,0.1,0.1187672,1082.9,39.8,0.24694019
35,3831.1,4,-0.1,0.1340885,1082.9,39.8,0.24694019
33,3831.2,-2,0.1,0.1264296,1083,39.8,0.24687065
34,3831.1,1,-0.1,0.1302574,1083,39.8,0.24687065
30,3831.3,-4,0.2,0.114939,1083,39.8,0.24687065
34,3831.2,4,-0.1,0.1302608,1083,39.8,0.24687065
36,3831.1,2,-0.1,0.1379196,1083,39.8,0.24687065
30,3831.3,-6,0.2,0.114939,1083,39.8,0.24687065
32,3831.2,2,-0.1,0.1225984,1083,39.8,0.24687065
35,3831.1,3,-0.1,0.1340885,1083,39.8,0.24687065
33,3831.2,-2,0.1,0.1264296,1083,39.8,0.24687065
38,3831,5,-0.2,0.145578,1083,39.8,0.24687065
35,3831.1,-3,0.1,0.1340885,1083.1,39.8,0.24680111
28,3831.3,-7,0.2,0.1072764,1083.1,39.8,0.24680111
35,3831.1,7,-0.2,0.1340885,1083.1,39.8,0.24680111
35,3831.1,0,0,0.1340885,1083.1,39.8,0.24680111
32,3831.2,-3,0.1,0.1225984,1083.1,39.8,0.24680111
32,3831.2,0,0,0.1225984,1083.1,39.8,0.24680111
36,3831.1,4,-0.1,0.1379196,1083.1,39.8,0.24680111
33,3831.2,-3,0.1,0.1264296,1083.1,39.8,0.24680111
35,3831.1,2,-0.1,0.1340885,1083.1,39.8,0.24680111
39,3831,4,-0.1,0.149409,1083.1,39.8,0.24680111
34,3831.2,-5,0.2,0.1302608,1083.1,39.8,0.24680111
24,3831.5,-10,0.3,0.091956,1083.2,39.8,0.24673157
15,3831.7,-9,0.2,0.0574755,1083.2,39.8,0.24673157
14,3831.8,-1,0.1,0.0536452,1083.2,39.8,0.24673157
20,3831.7,6,-0.1,0.076634,1083.2,39.8,0.24673157
17,3831.8,-3,0.1,0.0651406,1083.2,39.8,0.24673157
15,3831.8,-2,0,0.057477,1083.2,39.8,0.24673157
19,3831.7,4,-0.1,0.0728023,1083.2,39.8,0.24673157
22,3831.6,3,-0.1,0.0842952,1083.2,39.8,0.24673157
19,3831.7,-3,0.1,0.0728023,1083.2,39.8,0.24673157
15,3831.9,-4,0.2,0.0574785,1083.2,39.8,0.24673157
17,3831.9,2,0,0.0651423,1083.2,39.8,0.24673157
18,3831.8,1,-0.1,0.0689724,1083.2,39.8,0.24673157
16,3831.9,-2,0.1,0.0613104,1083.2,39.8,0.24673157
14,3832,-2,0.1,0.053648,1083.2,39.8,0.24673157
20,3831.8,6,-0.2,0.076636,1083.2,39.8,0.24673157
14,3832,-6,0.2,0.053648,1083.2,39.8,0.24673157
19,3831.9,5,-0.1,0.0728061,1083.2,39.8,0.24673157
18,3831.9,-1,0,0.0689742,1083.2,39.8,0.24673157
16,3832,-2,0.1,0.061312,1083.2,39.8,0.24673157
17,3832,1,0,0.065144,1083.2,39.8,0.24673157
18,3831.9,1,-0.1,0.0689742,1083.2,39.8,0.24673157
16,3832,-2,0.1,0.061312,1083.3,39.8,0.24666203
13,3832.1,-3,0.1,0.0498173,1083.3,39.8,0.24666203
15,3832.1,2,0,0.0574815,1083.3,39.8,0.24666203
17,3832,2,-0.1,0.065144,1083.3,39.8,0.24666203
22,3831.8,5,-0.2,0.0842996,1083.3,39.8,0.24666203
11,3832.2,-11,0.4,0.0421542,1083.3,39.8,0.24666203
21,3831.9,10,-0.3,0.0804699,1083.3,39.8,0.24666203
23,3831.8,2,-0.1,0.0881314,1083.3,39.8,0.24666203
17,3832,-6,0.2,0.065144,1083.3,39.8,0.24666203
21,3831.9,4,-0.1,0.0804699,1083.3,39.8,0.24666203
15,3832.1,-6,0.2,0.0574815,1083.3,39.8,0.24666203
17,3832,2,-0.1,0.065144,1083.3,39.8,0.24666203
18,3832.1,1,0.1,0.0689778,1083.3,39.8,0.24666203
16,3832.1,-2,0,0.0613136,1083.3,39.8,0.24666203
15,3832.2,-1,0.1,0.057483,1083.3,39.8,0.24666203
22,3832,7,-0.2,0.084304,1083.3,39.8,0.24666203
14,3832.2,-8,0.2,0.0536508,1083.3,39.8,0.24666203
19,3832.1,5,-0.1,0.0728099,1083.3,39.8,0.24666203
23,3831.9,4,-0.2,0.0881337,1083.3,39.8,0.24666203
21,3832,-2,0.1,0.080472,1083.3,39.8,0.24666203
16,3832.1,-5,0.1,0.0613136,1083.4,39.8,0.24659249
17,3832.1,1,0,0.0651457,1083.4,39.8,0.24659249
19,3832.1,2,0,0.0728099,1083.4,39.8,0.24659249
16,3832.2,-3,0.1,0.0613152,1083.4,39.8,0.24659249
19,3832.1,3,-0.1,0.0728099,1083.4,39.8,0.24659249
18,3832.1,-1,0,0.0689778,1083.4,39.8,0.24659249
17,3832.2,-1,0.1,0.0651474,1083.4,39.8,0.24659249
20,3832.1,3,-0.1,0.076642,1083.4,39.8,0.24659249
20,3832.1,0,0,0.076642,1083.4,39.8,0.24659249
17,3832.2,-3,0.1,0.0651474,1083.4,39.8,0.24659249
16,3832.2,-1,0,0.0613152,1083.4,39.8,0.24659249
21,3832.1,5,-0.1,0.0804741,1083.4,39.8,0.24659249
11,3832.4,-10,0.3,0.0421564,1083.4,39.8,0.24659249
18,3832.2,7,-0.2,0.0689796,1083.4,39.8,0.24659249
15,3832.3,-3,0.1,0.0574845,1083.4,39.8,0.24659249
19,3832.2,4,-0.1,0.0728118,1083.4,39.8,0.24659249
17,3832.2,-2,0,0.0651474,1083.4,39.8,0.24659249
16,3832.3,-1,0.1,0.0613168,1083.4,39.8,0.24659249
18,3832.2,2,-0.1,0.0689796,1083.4,39.8,0.24659249
24,3832,6,-0.2,0.091968,1083.4,39.8,0.24659249
15,3832.3,-9,0.3,0.0574845,1083.4,39.8,0.24659249
17,3832.3,2,0,0.0651491,1083.5,39.8,0.24652295
16,3832.3,-1,0,0.0613168,1083.5,39.8,0.24652295
20,3832.2,4,-0.1,0.076644,1083.5,39.8,0.24652295
19,3832.2,-1,0,0.0728118,1083.5,39.8,0.24652295
13,3832.4,-6,0.2,0.0498212,1083.5,39.8,0.24652295
22,3832.1,9,-0.3,0.0843062,1083.5,39.8,0.24652295
20,3832.2,-2,0.1,0.076644,1083.5,39.8,0.24652295
18,3832.2,-2,0,0.0689796,1083.5,39.8,0.24652295
16,3832.3,-2,0.1,0.0613168,1083.5,39.8,0.24652295
17,3832.3,1,0,0.0651491,1083.5,39.8,0.24652295
21,3832.2,4,-0.1,0.0804762,1083.5,39.8,0.24652295
12,3832.5,-9,0.3,0.04599,1083.5,39.8,0.24652295
15,3832.4,3,-0.1,0.057486,1083.5,39.8,0.24652295
22,3832.2,7,-0.2,0.0843084,1083.5,39.8,0.24652295
21,3832.2,-1,0,0.0804762,1083.5,39.8,0.24652295
15,3832.4,-6,0.2,0.057486,1083.5,39.8,0.24652295
23,3832.1,8,-0.3,0.0881383,1083.5,39.8,0.24652295
16,3832.4,-7,0.3,0.0613184,1083.5,39.7,0.24652295
18,3832.3,2,-0.1,0.0689814,1083.5,39.7,0.24652295
20,3832.2,2,-0.1,0.076644,1083.5,39.7,0.24652295
16,3832.4,-4,0.2,0.0613184,1083.6,39.8,0.24645341
16,3832.3,0,-0.1,0.0613168,1083.6,39.8,0.24645341
20,3832.2,4,-0.1,0.076644,1083.6,39.8,0.24645341
12,3832.5,-8,0.3,0.04599,1083.6,39.8,0.24645341
15,3832.4,3,-0.1,0.057486,1083.6,39.8,0.24645341
15,3832.4,0,0,0.057486,1083.6,39.8,0.24645341
19,3832.3,4,-0.1,0.0728137,1083.6,39.8,0.24645341
15,3832.4,-4,0.1,0.057486,1083.6,39.8,0.24645341
21,3832.3,6,-0.1,0.0804783,1083.6,39.8,0.24645341
18,3832.3,-3,0,0.0689814,1083.6,39.8,0.24645341
18,3832.3,0,0,0.0689814,1083.6,39.8,0.24645341
20,3832.3,2,0,0.076646,1083.6,39.8,0.24645341
14,3832.5,-6,0.2,0.053655,1083.6,39.8,0.24645341
15,3832.4,1,-0.1,0.057486,1083.6,39.7,0.24645341
14,3832.5,-1,0.1,0.053655,1083.6,39.7,0.24645341
19,3832.4,5,-0.1,0.0728156,1083.6,39.7,0.24645341
2059.9,3768.7,2040.9,-63.7,7.7631451,1084.2,39.7,0.24603616
2059,3765.8,-0.9,-2.9,7.7537822,1084.8,39.7,0.24561892
2061,3763.5,2,-2.3,7.7565735,1085.3,39.7,0.24527121
167.3,3820.5,-1893.7,57,0.63916965,1085.4,39.7,0.24520167
160.1,3821.6,-7.2,1.1,0.61183816,1085.4,39.7,0.24520167
166.1,3821.8,6,0.2,0.63480098,1085.5,39.7,0.24513213
168.1,3821.9,2,0.1,0.64246139,1085.5,39.7,0.24513213
164.1,3822.2,-4,0.3,0.62722302,1085.6,39.7,0.24506259
163.1,3822.4,-1,0.2,0.62343344,1085.6,39.7,0.24506259
165.1,3822.4,2,0,0.63107824,1085.7,39.7,0.24499305
161.2,3822.6,-3.9,0.2,0.61620312,1085.7,39.7,0.24499305
166,3822.5,4.8,-0.1,0.634535,1085.8,39.7,0.2449235
-7,3828.1,-173,5.6,-0.0267967,1085.7,39.7,0.24499305
-8,3828.4,-1,0.3,-0.0306272,1085.7,39.7,0.24499305
-5,3828.5,3,0.1,-0.0191425,1085.7,39.7,0.24499305
-6,3828.7,-1,0.2,-0.0229722,1085.7,39.7,0.24499305
-8,3829,-2,0.3,-0.030632,1085.7,39.7,0.24499305
-3,3829,5,0,-0.011487,1085.7,39.7,0.24499305
2506,3750.8,2509,-78.2,9.3995048,1086.4,39.7,0.24450626
2505.1,3747.4,-0.9,-3.4,9.3876117,1087.1,39.7,0.24401947
962.3,3792.9,-1542.8,45.5,3.6499077,1087.4,39.7,0.24381085
962.1,3792.7,-0.2,-0.2,3.6489567,1087.7,39.7,0.24360223
197.2,3816.2,-764.9,23.5,0.75255464,1087.7,39.7,0.24360223
196.2,3816.8,-1,0.6,0.74885616,1087.8,39.7,0.24353268
197.2,3817.1,1,0.3,0.75273212,1087.8,39.7,0.24353268
197.1,3817.4,-0.1,0.3,0.75240954,1087.9,39.7,0.24346314
39,3822.5,-158.1,5.1,0.1490775,1087.9,39.7,0.24346314
-114,3827.8,-153,5.3,-0.4363692,1087.9,39.7,0.24346314
-114,3828.4,0,0.6,-0.4364376,1087.8,39.7,0.24353268
-115.1,3828.8,-1.1,0.4,-0.44069488,1087.8,39.7,0.24353268
-112.1,3829.2,3,0.4,-0.42925332,1087.8,39.7,0.24353268
-114.1,3829.6,-2,0.4,-0.43695736,1087.7,39.7,0.24360223
650,3805.9,764.1,-23.7,2.473835,1087.9,39.7,0.24346314
1401,3781.7,751,-24.2,5.2981617,1088.3,39.7,0.24318498
1411.1,3779.8,10.1,-1.9,5.3336758,1088.7,39.7,0.24290682
-274,3831.2,-1685.1,51.4,-1.0497488,1088.6,39.7,0.24297636
-277.1,3832.5,-3.1,1.3,-1.0619858,1088.5,39.7,0.2430459
-275,3833.3,2.1,0.8,-1.0541575,1088.5,39.7,0.2430459
-278.1,3834,-3.1,0.7,-1.0662354,1088.4,39.7,0.24311544
-273,3834.4,5.1,0.4,-1.0467912,1088.3,39.7,0.24318498
-442,3840.2,-169,5.8,-1.6973684,1088.2,39.7,0.24325452
-445,3841,-3,0.8,-1.709245,1088.1,39.7,0.24332406
-441,3841.6,4,0.6,-1.6941456,1087.9,39.7,0.24346314
-444,3842.2,-3,0.6,-1.7059368,1087.8,39.7,0.24353268
-499,3844.5,-55,2.3,-1.9184055,1087.7,39.7,0.24360223
-503,3845.2,-4,0.7,-1.9341356,1087.5,39.7,0.24374131
-499.1,3845.7,3.9,0.5,-1.9193889,1087.4,39.7,0.24381085
-502,3846.3,-2.9,0.6,-1.9308426,1087.3,39.7,0.24388039
-503,3846.8,-1,0.5,-1.9349404,1087.1,39.7,0.24401947
-504,3847.4,-1,0.6,-1.9390896,1087,39.7,0.24408901
-502,3847.8,2,0.4,-1.9315956,1086.9,39.7,0.24415855
-505,3848.3,-3,0.5,-1.9433915,1086.7,39.8,0.24429764
-501,3848.6,4,0.3,-1.9281486,1086.6,39.8,0.24436718
-152.1,3838.2,348.9,-10.4,-0.58379022,1086.5,39.8,0.24443672
209.1,3826.7,361.2,-11.5,0.80016297,1086.6,39.8,0.24436718
208.2,3826.2,-0.9,-0.5,0.79661484,1086.6,39.8,0.24436718
204.1,3825.9,-4.1,-0.3,0.78086619,1086.7,39.8,0.24429764
203.2,3825.6,-0.9,-0.3,0.77736192,1086.8,39.8,0.24422809
206.1,3825.3,2.9,-0.3,0.78839433,1086.8,39.8,0.24422809
198.1,3825.3,-8,0,0.75779193,1086.9,39.8,0.24415855
-109,3834.8,-307.1,9.5,-0.4179932,1086.8,39.8,0.24422809
-111,3835.1,-2,0.3,-0.4256961,1086.8,39.8,0.24422809
-103.1,3835,7.9,-0.1,-0.3953885,1086.8,39.8,0.24422809
-104.1,3835.2,-1,0.2,-0.39924432,1086.8,39.8,0.24422809
-224,3839.1,-119.9,3.9,-0.8599584,1086.7,39.8,0.24429764
-221.1,3839.3,2.9,0.2,-0.84886923,1086.6,39.8,0.24436718
-224,3839.6,-2.9,0.3,-0.8600704,1086.6,39.8,0.24436718
341.1,3822,565.1,-17.6,1.3036842,1086.7,39.8,0.24429764
908.1,3803.8,567,-18.2,3.4542308,1086.9,39.8,0.24415855
911.1,3802.4,3,-1.4,3.4643666,1087.2,39.8,0.24394993
905.1,3801.5,-6,-0.9,3.4407376,1087.4,39.8,0.24381085
908.1,3800.5,3,-1,3.4512341,1087.7,39.8,0.24360223
910.2,3799.6,2.1,-0.9,3.4583959,1087.9,39.8,0.24346314
912.2,3798.8,2,-0.8,3.4652654,1088.2,39.8,0.24325452
907.2,3798.2,-5,-0.6,3.445727,1088.4,39.8,0.24311544
1733.9,3771.7,826.7,-26.5,6.5397506,1088.9,39.7,0.24276773
1739,3769.7,5.1,-2,6.5555083,1089.4,39.7,0.24242003
1735.1,3768.3,-3.9,-1.4,6.5383773,1089.9,39.7,0.24207232
1728.1,3767.3,-7,-1,6.5102711,1090.4,39.7,0.24172462
1733.1,3765.9,5,-1.4,6.5266813,1090.8,39.8,0.24144645
1738.1,3764.5,5,-1.4,6.5430775,1091.3,39.8,0.24109875
1301.1,3777.1,-437,12.6,4.9143848,1091.7,39.8,0.24082058
868.1,3790.1,-433,13,3.2901858,1091.9,39.8,0.2406815
869.2,3790.1,1.1,0,3.2943549,1092.2,39.8,0.24047288
869.1,3790,-0.1,-0.1,3.293889,1092.4,39.7,0.2403338
861.1,3790.1,-8,0.1,3.2636551,1092.6,39.7,0.24019471
870.1,3789.7,9,-0.4,3.297418,1092.9,39.7,0.23998609
863.2,3789.7,-6.9,0,3.271269,1093.1,39.7,0.23984701
866.2,3789.4,3,-0.3,3.2823783,1093.4,39.8,0.23963839
864.2,3789.2,-2,-0.2,3.2746266,1093.6,39.8,0.2394993
864.1,3789,-0.1,-0.2,3.2740749,1093.8,39.8,0.23936022
1101.1,3781.4,237,-7.6,4.1636995,1094.2,39.8,0.23908206
1344.1,3773.3,243,-8.1,5.0716925,1094.5,39.8,0.23887344
1339.1,3772.7,-5,-0.6,5.0520226,1094.9,39.8,0.23859527
-384,3825.9,-1723.1,53.2,-1.4691456,1094.8,39.8,0.23866481
-381,3827.6,3,1.7,-1.4583156,1094.7,39.8,0.23873435
-268.2,3825.3,112.8,-2.3,-1.0259455,1094.6,39.8,0.23880389
-156.1,3822.7,112.1,-2.6,-0.59672347,1094.6,39.8,0.23880389
-155.1,3823.3,1,0.6,-0.59299383,1094.5,39.8,0.23887344
-156,3823.9,-0.9,0.6,-0.5965284,1094.5,39.8,0.23887344
-157,3824.5,-1,0.6,-0.6004465,1094.4,39.8,0.23894298
-156,3825,1,0.5,-0.5967,1094.4,39.8,0.23894298
-152.1,3825.3,3.9,0.3,-0.58182813,1094.4,39.8,0.23894298
-159,3826,-6.9,0.7,-0.608334,1094.3,39.8,0.23901252
423.1,3808.2,582.1,-17.8,1.6112494,1094.4,39.8,0.23894298
1006,3789.5,582.9,-18.7,3.812237,1094.7,39.8,0.23873435
1005.1,3788.5,-0.9,-1,3.8078214,1095,39.8,0.23852573
1003.1,3787.7,-2,-0.8,3.7994419,1095.3,39.8,0.23831711
1004.1,3786.9,1,-0.8,3.8024263,1095.5,39.8,0.23817803
1010.1,3786.1,6,-0.8,3.8243396,1095.8,39.8,0.2379694
1012.1,3785.5,2,-0.6,3.8313046,1096.1,39.8,0.23776078
1005.2,3785.2,-6.9,-0.3,3.804883,1096.4,39.8,0.23755216
425.1,3802.7,-580.1,17.5,1.6165278,1096.5,39.8,0.23748261
-154,3821.3,-579.1,18.6,-0.5884802,1096.5,39.8,0.23748261
-156,3822.3,-2,1,-0.5962788,1096.4,39.8,0.23755216
-75,3820.6,81,-1.7,-0.286545,1096.4,39.8,0.23755216
17,3818.1,92,-2.5,0.0649077,1096.4,39.8,0.23755216
21,3818.3,4,0.2,0.0801843,1096.4,39.8,0.23755216
17,3818.7,-4,0.4,0.0649179,1096.4,39.8,0.23755216
16,3819,-1,0.3,0.061104,1096.4,39.8,0.23755216
16,3819.4,0,0.4,0.0611104,1096.4,39.8,0.23755216
17,3819.6,1,0.2,0.0649332,1096.4,39.8,0.23755216
20,3819.8,3,0.2,0.076396,1096.4,39.8,0.23755216
11,3820.3,-9,0.5,0.0420233,1096.4,39.8,0.23755216
22,3820.2,11,-0.1,0.0840444,1096.4,39.8,0.23755216
22,3820.4,0,0.2,0.0840488,1096.4,39.8,0.23755216
19,3820.7,-3,0.3,0.0725933,1096.4,39.8,0.23755216
23,3820.8,4,0.1,0.0878784,1096.5,39.8,0.23748261
17,3821.2,-6,0.4,0.0649604,1096.5,39.8,0.23748261
21,3821.2,4,0,0.0802452,1096.5,39.8,0.23748261
19,3821.5,-2,0.3,0.0726085,1096.5,39.8,0.23748261
20,3821.6,1,0.1,0.076432,1096.5,39.8,0.23748261
17,3821.9,-3,0.3,0.0649723,1096.5,39.8,0.23748261
21,3821.9,4,0,0.0802599,1096.5,39.8,0.23748261
20,3822.1,-1,0.2,0.076442,1096.5,39.8,0.23748261
21,3822.2,1,0.1,0.0802662,1096.5,39.8,0.23748261
20,3822.4,-1,0.2,0.076448,1096.5,39.8,0.23748261
19,3822.6,-1,0.2,0.0726294,1096.5,39.8,0.23748261
15,3822.8,-4,0.2,0.057342,1096.5,39.8,0.23748261
12,3823,-3,0.2,0.045876,1096.5,39.8,0.23748261
13,3823.2,1,0.2,0.0497016,1096.5,39.8,0.23748261
18,3823.2,5,0,0.0688176,1096.5,39.8,0.23748261
19,3823.2,1,0,0.0726408,1096.5,39.8,0.23748261
21,3823.3,2,0.1,0.0802893,1096.5,39.8,0.23748261
23,3823.3,2,0,0.0879359,1096.5,39.8,0.23748261
18,3823.5,-5,0.2,0.068823,1096.5,39.8,0.23748261
19,3823.6,1,0.1,0.0726484,1096.6,39.8,0.23741307
13,3823.9,-6,0.3,0.0497107,1096.6,39.8,0.23741307
22,3823.7,9,-0.2,0.0841214,1096.6,39.8,0.23741307
11,3824.2,-11,0.5,0.0420662,1096.6,39.8,0.23741307
16,3824.1,5,-0.1,0.0611856,1096.6,39.8,0.23741307
16,3824.2,0,0.1,0.0611872,1096.6,39.8,0.23741307
22,3824.1,6,-0.1,0.0841302,1096.6,39.8,0.23741307
19,3824.3,-3,0.2,0.0726617,1096.6,39.8,0.23741307
19,3824.4,0,0.1,0.0726636,1096.6,39.8,0.23741307
16,3824.5,-3,0.1,0.061192,1096.6,39.8,0.23741307
19,3824.5,3,0,0.0726655,1096.6,39.8,0.23741307
16,3824.7,-3,0.2,0.0611952,1096.6,39.8,0.23741307
19,3824.6,3,-0.1,0.0726674,1096.6,39.8,0.23741307
21,3824.7,2,0.1,0.0803187,1096.6,39.8,0.23741307
22,3824.7,1,0,0.0841434,1096.6,39.8,0.23741307
20,3824.8,-2,0.1,0.076496,1096.6,39.8,0.23741307
18,3825,-2,0.2,0.06885,1096.6,39.8,0.23741307
20,3824.9,2,-0.1,0.076498,1096.6,39.8,0.23741307
15,3825.2,-5,0.3,0.057378,1096.6,39.8,0.23741307
19,3825.1,4,-0.1,0.0726769,1096.6,39.8,0.23741307
17,3825.2,-2,0.1,0.0650284,1096.7,39.8,0.23734353
17,3825.2,0,0,0.0650284,1096.7,39.8,0.23734353
17,3825.3,0,0.1,0.0650301,1096.7,39.8,0.23734353
14,3825.5,-3,0.2,0.053557,1096.7,39.8,0.23734353
19,3825.4,5,-0.1,0.0726826,1096.7,39.8,0.23734353
18,3825.4,-1,0,0.0688572,1096.7,39.8,0.23734353
14,3825.6,-4,0.2,0.0535584,1096.7,39.8,0.23734353
14,3825.7,0,0.1,0.0535598,1096.7,39.8,0.23734353
23,3825.4,9,-0.3,0.0879842,1096.7,39.8,0.23734353
23,3825.5,0,0.1,0.0879865,1096.7,39.8,0.23734353
19,3825.6,-4,0.1,0.0726864,1096.7,39.8,0.23734353
24,3825.5,5,-0.1,0.091812,1096.7,39.8,0.23734353
22,3825.6,-2,0.1,0.0841632,1096.7,39.8,0.23734353
16,3825.9,-6,0.3,0.0612144,1096.7,39.8,0.23734353
21,3825.7,5,-0.2,0.0803397,1096.7,39.8,0.23734353
24,3825.7,3,0,0.0918168,1096.7,39.8,0.23734353
17,3825.9,-7,0.2,0.0650403,1096.7,39.8,0.23734353
13,3826.1,-4,0.2,0.0497393,1096.7,39.8,0.23734353
15,3826.1,2,0,0.0573915,1096.7,39.8,0.23734353
19,3826,4,-0.1,0.072694,1096.7,39.8,0.23734353
18,3826.1,-1,0.1,0.0688698,1096.8,39.8,0.23727399
9,3826.4,-9,0.3,0.0344376,1096.8,39.8,0.23727399
22,3826,13,-0.4,0.084172,1096.8,39.8,0.23727399
15,3826.3,-7,0.3,0.0573945,1096.8,39.8,0.23727399
18,3826.2,3,-0.1,0.0688716,1096.8,39.8,0.23727399
18,3826.2,0,0,0.0688716,1096.8,39.8,0.23727399
19,3826.2,1,0,0.0726978,1096.8,39.8,0.23727399
18,3826.3,-1,0.1,0.0688734,1096.8,39.8,0.23727399
21,3826.2,3,-0.1,0.0803502,1096.8,39.8,0.23727399
19,3826.3,-2,0.1,0.0726997,1096.8,39.8,0.23727399
24,3826.2,5,-0.1,0.0918288,1096.8,39.8,0.23727399
22,3826.3,-2,0.1,0.0841786,1096.8,39.8,0.23727399
22,3826.3,0,0,0.0841786,1096.8,39.8,0.23727399
16,3826.5,-6,0.2,0.061224,1096.8,39.8,0.23727399
21,3826.4,5,-0.1,0.0803544,1096.8,39.8,0.23727399
22,3826.4,1,0,0.0841808,1096.8,39.8,0.23727399
14,3826.6,-8,0.2,0.0535724,1096.8,39.8,0.23727399
15,3826.6,1,0,0.057399,1096.8,39.8,0.23727399
20,3826.5,5,-0.1,0.07653,1096.8,39.8,0.23727399
14,3826.7,-6,0.2,0.0535738,1096.9,39.8,0.23720445
23,3826.5,9,-0.2,0.0880095,1096.9,39.8,0.23720445
21,3826.5,-2,0,0.0803565,1096.9,39.8,0.23720445
11,3826.9,-10,0.4,0.0420959,1096.9,39.7,0.23720445
19,3826.7,8,-0.2,0.0727073,1096.9,39.7,0.23720445
15,3826.8,-4,0.1,0.057402,1096.9,39.7,0.23720445
18,3826.7,3,-0.1,0.0688806,1096.9,39.7,0.23720445
18,3826.8,0,0.1,0.0688824,1096.9,39.7,0.23720445
17,3826.8,-1,0,0.0650556,1096.9,39.7,0.23720445
17,3826.8,0,0,0.0650556,1096.9,39.7,0.23720445
19,3826.8,2,0,0.0727092,1096.9,39.7,0.23720445
12,3827,-7,0.2,0.045924,1096.9,39.7,0.23720445
16,3826.9,4,-0.1,0.0612304,1096.9,39.8,0.23720445
17,3826.9,1,0,0.0650573,1096.9,39.8,0.23720445
17,3826.9,0,0,0.0650573,1096.9,39.8,0.23720445
13,3827.1,-4,0.2,0.0497523,1096.9,39.8,0.23720445
20,3826.9,7,-0.2,0.076538,1096.9,39.8,0.23720445
17,3827,-3,0.1,0.065059,1096.9,39.8,0.23720445
20,3826.9,3,-0.1,0.076538,1096.9,39.8,0.23720445
21,3826.9,1,0,0.0803649,1096.9,39.8,0.23720445
21,3826.9,0,0,0.0803649,1096.9,39.8,0.23720445
17,3827.1,-4,0.2,0.0650607,1097,39.8,0.23713491
16,3827.1,-1,0,0.0612336,1097,39.8,0.23713491
18,3827,2,-0.1,0.068886,1097,39.7,0.23713491
17,3827.1,-1,0.1,0.0650607,1097,39.7,0.23713491
1503,3780.7,1486,-46.4,5.6823921,1097.4,39.8,0.23685675
1495.2,3778.9,-7.8,-1.8,5.6502113,1097.8,39.8,0.23657858
1496.1,3777.2,0.9,-1.7,5.6510689,1098.2,39.8,0.23630042
1493.1,3775.8,-3,-1.4,5.637647,1098.6,39.8,0.23602225
1319.1,3780,-174,4.2,4.986198,1099,39.8,0.23574409
1140.1,3784.6,-179,4.6,4.3148225,1099.3,39.8,0.23553547
1141.2,3783.9,1.1,-0.7,4.3181867,1099.6,39.8,0.23532684
1140.1,3783.2,-1.1,-0.7,4.3132263,1099.9,39.8,0.23511822
1144.2,3782.4,4.1,-0.8,4.3278221,1100.3,39.8,0.23484006
126.2,3813.5,-1018,31.1,0.4812637,1100.3,39.8,0.23484006
121.1,3814.4,-5.1,0.9,0.46192384,1100.3,39.8,0.23484006
122.2,3814.9,1.1,0.5,0.46618078,1100.4,39.8,0.23477051
125.1,3815.1,2.9,0.2,0.47726901,1100.4,39.8,0.23477051
117.1,3815.7,-8,0.6,0.44681847,1100.4,39.8,0.23477051
130,3815.5,12.9,-0.2,0.496015,1100.5,39.8,0.23470097
-197,3826.1,-327,10.6,-0.7537417,1100.4,39.8,0.23477051
-190.1,3826.5,6.9,0.4,-0.72741765,1100.4,39.8,0.23477051
-195.1,3827.2,-5,0.7,-0.74668672,1100.3,39.8,0.23484006
-193,3827.7,2.1,0.5,-0.7387461,1100.3,39.8,0.23484006
-195.9,3828.1,-2.9,0.4,-0.74992479,1100.2,39.8,0.2349096
-194,3828.5,1.9,0.4,-0.742729,1100.1,39.8,0.23497914
-195.1,3828.9,-1.1,0.4,-0.74701839,1100.1,39.8,0.23497914
-194,3829.2,1.1,0.3,-0.7428648,1100,39.8,0.23504868
2067.9,3758.8,2261.9,-70.4,7.7728225,1100.6,39.8,0.23463143
2070,3755.8,2.1,-3,7.774506,1101.2,39.8,0.23421419
2072.1,3753.7,2.1,-2.1,7.7780418,1101.8,39.8,0.23379694
2070.1,3751.9,-2,-1.8,7.7668082,1102.3,39.8,0.23344924
2063.1,3750.6,-7,-1.3,7.7378629,1102.9,39.8,0.23303199
1149.2,3777.6,-913.9,27,4.3412179,1103.2,39.8,0.23282337
1150.2,3777.4,1,-0.2,4.3447655,1103.6,39.8,0.2325452
1148.1,3777.2,-2.1,-0.2,4.3366033,1103.9,39.8,0.23233658
1149.1,3776.7,1,-0.5,4.339806,1104.2,39.8,0.23212796
1149.1,3776.3,0,-0.4,4.3393463,1104.5,39.8,0.23191933
1153.1,3775.8,4,-0.5,4.353875,1104.8,39.8,0.23171071
1152.1,3775.4,-1,-0.4,4.3496383,1105.1,39.8,0.23150209
1148.1,3775.1,-4,-0.3,4.3341923,1105.5,39.8,0.23122392
1149.2,3774.6,1.1,-0.5,4.3377703,1105.8,39.8,0.2310153
1682,3757.7,532.8,-16.9,6.3204514,1106.3,39.8,0.23066759
2221,3739.9,539,-17.8,8.3063179,1106.9,39.8,0.23025035
2219.1,3738.4,-1.9,-1.5,8.2958834,1107.5,39.8,0.2298331
2220,3737,0.9,-1.4,8.29614,1108.1,39.8,0.22941586
1241.2,3766.2,-978.8,29.2,4.6746074,1108.4,39.8,0.22920723
1235.1,3766.4,-6.1,0.2,4.6518806,1108.8,39.8,0.22892907
1242.1,3766.1,7,-0.3,4.6778728,1109.1,39.8,0.22872045
1240.1,3765.9,-2,-0.2,4.6700926,1109.5,39.8,0.22844228
1237.1,3765.7,-3,-0.2,4.6585475,1109.8,39.8,0.22823366
-1178.9,3841.1,-2416,75.4,-4.5282728,1109.5,39.8,0.22844228
-1181.1,3844.2,-2.2,3.1,-4.5403846,1109.2,39.8,0.2286509
-1183,3846.6,-1.9,2.4,-4.5505278,1108.8,39.8,0.22892907
2370,3737.6,3553,-109,8.858112,1109.5,39.8,0.22844228
2369.1,3734.4,-0.9,-3.2,8.847167,1110.2,39.8,0.22795549
2373.2,3732,4.1,-2.4,8.8567824,1110.8,39.8,0.22753825
2370.1,3730.4,-3.1,-1.6,8.841421,1111.5,39.8,0.22705146
810.2,3777.4,-1559.9,47,3.0604495,1111.7,39.8,0.22691238
809.2,3778,-1,0.6,3.0571576,1111.9,39.8,0.2267733
808.1,3778.3,-1.1,0.3,3.0532442,1112.1,39.8,0.22663421
808.1,3778.5,0,0.2,3.0534059,1112.4,39.8,0.22642559
809.2,3778.5,1.1,0,3.0575622,1112.6,39.8,0.22628651
815.1,3778.4,5.9,-0.1,3.0797738,1112.8,39.8,0.22614743
805.1,3778.7,-10,0.3,3.0422314,1113,39.8,0.22600834
809.1,3778.6,4,-0.1,3.0572653,1113.3,39.8,0.22579972
807.1,3778.6,-2,0,3.0497081,1113.5,39.8,0.22566064
808.1,3778.5,1,-0.1,3.0534059,1113.7,39.8,0.22552156
1707,3750.5,898.9,-28,6.4021035,1114.2,39.8,0.22517385
2607,3721.4,900,-29.1,9.7016898,1114.9,39.8,0.22468707
2607.1,3719.4,0.1,-2,9.6968477,1115.6,39.8,0.22420028
2606.1,3717.6,-1,-1.8,9.6884374,1116.4,39.8,0.22364395
572.2,3779.4,-2033.9,61.8,2.1625727,1116.5,39.8,0.22357441
576.2,3780.4,4,1,2.1782665,1116.7,39.8,0.22343533
570.1,3781.3,-6.1,0.9,2.1557191,1116.8,39.8,0.22336579
574,3781.7,3.9,0.4,2.1706958,1117,39.8,0.2232267
572.1,3782.1,-1.9,0.4,2.1637394,1117.2,39.8,0.22308762
577,3782.3,4.9,0.2,2.1823871,1117.3,39.8,0.22301808
-673.8,3821.8,-1250.8,39.5,-2.5751288,1117.1,39.8,0.22315716
-682,3824.1,-8.2,2.3,-2.6080362,1116.9,39.8,0.22329624
-680,3825.6,2,1.5,-2.601408,1116.8,39.8,0.22336579
-676,3827,4,1.4,-2.587052,1116.6,39.8,0.22350487
-678.9,3828.4,-2.9,1.4,-2.5991008,1116.4,39.8,0.22364395
-677,3829.5,1.9,1.1,-2.5925715,1116.2,39.8,0.22378303
-679.2,3830.7,-2.2,1.2,-2.6018114,1116,39.8,0.22392211
-680.1,3831.9,-0.9,1.2,-2.6060752,1115.8,39.8,0.2240612
331,3801.2,1011.1,-30.7,1.2581972,1115.9,39.8,0.22399166
1334.1,3769.4,1003.1,-31.8,5.0287565,1116.3,39.8,0.22371349
1328.2,3767.9,-5.9,-1.5,5.0045248,1116.6,39.8,0.22350487
1329.1,3766.6,0.9,-1.3,5.0061881,1117,39.8,0.2232267
1329.2,3765.5,0.1,-1.1,5.0051026,1117.4,39.8,0.22294854
-880.9,3833.6,-2210.1,68.1,-3.3770182,1117.1,39.8,0.22315716
-880,3835.9,0.9,2.3,-3.375592,1116.9,39.8,0.22329624
230.1,3802.8,1110.1,-33.1,0.87502428,1117,39.8,0.2232267
232.1,3802.6,2,-0.2,0.88258346,1117,39.8,0.2232267
235.1,3802.5,3,-0.1,0.89396775,1117.1,39.8,0.22315716
234.1,3802.6,-1,0.1,0.89018866,1117.2,39.8,0.22308762
234.1,3802.7,0,0.1,0.89021207,1117.2,39.8,0.22308762
236,3802.8,1.9,0.1,0.8974608,1117.3,39.8,0.22301808
233.1,3802.9,-2.9,0.1,0.88645599,1117.4,39.8,0.22294854
1649,3758.9,1415.9,-44,6.1984261,1117.8,39.8,0.22267038
1647.1,3757,-1.9,-1.9,6.1881547,1118.3,39.8,0.22232267
1649.1,3755.5,2,-1.5,6.193195,1118.7,39.8,0.22204451
1646.2,3754.3,-2.9,-1.2,6.1803287,1119.2,39.8,0.2216968
1647.1,3753.1,0.9,-1.2,6.181731,1119.6,39.8,0.22141864
1651,3751.9,3.9,-1.2,6.1943869,1120.1,39.8,0.22107093
1644.1,3751.1,-6.9,-0.8,6.1671835,1120.6,39.8,0.22072323
1644.1,3750.3,0,-0.8,6.1658682,1121,39.8,0.22044506
1651.1,3749.2,7,-1.1,6.1903041,1121.5,39.8,0.22009736
2098.9,3734.5,447.8,-14.7,7.8383421,1122.1,39.8,0.21968011
2099.1,3733.2,0.2,-1.3,7.8363601,1122.6,39.8,0.21933241
2099.1,3732.1,0,-1.1,7.8340511,1123.2,39.8,0.21891516
2102.1,3730.9,3,-1.2,7.8427249,1123.8,39.8,0.21849791
2101,3729.8,-1.1,-1.1,7.8363098,1124.4,39.8,0.21808067
2105.1,3728.7,4.1,-1.1,7.8492864,1125,39.8,0.21766342
2105.1,3727.7,0,-1,7.8471813,1125.6,39.8,0.21724618
2106,3726.8,0.9,-0.9,7.8486408,1126.1,39.8,0.21689847
2098.1,3726.1,-7.9,-0.7,7.8177304,1126.7,39.8,0.21648122
2102.1,3725.1,4,-1,7.8305327,1127.3,39.8,0.21606398
36,3788.7,-2066.1,63.6,0.1363932,1127.3,39.8,0.21606398
29,3790.8,-7,2.1,0.1099332,1127.3,39.8,0.21606398
29,3792.2,0,1.4,0.1099738,1127.3,39.8,0.21606398
26,3793.4,-3,1.2,0.0986284,1127.3,39.8,0.21606398
29,3794.3,3,0.9,0.1100347,1127.3,39.8,0.21606398
32,3795.1,3,0.8,0.1214432,1127.4,39.8,0.21599444
26,3796,-6,0.9,0.098696,1127.4,39.8,0.21599444
25,3796.8,-1,0.8,0.09492,1127.4,39.8,0.21599444
32,3797.3,7,0.5,0.1215136,1127.4,39.8,0.21599444
33,3797.9,1,0.6,0.1253307,1127.4,39.8,0.21599444
272.1,3791,239.1,-6.9,1.0315311,1127.5,39.8,0.2159249
519.1,3783.5,247,-7.5,1.9640149,1127.6,39.8,0.21585535
520.1,3783.4,1,-0.1,1.9677463,1127.8,39.8,0.21571627
1774,3744.2,1253.9,-39.2,6.6422108,1128.2,39.8,0.21543811
1782.1,3742.2,8.1,-2,6.6689746,1128.7,39.8,0.2150904
1135.2,3761,-646.9,18.8,4.2694872,1129.1,39.8,0.21481224
485.1,3781,-650.1,20,1.8341631,1129.2,39.8,0.2147427
482.1,3781.6,-3,0.6,1.8231094,1129.3,39.8,0.21467316
482.1,3782,0,0.4,1.8233022,1129.5,39.8,0.21453408
479.1,3782.3,-3,0.3,1.8120999,1129.6,39.9,0.21446453
484,3782.4,4.9,0.1,1.8306816,1129.7,39.9,0.21439499
788.9,3773.1,304.9,-9.3,2.9765986,1129.9,39.9,0.21425591
781.2,3773.1,-7.7,0,2.9475457,1130.2,39.9,0.21404729
793,3772.5,11.8,-0.6,2.9915925,1130.4,39.9,0.21390821
786.1,3772.5,-6.9,0,2.9655623,1130.6,39.9,0.21376912
793.2,3772.2,7.1,-0.3,2.992109,1130.8,39.9,0.21363004
787.1,3772.2,-6.1,0,2.9690986,1131,39.9,0.21349096
789.1,3772,2,-0.2,2.9764852,1131.3,39.9,0.21328234
-84,3799.3,-873.1,27.3,-0.3191412,1131.2,39.9,0.21335188
-950,3827.4,-866,28.1,-3.63603,1131,39.9,0.21349096
-951,3829.6,-1,2.2,-3.6419496,1130.7,39.9,0.21369958
-956.1,3831.6,-5.1,2,-3.6633928,1130.4,39.9,0.21390821
-956,3833.1,0.1,1.5,-3.6644436,1130.2,39.9,0.21404729
-956,3834.6,0,1.5,-3.6658776,1129.9,39.9,0.21425591
-957,3836,-1,1.4,-3.671052,1129.6,39.9,0.21446453
-961.1,3837.4,-4.1,1.4,-3.6881251,1129.4,39.9,0.21460362
-953,3838.3,8.1,0.9,-3.6578999,1129.1,39.9,0.21481224
-955,3839.5,-2,1.2,-3.6667225,1128.9,39.9,0.21495132
677,3789.5,1632,-50,2.5654915,1129,39.9,0.21488178
674.1,3788.3,-2.9,-1.2,2.553693,1129.2,39.9,0.2147427
1081.1,3774.7,407,-13.6,4.0808282,1129.5,39.9,0.21453408
1480.1,3761,399,-13.7,5.5666561,1129.9,39.9,0.21425591
1480.1,3759.3,0,-1.7,5.5641399,1130.3,39.9,0.21397775
1488.1,3757.7,8,-1.6,5.5918334,1130.8,39.9,0.21363004
1487.1,3756.4,-1,-1.3,5.5861424,1131.2,39.9,0.21335188
1476.2,3755.7,-10.9,-0.7,5.5441643,1131.6,39.9,0.21307371
1265.1,3761.1,-211.1,5.4,4.7581676,1131.9,39.9,0.21286509
1039.2,3767.5,-225.9,6.4,3.915186,1132.2,39.9,0.21265647
1040.1,3767.1,0.9,-0.4,3.9181607,1132.5,39.9,0.21244784
1036.1,3766.8,-4,-0.3,3.9027815,1132.8,39.9,0.21223922
1045.1,3766.1,9,-0.7,3.9359511,1133.1,39.9,0.2120306
1037.2,3765.8,-7.9,-0.3,3.9058878,1133.4,39.9,0.21182197
1037.2,3765.5,0,-0.3,3.9055766,1133.7,39.9,0.21161335
1038.2,3765,1,-0.5,3.908823,1134,39.9,0.21140473
1035.2,3764.7,-3,-0.3,3.8972174,1134.2,39.9,0.21126565
1039.1,3764.2,3.9,-0.5,3.9113802,1134.5,39.9,0.21105702
799.1,3771.3,-240,7.1,3.0136458,1134.8,39.9,0.2108484
556.2,3778.9,-242.9,7.6,2.1018242,1134.9,39.9,0.21077886
558,3779.1,1.8,0.2,2.1087378,1135.1,39.9,0.21063978
558.1,3779.2,0.1,0.1,2.1091715,1135.2,39.9,0.21057024
556.1,3779.4,-2,0.2,2.1017243,1135.4,39.9,0.21043115
558.1,3779.3,2,-0.1,2.1092273,1135.5,39.9,0.21036161
559.1,3779.4,1,0.1,2.1130625,1135.7,39.9,0.21022253
554.1,3779.6,-5,0.2,2.0942764,1135.8,39.9,0.21015299
555.1,3779.6,1,0,2.098056,1136,39.9,0.21001391
554.1,3779.7,-1,0.1,2.0943318,1136.1,39.9,0.20994437
21,3796.3,-533.1,16.6,0.0797223,1136.2,39.9,0.20987483
26,3796.9,5,0.6,0.0987194,1136.2,39.9,0.20987483
21,3797.7,-5,0.8,0.0797517,1136.2,39.9,0.20987483
25,3798.1,4,0.4,0.0949525,1136.2,39.9,0.20987483
19,3798.8,-6,0.7,0.0721772,1136.2,39.9,0.20987483
1379.1,3756.8,1360.1,-42,5.1810029,1136.6,39.9,0.20959666
1376.1,3755.4,-3,-1.4,5.1678059,1136.9,39.9,0.20938804
1376.1,3754.2,0,-1.2,5.1661546,1137.3,39.9,0.20910987
1379.1,3753.2,3,-1,5.1760381,1137.7,39.9,0.20883171
1375.2,3752.5,-3.9,-0.7,5.160438,1138.1,39.9,0.20855355
1374.1,3751.8,-1.1,-0.7,5.1553484,1138.5,39.9,0.20827538
1185.2,3757,-188.9,5.2,4.4527964,1138.8,39.9,0.20806676
994.1,3762.5,-191.1,5.5,3.7403012,1139.1,39.9,0.20785814
1002.1,3762.1,8,-0.4,3.7700004,1139.4,39.9,0.20764951
990.1,3762.2,-12,0.1,3.7249542,1139.6,39.9,0.20751043
992.1,3761.9,2,-0.3,3.732181,1139.9,39.9,0.20730181
1633,3741.7,640.9,-20.2,6.1101961,1140.4,39.9,0.2069541
2283,3720.5,650,-21.2,8.4939015,1141,39.9,0.20653686
2278.1,3719,-4.9,-1.5,8.4722539,1141.6,39.9,0.20611961
238.2,3781,-2039.9,62,0.9006342,1141.7,39.9,0.20605007
241.1,3782.2,2.9,1.2,0.91188842,1141.8,39.9,0.20598053
240.1,3783.2,-1,1,0.90834632,1141.8,39.9,0.20598053
234.2,3784,-5.9,0.8,0.8862128,1141.9,39.9,0.20591099
246.1,3784.2,11.9,0.2,0.93129162,1142,39.9,0.20584145
1216,3754.4,969.9,-29.8,4.5653504,1142.3,39.9,0.20563282
2193,3723,977,-31.4,8.164539,1142.9,39.9,0.20521558
2197,3721,4,-2,8.175037,1143.5,39.9,0.20479833
2189.1,3719.7,-7.9,-1.3,8.1427953,1144.1,39.9,0.20438108
2194.1,3718.3,5,-1.4,8.158322,1144.7,39.9,0.20396384
2191.1,3717.1,-3,-1.2,8.1445378,1145.3,39.9,0.20354659
2187.2,3716.1,-3.9,-1,8.1278539,1146,39.9,0.20305981
1017,3751.4,-1170.2,35.3,3.8151738,1146.2,39.9,0.20292072
1015.1,3751.9,-1.9,0.5,3.8085537,1146.5,39.9,0.2027121
1025.1,3751.8,10,-0.1,3.8459702,1146.8,39.9,0.20250348
1020.1,3752,-5,0.2,3.8274152,1147.1,39.9,0.20229485
1024.1,3751.9,4,-0.1,3.8423208,1147.4,39.9,0.20208623
1020.2,3752,-3.9,0.1,3.8277904,1147.7,39.9,0.20187761
1016.1,3752.1,-4.1,0.1,3.8125088,1147.9,39.9,0.20173853
1018.2,3752,2.1,-0.1,3.8202864,1148.2,39.9,0.2015299
-358,3795,-1376.2,43,-1.35861,1148.1,39.9,0.20159944
-361.9,3796.9,-3.9,1.9,-1.3740981,1148,39.9,0.20166898
-362.1,3798.4,-0.2,1.5,-1.3754006,1147.9,39.9,0.20173853
-363,3799.7,-0.9,1.3,-1.3792911,1147.8,39.9,0.20180807
-359.1,3800.7,3.9,1,-1.3648314,1147.7,39.9,0.20187761
1009.1,3759,1368.2,-41.7,3.7932069,1148,39.9,0.20166898
2377.1,3715.3,1368,-43.7,8.8316396,1148.7,39.9,0.2011822
2376.2,3712.7,-0.9,-2.6,8.8221177,1149.3,39.9,0.20076495
2379.1,3710.7,2.9,-2,8.8281264,1150,39.9,0.20027816
2376.2,3709.1,-2.9,-1.6,8.8135634,1150.6,39.9,0.19986092
2378.1,3707.6,1.9,-1.5,8.8170436,1151.3,39.9,0.19937413
2374.1,3706.4,-4,-1.2,8.7993642,1152,39.9,0.19888734
2374.1,3705.2,0,-1.2,8.7965153,1152.6,39.9,0.1984701
1543.2,3729.8,-830.9,24.6,5.7558274,1153,39.9,0.19819193
1544.1,3729.7,0.9,-0.1,5.7590298,1153.5,39.9,0.19784423
698.2,3755.8,-845.9,26.1,2.6222996,1153.7,39.9,0.19770515
-143,3783,-841.2,27.2,-0.540969,1153.6,39.9,0.19777469
-142,3784.7,1,1.7,-0.5374274,1153.6,39.9,0.19777469
-151,3786.3,-9,1.6,-0.5717313,1153.5,39.9,0.19784423
-146,3787.4,5,1.1,-0.5529604,1153.5,39.9,0.19784423
-144.1,3788.4,1.9,1,-0.54590844,1153.5,39.9,0.19784423
-141,3789.2,3.1,0.8,-0.5342772,1153.4,39.9,0.19791377
-143,3790.2,-2,1,-0.5419986,1153.4,39.9,0.19791377
-142.1,3791,0.9,0.8,-0.5387011,1153.3,39.9,0.19798331
-145.1,3791.9,-3,0.9,-0.55020469,1153.3,39.9,0.19798331
950,3758.4,1095.1,-33.5,3.57048,1153.6,39.9,0.19777469
2045.9,3723.2,1095.9,-35.2,7.6172949,1154.1,39.9,0.19742698
2050.1,3720.9,4.2,-2.3,7.6282171,1154.7,39.9,0.19700974
2046,3719.3,-4.1,-1.6,7.6096878,1155.3,39.9,0.19659249
2043,3717.9,-3,-1.4,7.5956697,1155.8,39.9,0.19624478
2045,3716.6,2,-1.3,7.600447,1156.4,39.9,0.19582754
2049.1,3715.3,4.1,-1.3,7.6130212,1157,39.9,0.19541029
2051,3714.2,1.9,-1.1,7.6178242,1157.6,39.9,0.19499305
157.1,3772.2,-1893.9,58,0.59261262,1157.6,39.9,0.19499305
157.1,3773.8,0,1.6,0.59286398,1157.6,39.9,0.19499305
158.1,3774.9,1,1.1,0.59681169,1157.7,39.9,0.1949235
160.1,3775.7,2,0.8,0.60448957,1157.7,39.9,0.1949235
100,3778.3,-60.1,2.6,0.37783,1157.8,39.9,0.19485396
97,3779.2,-3,0.9,0.3665824,1157.8,39.9,0.19485396
99,3779.8,2,0.6,0.3742002,1157.8,39.9,0.19485396
100,3780.4,1,0.6,0.37804,1157.8,39.9,0.19485396
100,3781,0,0.6,0.3781,1157.9,39.9,0.19478442
99,3781.6,-1,0.6,0.3743784,1157.9,39.9,0.19478442
2609.1,3703.9,2510.1,-77.7,9.6638455,1158.6,39.9,0.19429764
2612.1,3700.6,3,-3.3,9.6663373,1159.3,39.9,0.19381085
2611.1,3698.4,-1,-2.2,9.6568922,1160.1,39.9,0.19325452
2609.1,3696.5,-2,-1.9,9.6445382,1160.8,39.9,0.19276773
2613.1,3694.8,4,-1.7,9.6548819,1161.5,39.9,0.19228095
2609.1,3693.3,-4,-1.5,9.636189,1162.2,39.9,0.19179416
2609.1,3691.8,0,-1.5,9.6322754,1163,39.9,0.19123783
-1134,3807.2,-3743.1,115.4,-4.3173648,1162.7,39.9,0.19144645
-1132.1,3810.9,1.9,3.7,-4.3143199,1162.3,40,0.19172462
-1140,3814,-7.9,3.1,-4.34796,1162,40,0.19193324
-1130,3816.1,10,2.1,-4.312193,1161.7,40,0.19214186
2017,3720.1,3147,-96,7.5034417,1162.3,40,0.19172462
2022,3717.1,5,-3,7.5159762,1162.8,40,0.19137691
2022.1,3715.3,0.1,-1.8,7.5127081,1163.4,40,0.19095967
2016,3713.8,-6.1,-1.5,7.4870208,1164,40,0.19054242
2018.1,3712.4,2.1,-1.4,7.4919944,1164.5,40,0.19019471
2017,3711.3,-1.1,-1.1,7.4856921,1165.1,40,0.18977747
2021.1,3710.1,4.1,-1.2,7.4984831,1165.6,40,0.18942976
2020.1,3709.2,-1,-0.9,7.4929549,1166.2,40,0.18901252
-207.2,3777.8,-2227.3,68.6,-0.78276016,1166.1,40,0.18908206
-206.1,3780,1.1,2.2,-0.779058,1166.1,40,0.18908206
-202,3781.4,4.1,1.4,-0.7638428,1166,40,0.1891516
-208,3782.9,-6,1.5,-0.7868432,1166,40,0.1891516
-199.1,3783.8,8.9,0.9,-0.75335458,1165.9,40,0.18922114
-200,3785,-0.9,1.2,-0.757,1165.9,40,0.18922114
-206,3786.1,-6,1.1,-0.7799366,1165.8,40,0.18929068
-207.1,3787.1,-1.1,1,-0.78430841,1165.7,40,0.18936022
-199.1,3787.6,8,0.5,-0.75411116,1165.7,40,0.18936022
82,3779.5,281.1,-8.1,0.309919,1165.7,40,0.18936022
372.1,3770.9,290.1,-8.6,1.4031519,1165.8,40,0.18929068
368.1,3770.9,-4,0,1.3880683,1165.9,40,0.18922114
363.1,3771.1,-5,0.2,1.3692864,1166,40,0.1891516
2604.9,3701.3,2241.8,-69.8,9.6415164,1166.7,40,0.18866481
2612.1,3698,7.2,-3.3,9.6595458,1167.5,40,0.18810848
2262.1,3706.3,-350,8.3,8.3840212,1168.1,40,0.18769124
2268.1,3704.5,6,-1.8,8.4021765,1168.7,40,0.18727399
2265.1,3703.2,-3,-1.3,8.3881183,1169.4,40,0.1867872
1636.2,3721.4,-628.9,18.2,6.0889547,1169.8,40,0.18650904
1013.2,3740.4,-623,19,3.7897733,1170.1,40,0.18630042
1008.1,3740.8,-5.1,0.4,3.7711005,1170.4,40,0.18609179
-551,3789.7,-1559.1,48.9,-2.0881247,1170.2,40,0.18623088
-554,3792,-3,2.3,-2.100768,1170.1,40,0.18630042
-550,3793.7,4,1.7,-2.086535,1169.9,40,0.1864395
-553.1,3795.3,-3.1,1.6,-2.0991804,1169.8,40,0.18650904
-552.1,3796.6,1,1.3,-2.0961029,1169.6,40,0.18664812
-557,3798,-4.9,1.4,-2.115486,1169.4,40,0.1867872
-552,3799,5,1,-2.097048,1169.3,40,0.18685675
-554,3800.2,-2,1.2,-2.1053108,1169.1,40,0.18699583
-548.1,3801,5.9,0.8,-2.0833281,1169,40,0.18706537
-551.9,3802.1,-3.8,1.1,-2.098379,1168.8,40,0.18720445
107.1,3782.4,659,-19.7,0.40509504,1168.9,40,0.18713491
109.1,3782.3,2,-0.1,0.41264893,1168.9,40,0.18713491
1476.1,3739.8,1367,-42.5,5.5203188,1169.3,40,0.18685675
1472.2,3738,-3.9,-1.8,5.5030836,1169.7,40,0.18657858
-1058.9,3815.5,-2531.1,77.5,-4.040233,1169.4,40,0.1867872
-1059,3818,-0.1,2.5,-4.043262,1169.1,40,0.18699583
-1056,3819.8,3,1.8,-4.0337088,1168.8,40,0.18720445
-1058,3821.4,-2,1.6,-4.0430412,1168.5,40,0.18741307
-1017.1,3821.6,40.9,0.2,-3.8869494,1168.3,40,0.18755216
-966,3821.3,51.1,-0.3,-3.6913758,1168,40,0.18776078
-964,3822.4,2,1.1,-3.6847936,1167.7,40,0.1879694
-962.2,3823.4,1.8,1,-3.6788755,1167.5,40,0.18810848
-969,3824.7,-6.8,1.3,-3.7061343,1167.2,40,0.18831711
-964,3825.5,5,0.8,-3.687782,1166.9,40,0.18852573
-959,3826.4,5,0.9,-3.6695176,1166.6,40,0.18873435
-967.1,3827.5,-8.1,1.1,-3.7015752,1166.4,40,0.18887344
-964.1,3828.4,3,0.9,-3.6909604,1166.1,40,0.18908206
-965.1,3829.2,-1,0.8,-3.6955609,1165.8,40,0.18929068
253,3792,1218.1,-37.2,0.959376,1165.9,40,0.18922114
252.1,3791.1,-0.9,-0.9,0.95573631,1166,40,0.1891516
866.1,3771.5,614,-19.6,3.2664962,1166.2,40,0.18901252
866.1,3770.1,0,-1.4,3.2652836,1166.5,40,0.18880389
1117.2,3761.1,251.1,-9,4.2019009,1166.8,40,0.18859527
1373,3751.8,255.8,-9.3,5.1512214,1167.2,40,0.18831711
1373.1,3750.2,0.1,-1.6,5.1493996,1167.5,40,0.18810848
1370.1,3748.9,-3,-1.3,5.1363679,1167.9,40,0.18783032
1368.1,3747.7,-2,-1.2,5.1272284,1168.3,40,0.18755216
-812,3814.4,-2180.1,66.7,-3.0972928,1168.1,40,0.18769124
-807.1,3816.4,4.9,2,-3.0802164,1167.8,40,0.18789986
-813,3818,-5.9,1.6,-3.104034,1167.6,40,0.18803894
-713,3816.2,100,-1.8,-2.7209506,1167.4,40,0.18817803
-625.1,3814.5,87.9,-1.7,-2.3844439,1167.3,40,0.18824757
-624,3815.2,1.1,0.7,-2.3806848,1167.1,40,0.18838665
-295.1,3805.7,328.9,-9.5,-1.1230621,1167,40,0.18845619
31,3795.7,326.1,-10,0.1176667,1167,40,0.18845619
27,3795.6,-4,-0.1,0.1024812,1167,40,0.18845619
31,3795.4,4,-0.2,0.1176574,1167,40,0.18845619
26,3795.5,-5,0.1,0.098683,1167,40,0.18845619
26,3795.5,0,0,0.098683,1167,40,0.18845619
26,3795.5,0,0,0.098683,1167,40,0.18845619
33,3795.3,7,-0.2,0.1252449,1167.1,40,0.18838665
22,3795.7,-11,0.4,0.0835054,1167.1,40,0.18838665
28,3795.5,6,-0.2,0.106274,1167.1,40,0.18838665
22,3795.7,-6,0.2,0.0835054,1167.1,40,0.18838665
32,3795.4,10,-0.3,0.1214528,1167.1,40,0.18838665
23,3795.7,-9,0.3,0.0873011,1167.1,40,0.18838665
24,3795.8,1,0.1,0.0910992,1167.1,40,0.18838665
21,3795.9,-3,0.1,0.0797139,1167.1,40,0.18838665
29,3795.7,8,-0.2,0.1100753,1167.1,40,0.18838665
32,3795.6,3,-0.1,0.1214592,1167.1,40,0.18838665
24,3795.9,-8,0.3,0.0911016,1167.1,40,0.18838665
27,3795.8,3,-0.1,0.1024866,1167.1,40,0.18838665
34,3795.6,7,-0.2,0.1290504,1167.1,40,0.18838665
31,3795.8,-3,0.2,0.1176698,1167.1,40,0.18838665
27,3795.9,-4,0.1,0.1024893,1167.2,40,0.18831711
28,3795.9,1,0,0.1062852,1167.2,40,0.18831711
28,3795.9,0,0,0.1062852,1167.2,40,0.18831711
31,3795.9,3,0,0.1176729,1167.2,40,0.18831711
26,3796.1,-5,0.2,0.0986986,1167.2,40,0.18831711
35,3795.8,9,-0.3,0.132853,1167.2,40,0.18831711
32,3795.9,-3,0.1,0.1214688,1167.2,40,0.18831711
30,3796,-2,0.1,0.11388,1167.2,40,0.18831711
23,3796.3,-7,0.3,0.0873149,1167.2,40,0.18831711
35,3795.9,12,-0.4,0.1328565,1167.2,40,0.18831711
32,3796.1,-3,0.2,0.1214752,1167.2,40,0.18831711
23,3796.4,-9,0.3,0.0873172,1167.2,40,0.18831711
25,3796.4,2,0,0.09491,1167.3,40,0.18824757
25,3796.4,0,0,0.09491,1167.3,40,0.18824757
23,3796.5,-2,0.1,0.0873195,1167.3,40,0.18824757
26,3796.4,3,-0.1,0.0987064,1167.3,40,0.18824757
27,3796.4,1,0,0.1025028,1167.3,40,0.18824757
25,3796.6,-2,0.2,0.094915,1167.3,40,0.18824757
28,3796.4,3,-0.2,0.1062992,1167.3,40,0.18824757
27,3796.5,-1,0.1,0.1025055,1167.3,40,0.18824757
25,3796.6,-2,0.1,0.094915,1167.3,40,0.18824757
23,3796.7,-2,0.1,0.0873241,1167.3,40,0.18824757
27,3796.6,4,-0.1,0.1025082,1167.3,39.9,0.18824757
30,3796.5,3,-0.1,0.113895,1167.3,39.9,0.18824757
29,3796.6,-1,0.1,0.1101014,1167.3,39.9,0.18824757
29,3796.7,0,0.1,0.1101043,1167.3,39.9,0.18824757
28,3796.7,-1,0,0.1063076,1167.4,39.9,0.18817803
27,3796.8,-1,0.1,0.1025136,1167.4,39.9,0.18817803
26,3796.8,-1,0,0.0987168,1167.4,39.9,0.18817803
25,3796.9,-1,0.1,0.0949225,1167.4,39.9,0.18817803
27,3796.8,2,-0.1,0.1025136,1167.4,39.9,0.18817803
27,3796.9,0,0.1,0.1025163,1167.4,39.9,0.18817803
28,3796.8,1,-0.1,0.1063104,1167.4,39.9,0.18817803
27,3796.9,-1,0.1,0.1025163,1167.4,39.9,0.18817803
26,3797,-1,0.1,0.098722,1167.4,39.9,0.18817803
27,3797,1,0,0.102519,1167.4,39.9,0.18817803
30,3796.8,3,-0.2,0.113904,1167.4,39.9,0.18817803
19,3797.3,-11,0.5,0.0721487,1167.4,39.9,0.18817803
30,3796.9,11,-0.4,0.113907,1167.4,39.9,0.18817803
26,3797.1,-4,0.2,0.0987246,1167.5,39.9,0.18810848
25,3797.1,-1,0,0.0949275,1167.5,39.9,0.18810848
23,3797.2,-2,0.1,0.0873356,1167.5,39.9,0.18810848
27,3797.1,4,-0.1,0.1025217,1167.5,39.9,0.18810848
21,3797.3,-6,0.2,0.0797433,1167.5,39.9,0.18810848
30,3797.1,9,-0.2,0.113913,1167.5,39.9,0.18810848
25,3797.3,-5,0.2,0.0949325,1167.5,39.9,0.18810848
24,3797.3,-1,0,0.0911352,1167.5,39.9,0.18810848
21,3797.4,-3,0.1,0.0797454,1167.5,39.9,0.18810848
24,3797.3,3,-0.1,0.0911352,1167.5,39.9,0.18810848
26,3797.3,2,0,0.0987298,1167.5,39.9,0.18810848
20,3797.5,-6,0.2,0.07595,1167.5,39.9,0.18810848
31,3797.2,11,-0.3,0.1177132,1167.5,39.9,0.18810848
23,3797.4,-8,0.2,0.0873402,1167.5,39.9,0.18810848
27,3797.3,4,-0.1,0.1025271,1167.5,39.9,0.18810848
25,3797.4,-2,0.1,0.094935,1167.6,39.9,0.18803894
31,3797.3,6,-0.1,0.1177163,1167.6,39.9,0.18803894
27,3797.4,-4,0.1,0.1025298,1167.6,39.9,0.18803894
24,3797.5,-3,0.1,0.09114,1167.6,39.9,0.18803894
24,3797.5,0,0,0.09114,1167.6,39.9,0.18803894
29,3797.4,5,-0.1,0.1101246,1167.6,39.9,0.18803894
29,3797.4,0,0,0.1101246,1167.6,39.9,0.18803894
26,3797.4,-3,0,0.0987324,1167.6,39.9,0.18803894
25,3797.5,-1,0.1,0.0949375,1167.6,39.9,0.18803894
34,3797.3,9,-0.2,0.1291082,1167.6,39.9,0.18803894
28,3797.5,-6,0.2,0.10633,1167.6,39.9,0.18803894
32,3797.4,4,-0.1,0.1215168,1167.6,39.9,0.18803894
30,3797.4,-2,0,0.113922,1167.6,39.9,0.18803894
28,3797.5,-2,0.1,0.10633,1167.7,39.9,0.1879694
28,3797.5,0,0,0.10633,1167.7,39.9,0.1879694
23,3797.7,-5,0.2,0.0873471,1167.7,39.9,0.1879694
26,3797.6,3,-0.1,0.0987376,1167.7,39.9,0.1879694
28,3797.6,2,0,0.1063328,1167.7,39.9,0.1879694
23,3797.7,-5,0.1,0.0873471,1167.7,39.9,0.1879694
26,3797.6,3,-0.1,0.0987376,1167.7,39.9,0.1879694
27,3797.6,1,0,0.1025352,1167.7,39.9,0.1879694
24,3797.7,-3,0.1,0.0911448,1167.7,39.9,0.1879694
28,3797.6,4,-0.1,0.1063328,1167.7,39.9,0.1879694
28,3797.6,0,0,0.1063328,1167.7,39.9,0.1879694
25,3797.8,-3,0.2,0.094945,1167.7,39.9,0.1879694
31,3797.6,6,-0.2,0.1177256,1167.7,39.9,0.1879694
27,3797.7,-4,0.1,0.1025379,1167.8,39.9,0.18789986
24,3797.8,-3,0.1,0.0911472,1167.8,39.9,0.18789986
32,3797.6,8,-0.2,0.1215232,1167.8,39.9,0.18789986
21,3797.9,-11,0.3,0.0797559,1167.8,39.9,0.18789986
28,3797.7,7,-0.2,0.1063356,1167.8,39.9,0.18789986
27,3797.8,-1,0.1,0.1025406,1167.8,39.9,0.18789986
26,3797.8,-1,0,0.0987428,1167.8,39.9,0.18789986
25,3797.9,-1,0.1,0.0949475,1167.8,39.9,0.18789986
26,3797.9,1,0,0.0987454,1167.8,39.9,0.18789986
21,3798,-5,0.1,0.079758,1167.8,39.9,0.18789986
31,3797.7,10,-0.3,0.1177287,1167.8,39.9,0.18789986
33,3797.7,2,0,0.1253241,1167.8,39.9,0.18789986
22,3798,-11,0.3,0.083556,1167.8,39.9,0.18789986
32,3797.7,10,-0.3,0.1215264,1167.8,39.9,0.18789986
30,3797.8,-2,0.1,0.113934,1167.9,39.9,0.18783032
33,3797.6,3,-0.2,0.1253208,1167.9,39.9,0.18783032
26,3797.9,-7,0.3,0.0987454,1167.9,39.9,0.18783032
28,3797.8,2,-0.1,0.1063384,1167.9,39.9,0.18783032
27,3797.9,-1,0.1,0.1025433,1167.9,39.9,0.18783032
25,3798,-2,0.1,0.09495,1167.9,39.9,0.18783032
25,3797.9,0,-0.1,0.0949475,1167.9,39.9,0.18783032
23,3798,-2,0.1,0.087354,1167.9,39.9,0.18783032
21,3798.1,-2,0.1,0.0797601,1167.9,39.9,0.18783032
28,3797.9,7,-0.2,0.1063412,1167.9,39.9,0.18783032
32,3797.8,4,-0.1,0.1215296,1167.9,39.9,0.18783032
28,3797.9,-4,0.1,0.1063412,1167.9,39.9,0.18783032
32,3797.8,4,-0.1,0.1215296,1167.9,39.9,0.18783032
27,3798,-5,0.2,0.102546,1168,39.9,0.18776078
26,3798,-1,0,0.098748,1168,39.9,0.18776078
33,3797.8,7,-0.2,0.1253274,1168,39.9,0.18776078
32,3797.9,-1,0.1,0.1215328,1168,39.9,0.18776078
26,3798,-6,0.1,0.098748,1168,39.9,0.18776078
30,3797.9,4,-0.1,0.113937,1168,39.9,0.18776078
33,3797.8,3,-0.1,0.1253274,1168,39.9,0.18776078
28,3798,-5,0.2,0.106344,1168,39.9,0.18776078
30,3797.9,2,-0.1,0.113937,1168,39.9,0.18776078
26,3798.1,-4,0.2,0.0987506,1168,39.9,0.18776078
35,3797.8,9,-0.3,0.132923,1168,39.9,0.18776078
29,3798,-6,0.2,0.110142,1168,39.9,0.18776078
29,3798,0,0,0.110142,1168.1,39.9,0.18769124
30,3798,1,0,0.11394,1168.1,39.9,0.18769124
38,3797.7,8,-0.3,0.1443126,1168.1,39.9,0.18769124
28,3798,-10,0.3,0.106344,1168.1,39.9,0.18769124
37,3797.7,9,-0.3,0.1405149,1168.1,39.9,0.18769124
29,3798,-8,0.3,0.110142,1168.1,39.9,0.18769124
34,3797.8,5,-0.2,0.1291252,1168.1,39.9,0.18769124
27,3798,-7,0.2,0.102546,1168.1,39.9,0.18769124
31,3797.9,4,-0.1,0.1177349,1168.1,39.9,0.18769124
29,3798,-2,0.1,0.110142,1168.1,39.9,0.18769124
31,3797.9,2,-0.1,0.1177349,1168.1,39.9,0.18769124
25,3798.1,-6,0.2,0.0949525,1168.1,39.9,0.18769124
31,3798,6,-0.1,0.117738,1168.2,39.9,0.1876217
29,3798,-2,0,0.110142,1168.2,39.9,0.1876217
30,3798,1,0,0.11394,1168.2,39.9,0.1876217
36,3797.8,6,-0.2,0.1367208,1168.2,39.9,0.1876217
27,3798.1,-9,0.3,0.1025487,1168.2,39.9,0.1876217
32,3797.9,5,-0.2,0.1215328,1168.2,39.9,0.1876217
29,3798.1,-3,0.2,0.1101449,1168.2,39.9,0.1876217
30,3798,1,-0.1,0.11394,1168.2,39.9,0.1876217
29,3798,-1,0,0.110142,1168.2,39.9,0.1876217
36,3797.8,7,-0.2,0.1367208,1168.2,39.9,0.1876217
32,3798,-4,0.2,0.121536,1168.2,39.9,0.1876217
34,3797.9,2,-0.1,0.1291286,1168.3,39.9,0.18755216
28,3798.1,-6,0.2,0.1063468,1168.3,39.9,0.18755216
35,3797.9,7,-0.2,0.1329265,1168.3,39.9,0.18755216
27,3798.1,-8,0.2,0.1025487,1168.3,39.9,0.18755216
33,3797.9,6,-0.2,0.1253307,1168.3,39.9,0.18755216
33,3797.9,0,0,0.1253307,1168.3,39.9,0.18755216
34,3797.9,1,0,0.1291286,1168.3,39.9,0.18755216
37,3797.8,3,-0.1,0.1405186,1168.3,39.9,0.18755216
31,3798,-6,0.2,0.117738,1168.3,39.9,0.18755216
37,3797.8,6,-0.2,0.1405186,1168.3,39.9,0.18755216
31,3798,-6,0.2,0.117738,1168.3,39.9,0.18755216
26,3798.2,-5,0.2,0.0987532,1168.4,39.9,0.18748261
29,3798.1,3,-0.1,0.1101449,1168.4,39.9,0.18748261
28,3798.1,-1,0,0.1063468,1168.4,39.9,0.18748261
34,3797.9,6,-0.2,0.1291286,1168.4,39.9,0.18748261
32,3798,-2,0.1,0.121536,1168.4,39.9,0.18748261
29,3798.1,-3,0.1,0.1101449,1168.4,39.9,0.18748261
35,3797.9,6,-0.2,0.1329265,1168.4,39.9,0.18748261
33,3798,-2,0.1,0.125334,1168.4,39.9,0.18748261
28,3798.1,-5,0.1,0.1063468,1168.4,39.9,0.18748261
34,3797.9,6,-0.2,0.1291286,1168.4,39.9,0.18748261
34,3797.9,0,0,0.1291286,1168.4,39.9,0.18748261
33,3798,-1,0.1,0.125334,1168.4,39.9,0.18748261
31,3798,-2,0,0.117738,1168.5,39.9,0.18741307
32,3798,1,0,0.121536,1168.5,39.9,0.18741307
36,3797.9,4,-0.1,0.1367244,1168.5,39.9,0.18741307
34,3797.9,-2,0,0.1291286,1168.5,39.8,0.18741307
36,3797.9,2,0,0.1367244,1168.5,39.8,0.18741307
31,3798,-5,0.1,0.117738,1168.5,39.8,0.18741307
39,3797.8,8,-0.2,0.1481142,1168.5,39.8,0.18741307
28,3798.1,-11,0.3,0.1063468,1168.5,39.8,0.18741307
33,3798,5,-0.1,0.125334,1168.5,39.8,0.18741307
30,3798.1,-3,0.1,0.113943,1168.5,39.8,0.18741307
28,3798.1,-2,0,0.1063468,1168.5,39.8,0.18741307
34,3798,6,-0.1,0.129132,1168.6,39.8,0.18734353
35,3798,1,0,0.13293,1168.6,39.8,0.18734353
36,3797.9,1,-0.1,0.1367244,1168.6,39.8,0.18734353
31,3798,-5,0.1,0.117738,1168.6,39.8,0.18734353
33,3798,2,0,0.125334,1168.6,39.8,0.18734353
23,3798.3,-10,0.3,0.0873609,1168.6,39.8,0.18734353
35,3797.9,12,-0.4,0.1329265,1168.6,39.8,0.18734353
29,3798.1,-6,0.2,0.1101449,1168.6,39.8,0.18734353
32,3798,3,-0.1,0.121536,1168.6,39.8,0.18734353
32,3798,0,0,0.121536,1168.6,39.8,0.18734353
27,3798.2,-5,0.2,0.1025514,1168.6,39.8,0.18734353
31,3798.1,4,-0.1,0.1177411,1168.7,39.8,0.18727399
32,3798.1,1,0,0.1215392,1168.7,39.8,0.18727399
29,3798.1,-3,0,0.1101449,1168.7,39.8,0.18727399
32,3798,3,-0.1,0.121536,1168.7,39.8,0.18727399
36,3797.9,4,-0.1,0.1367244,1168.7,39.8,0.18727399
32,3798,-4,0.1,0.121536,1168.7,39.8,0.18727399
32,3798.1,0,0.1,0.1215392,1168.7,39.8,0.18727399
29,3798.1,-3,0,0.1101449,1168.7,39.8,0.18727399
31,3798.1,2,0,0.1177411,1168.7,39.8,0.18727399
31,3798.1,0,0,0.1177411,1168.7,39.8,0.18727399
37,3797.9,6,-0.2,0.1405223,1168.7,39.8,0.18727399
35,3798,-2,0.1,0.13293,1168.8,39.8,0.18720445
29,3798.1,-6,0.1,0.1101449,1168.8,39.8,0.18720445
31,3798.1,2,0,0.1177411,1168.8,39.8,0.18720445
32,3798,1,-0.1,0.121536,1168.8,39.8,0.18720445
30,3798.1,-2,0.1,0.113943,1168.8,39.8,0.18720445
32,3798,2,-0.1,0.121536,1168.8,39.8,0.18720445
28,3798.2,-4,0.2,0.1063496,1168.8,39.8,0.18720445
32,3798.1,4,-0.1,0.1215392,1168.8,39.8,0.18720445
32,3798,0,-0.1,0.121536,1168.8,39.8,0.18720445
31,3798.1,-1,0.1,0.1177411,1168.8,39.8,0.18720445
27,3798.2,-4,0.1,0.1025514,1168.8,39.8,0.18720445
31,3798.1,4,-0.1,0.1177411,1168.8,39.8,0.18720445
31,3798.1,0,0,0.1177411,1168.9,39.8,0.18713491
27,3798.2,-4,0.1,0.1025514,1168.9,39.8,0.18713491
34,3798,7,-0.2,0.129132,1168.9,39.8,0.18713491
30,3798.2,-4,0.2,0.113946,1168.9,39.8,0.18713491
33,3798.1,3,-0.1,0.1253373,1168.9,39.8,0.18713491
26,3798.3,-7,0.2,0.0987558,1168.9,39.8,0.18713491
27,3798.2,1,-0.1,0.1025514,1168.9,39.8,0.18713491
33,3798,6,-0.2,0.125334,1168.9,39.8,0.18713491
32,3798.1,-1,0.1,0.1215392,1168.9,39.8,0.18713491
32,3798.1,0,0,0.1215392,1168.9,39.8,0.18713491
35,3798,3,-0.1,0.13293,1168.9,39.8,0.18713491
33,3798,-2,0,0.125334,1168.9,39.8,0.18713491
34,3798,1,0,0.129132,1169,39.8,0.18706537
31,3798.1,-3,0.1,0.1177411,1169,39.8,0.18706537
28,3798.2,-3,0.1,0.1063496,1169,39.8,0.18706537
34,3798,6,-0.2,0.129132,1169,39.8,0.18706537
29,3798.2,-5,0.2,0.1101478,1169,39.8,0.18706537
27,3798.2,-2,0,0.1025514,1169,39.8,0.18706537
27,3798.3,0,0.1,0.1025541,1169,39.8,0.18706537
32,3798,5,-0.3,0.121536,1169,39.8,0.18706537
30,3798.2,-2,0.2,0.113946,1169,39.8,0.18706537
29,3798.2,-1,0,0.1101478,1169,39.8,0.18706537
34,3798,5,-0.2,0.129132,1169,39.8,0.18706537
31,3798.1,-3,0.1,0.1177411,1169.1,39.8,0.18699583
29,3798.2,-2,0.1,0.1101478,1169.1,39.8,0.18699583
32,3798.1,3,-0.1,0.1215392,1169.1,39.8,0.18699583
25,3798.3,-7,0.2,0.0949575,1169.1,39.8,0.18699583
20,3798.4,-5,0.1,0.075968,1169.1,39.8,0.18699583
14,3798.6,-6,0.2,0.0531804,1169.1,39.8,0.18699583
16,3798.6,2,0,0.0607776,1169.1,39.8,0.18699583
17,3798.6,1,0,0.0645762,1169.1,39.8,0.18699583
23,3798.4,6,-0.2,0.0873632,1169.1,39.8,0.18699583
12,3798.8,-11,0.4,0.0455856,1169.1,39.8,0.18699583
16,3798.7,4,-0.1,0.0607792,1169.1,39.8,0.18699583
17,3798.6,1,-0.1,0.0645762,1169.1,39.8,0.18699583
16,3798.7,-1,0.1,0.0607792,1169.1,39.8,0.18699583
23,3798.5,7,-0.2,0.0873655,1169.1,39.8,0.18699583
17,3798.7,-6,0.2,0.0645779,1169.1,39.8,0.18699583
14,3798.8,-3,0.1,0.0531832,1169.1,39.8,0.18699583
17,3798.7,3,-0.1,0.0645779,1169.1,39.8,0.18699583
18,3798.7,1,0,0.0683766,1169.1,39.8,0.18699583
12,3798.9,-6,0.2,0.0455868,1169.1,39.8,0.18699583
16,3798.8,4,-0.1,0.0607808,1169.1,39.8,0.18699583
20,3798.6,4,-0.2,0.075972,1169.2,39.8,0.18692629
11,3798.9,-9,0.3,0.0417879,1169.2,39.8,0.18692629
14,3798.9,3,0,0.0531846,1169.2,39.8,0.18692629
15,3798.8,1,-0.1,0.056982,1169.2,39.8,0.18692629
19,3798.7,4,-0.1,0.0721753,1169.2,39.8,0.18692629
15,3798.9,-4,0.2,0.0569835,1169.2,39.8,0.18692629
17,3798.8,2,-0.1,0.0645796,1169.2,39.8,0.18692629
10,3799,-7,0.2,0.03799,1169.2,39.8,0.18692629
15,3798.9,5,-0.1,0.0569835,1169.2,39.8,0.18692629
14,3798.9,-1,0,0.0531846,1169.2,39.8,0.18692629
15,3798.9,1,0,0.0569835,1169.2,39.8,0.18692629
15,3798.9,0,0,0.0569835,1169.2,39.8,0.18692629
21,3798.7,6,-0.2,0.0797727,1169.2,39.8,0.18692629
17,3798.8,-4,0.1,0.0645796,1169.2,39.8,0.18692629
15,3798.9,-2,0.1,0.0569835,1169.2,39.8,0.18692629
15,3798.9,0,0,0.0569835,1169.2,39.8,0.18692629
15,3798.9,0,0,0.0569835,1169.2,39.8,0.18692629
21,3798.8,6,-0.1,0.0797748,1169.2,39.8,0.18692629
13,3799,-8,0.2,0.049387,1169.2,39.8,0.18692629
15,3798.9,2,-0.1,0.0569835,1169.2,39.8,0.18692629
16,3798.9,1,0,0.0607824,1169.2,39.8,0.18692629
18,3798.8,2,-0.1,0.0683784,1169.2,39.8,0.18692629
12,3799.1,-6,0.3,0.0455892,1169.2,39.8,0.18692629
19,3798.8,7,-0.3,0.0721772,1169.3,39.8,0.18685675
15,3799,-4,0.2,0.056985,1169.3,39.8,0.18685675
21,3798.8,6,-0.2,0.0797748,1169.3,39.8,0.18685675
22,3798.8,1,0,0.0835736,1169.3,39.8,0.18685675
21,3798.8,-1,0,0.0797748,1169.3,39.8,0.18685675
15,3799,-6,0.2,0.056985,1169.3,39.8,0.18685675
16,3799,1,0,0.060784,1169.3,39.8,0.18685675
12,3799.1,-4,0.1,0.0455892,1169.3,39.8,0.18685675
13,3799.1,1,0,0.0493883,1169.3,39.8,0.18685675
18,3798.9,5,-0.2,0.0683802,1169.3,39.8,0.18685675
18,3798.9,0,0,0.0683802,1169.3,39.8,0.18685675
14,3799,-4,0.1,0.053186,1169.3,39.8,0.18685675
16,3799,2,0,0.060784,1169.3,39.8,0.18685675
15,3799,-1,0,0.056985,1169.3,39.8,0.18685675
16,3799,1,0,0.060784,1169.3,39.8,0.18685675
17,3799,1,0,0.064583,1169.3,39.8,0.18685675
20,3798.9,3,-0.1,0.075978,1169.3,39.8,0.18685675
16,3799,-4,0.1,0.060784,1169.3,39.8,0.18685675
14,3799.1,-2,0.1,0.0531874,1169.3,39.8,0.18685675
11,3799.2,-3,0.1,0.0417912,1169.3,39.8,0.18685675
16,3799,5,-0.2,0.060784,1169.3,39.8,0.18685675
16,3799.1,0,0.1,0.0607856,1169.3,39.8,0.18685675
20,3798.9,4,-0.2,0.075978,1169.4,39.8,0.1867872
14,3799.1,-6,0.2,0.0531874,1169.4,39.8,0.1867872
14,3799.1,0,0,0.0531874,1169.4,39.8,0.1867872
14,3799.1,0,0,0.0531874,1169.4,39.8,0.1867872
17,3799,3,-0.1,0.064583,1169.4,39.8,0.1867872
10,3799.3,-7,0.3,0.037993,1169.4,39.8,0.1867872
19,3799,9,-0.3,0.072181,1169.4,39.8,0.1867872
13,3799.2,-6,0.2,0.0493896,1169.4,39.8,0.1867872
15,3799.1,2,-0.1,0.0569865,1169.4,39.8,0.1867872
15,3799.1,0,0,0.0569865,1169.4,39.8,0.1867872
17,3799.1,2,0,0.0645847,1169.4,39.8,0.1867872
15,3799.1,-2,0,0.0569865,1169.4,39.8,0.1867872
17,3799.1,2,0,0.0645847,1169.4,39.8,0.1867872
12,3799.2,-5,0.1,0.0455904,1169.4,39.8,0.1867872
19,3799,7,-0.2,0.072181,1169.4,39.8,0.1867872
14,3799.2,-5,0.2,0.0531888,1169.4,39.8,0.1867872
20,3799,6,-0.2,0.07598,1169.4,39.8,0.1867872
16,3799.1,-4,0.1,0.0607856,1169.4,39.8,0.1867872
20,3799,4,-0.1,0.07598,1169.4,39.8,0.1867872
13,3799.2,-7,0.2,0.0493896,1169.4,39.8,0.1867872
10,3799.3,-3,0.1,0.037993,1169.4,39.8,0.1867872
19,3799,9,-0.3,0.072181,1169.4,39.8,0.1867872
13,3799.2,-6,0.2,0.0493896,1169.4,39.8,0.1867872
19,3799,6,-0.2,0.072181,1169.5,39.8,0.18671766
14,3799.2,-5,0.2,0.0531888,1169.5,39.8,0.18671766
18,3799.1,4,-0.1,0.0683838,1169.5,39.8,0.18671766
16,3799.1,-2,0,0.0607856,1169.5,39.8,0.18671766
18,3799,2,-0.1,0.068382,1169.5,39.8,0.18671766
16,3799.1,-2,0.1,0.0607856,1169.5,39.8,0.18671766
16,3799.1,0,0,0.0607856,1169.5,39.8,0.18671766
15,3799.2,-1,0.1,0.056988,1169.5,39.8,0.18671766
16,3799.1,1,-0.1,0.0607856,1169.5,39.8,0.18671766
14,3799.2,-2,0.1,0.0531888,1169.5,39.8,0.18671766
17,3799.1,3,-0.1,0.0645847,1169.5,39.8,0.18671766
17,3799.1,0,0,0.0645847,1169.5,39.8,0.18671766
18,3799.1,1,0,0.0683838,1169.5,39.8,0.18671766
16,3799.2,-2,0.1,0.0607872,1169.5,39.8,0.18671766
23,3798.9,7,-0.3,0.0873747,1169.5,39.8,0.18671766
18,3799.1,-5,0.2,0.0683838,1169.5,39.8,0.18671766
19,3799,1,-0.1,0.072181,1169.5,39.8,0.18671766
18,3799.1,-1,0.1,0.0683838,1169.5,39.8,0.18671766
17,3799.1,-1,0,0.0645847,1169.5,39.8,0.18671766
17,3799.1,0,0,0.0645847,1169.5,39.8,0.18671766
19,3799,2,-0.1,0.072181,1169.5,39.8,0.18671766
12,3799.2,-7,0.2,0.0455904,1169.6,39.8,0.18664812
11,3799.3,-1,0.1,0.0417923,1169.6,39.8,0.18664812
19,3799,8,-0.3,0.072181,1169.6,39.8,0.18664812
10,3799.3,-9,0.3,0.037993,1169.6,39.8,0.18664812
16,3799.2,6,-0.1,0.0607872,1169.6,39.8,0.18664812
12,3799.3,-4,0.1,0.0455916,1169.6,39.8,0.18664812
12,3799.2,0,-0.1,0.0455904,1169.6,39.8,0.18664812
15,3799.2,3,0,0.056988,1169.6,39.8,0.18664812
14,3799.2,-1,0,0.0531888,1169.6,39.8,0.18664812
15,3799.2,1,0,0.056988,1169.6,39.8,0.18664812
15,3799.2,0,0,0.056988,1169.6,39.8,0.18664812
12,3799.3,-3,0.1,0.0455916,1169.6,39.8,0.18664812
21,3799,9,-0.3,0.079779,1169.6,39.8,0.18664812
17,3799.1,-4,0.1,0.0645847,1169.6,39.8,0.18664812
10,3799.4,-7,0.3,0.037994,1169.6,39.8,0.18664812
18,3799.1,8,-0.3,0.0683838,1169.6,39.8,0.18664812
20,3799.1,2,0,0.075982,1169.6,39.8,0.18664812
13,3799.3,-7,0.2,0.0493909,1169.6,39.8,0.18664812
20,3799.1,7,-0.2,0.075982,1169.6,39.8,0.18664812
18,3799.1,-2,0,0.0683838,1169.6,39.8,0.18664812
13,3799.3,-5,0.2,0.0493909,1169.6,39.7,0.18664812
18,3799.1,5,-0.2,0.0683838,1169.6,39.8,0.18664812
14,3799.3,-4,0.2,0.0531902,1169.6,39.8,0.18664812
16,3799.2,2,-0.1,0.0607872,1169.6,39.8,0.18664812
18,3799.1,2,-0.1,0.0683838,1169.7,39.8,0.18657858
16,3799.2,-2,0.1,0.0607872,1169.7,39.8,0.18657858
17,3799.2,1,0,0.0645864,1169.7,39.7,0.18657858
20,3799.1,3,-0.1,0.075982,1169.7,39.7,0.18657858
26,3798.9,6,-0.2,0.0987714,1169.7,39.7,0.18657858
33,3798.7,7,-0.2,0.1253571,1169.7,39.7,0.18657858
32,3798.7,-1,0,0.1215584,1169.7,39.7,0.18657858
32,3798.7,0,0,0.1215584,1169.7,39.7,0.18657858
32,3798.7,0,0,0.1215584,1169.7,39.7,0.18657858
31,3798.6,-1,-0.1,0.1177566,1169.7,39.7,0.18657858
31,3798.6,0,0,0.1177566,1169.7,39.7,0.18657858
29,3798.7,-2,0.1,0.1101623,1169.7,39.7,0.18657858
32,3798.6,3,-0.1,0.1215552,1169.7,39.7,0.18657858
30,3798.7,-2,0.1,0.113961,1169.8,39.7,0.18650904
35,3798.5,5,-0.2,0.1329475,1169.8,39.7,0.18650904
30,3798.6,-5,0.1,0.113958,1169.8,39.7,0.18650904
30,3798.6,0,0,0.113958,1169.8,39.7,0.18650904
30,3798.6,0,0,0.113958,1169.8,39.7,0.18650904
33,3798.5,3,-0.1,0.1253505,1169.8,39.7,0.18650904
34,3798.5,1,0,0.129149,1169.8,39.7,0.18650904
34,3798.5,0,0,0.129149,1169.8,39.7,0.18650904
28,3798.6,-6,0.1,0.1063608,1169.8,39.7,0.18650904
29,3798.6,1,0,0.1101594,1169.8,39.7,0.18650904
34,3798.4,5,-0.2,0.1291456,1169.8,39.7,0.18650904
33,3798.5,-1,0.1,0.1253505,1169.9,39.7,0.1864395
33,3798.4,0,-0.1,0.1253472,1169.9,39.7,0.1864395
23,3798.8,-10,0.4,0.0873724,1169.9,39.7,0.1864395
33,3798.5,10,-0.3,0.1253505,1169.9,39.7,0.1864395
30,3798.5,-3,0,0.113955,1169.9,39.7,0.1864395
36,3798.3,6,-0.2,0.1367388,1169.9,39.7,0.1864395
30,3798.5,-6,0.2,0.113955,1169.9,39.7,0.1864395
33,3798.4,3,-0.1,0.1253472,1169.9,39.7,0.1864395
33,3798.4,0,0,0.1253472,1169.9,39.7,0.1864395
35,3798.3,2,-0.1,0.1329405,1169.9,39.7,0.1864395
28,3798.6,-7,0.3,0.1063608,1169.9,39.7,0.1864395
30,3798.5,2,-0.1,0.113955,1169.9,39.7,0.1864395
32,3798.4,2,-0.1,0.1215488,1170,39.7,0.18636996
31,3798.4,-1,0,0.1177504,1170,39.7,0.18636996
34,3798.3,3,-0.1,0.1291422,1170,39.7,0.18636996
29,3798.4,-5,0.1,0.1101536,1170,39.7,0.18636996
33,3798.3,4,-0.1,0.1253439,1170,39.7,0.18636996
30,3798.4,-3,0.1,0.113952,1170,39.7,0.18636996
31,3798.4,1,0,0.1177504,1170,39.7,0.18636996
32,3798.3,1,-0.1,0.1215456,1170,39.7,0.18636996
32,3798.3,0,0,0.1215456,1170,39.7,0.18636996
31,3798.3,-1,0,0.1177473,1170,39.7,0.18636996
29,3798.4,-2,0.1,0.1101536,1170,39.7,0.18636996
36,3798.2,7,-0.2,0.1367352,1170.1,39.7,0.18630042
31,3798.3,-5,0.1,0.1177473,1170.1,39.7,0.18630042
31,3798.3,0,0,0.1177473,1170.1,39.7,0.18630042
32,3798.4,1,0.1,0.1215488,1170.1,39.7,0.18630042
33,3798.3,1,-0.1,0.1253439,1170.1,39.7,0.18630042
30,3798.4,-3,0.1,0.113952,1170.1,39.7,0.18630042
25,3798.5,-5,0.1,0.0949625,1170.1,39.7,0.18630042
26,3798.5,1,0,0.098761,1170.1,39.7,0.18630042
32,3798.3,6,-0.2,0.1215456,1170.1,39.7,0.18630042
36,3798.2,4,-0.1,0.1367352,1170.1,39.7,0.18630042
35,3798.2,-1,0,0.132937,1170.1,39.7,0.18630042
31,3798.3,-4,0.1,0.1177473,1170.1,39.7,0.18630042
31,3798.3,0,0,0.1177473,1170.2,39.7,0.18623088
29,3798.4,-2,0.1,0.1101536,1170.2,39.7,0.18623088
34,3798.2,5,-0.2,0.1291388,1170.2,39.7,0.18623088
31,3798.3,-3,0.1,0.1177473,1170.2,39.7,0.18623088
28,3798.4,-3,0.1,0.1063552,1170.2,39.7,0.18623088
31,3798.3,3,-0.1,0.1177473,1170.2,39.7,0.18623088
33,3798.3,2,0,0.1253439,1170.2,39.7,0.18623088
30,3798.3,-3,0,0.113949,1170.2,39.7,0.18623088
31,3798.3,1,0,0.1177473,1170.2,39.7,0.18623088
32,3798.2,1,-0.1,0.1215424,1170.2,39.7,0.18623088
34,3798.2,2,0,0.1291388,1170.2,39.7,0.18623088
35,3798.1,1,-0.1,0.1329335,1170.3,39.7,0.18616134
31,3798.3,-4,0.2,0.1177473,1170.3,39.7,0.18616134
24,3798.5,-7,0.2,0.091164,1170.3,39.7,0.18616134
32,3798.2,8,-0.3,0.1215424,1170.3,39.7,0.18616134
32,3798.3,0,0.1,0.1215456,1170.3,39.7,0.18616134
24,3798.5,-8,0.2,0.091164,1170.3,39.7,0.18616134
30,3798.3,6,-0.2,0.113949,1170.3,39.7,0.18616134
32,3798.3,2,0,0.1215456,1170.3,39.7,0.18616134
27,3798.4,-5,0.1,0.1025568,1170.3,39.7,0.18616134
32,3798.2,5,-0.2,0.1215424,1170.3,39.7,0.18616134
28,3798.4,-4,0.2,0.1063552,1170.3,39.7,0.18616134
25,3798.4,-3,0,0.09496,1170.3,39.7,0.18616134
30,3798.3,5,-0.1,0.113949,1170.3,39.7,0.18616134
33,3798.2,3,-0.1,0.1253406,1170.4,39.7,0.18609179
33,3798.2,0,0,0.1253406,1170.4,39.7,0.18609179
35,3798.1,2,-0.1,0.1329335,1170.4,39.7,0.18609179
32,3798.2,-3,0.1,0.1215424,1170.4,39.7,0.18609179
32,3798.2,0,0,0.1215424,1170.4,39.7,0.18609179
39,3798,7,-0.2,0.148122,1170.4,39.7,0.18609179
29,3798.2,-10,0.2,0.1101478,1170.4,39.7,0.18609179
33,3798.1,4,-0.1,0.1253373,1170.4,39.7,0.18609179
29,3798.3,-4,0.2,0.1101507,1170.4,39.7,0.18609179
33,3798.1,4,-0.2,0.1253373,1170.4,39.7,0.18609179
33,3798.1,0,0,0.1253373,1170.4,39.7,0.18609179
33,3798.1,0,0,0.1253373,1170.5,39.7,0.18602225
37,3798,4,-0.1,0.140526,1170.5,39.7,0.18602225
35,3798,-2,0,0.13293,1170.5,39.7,0.18602225
30,3798.2,-5,0.2,0.113946,1170.5,39.7,0.18602225
32,3798.1,2,-0.1,0.1215392,1170.5,39.7,0.18602225
345.1,3788.3,313.1,-9.8,1.3073423,1170.6,39.7,0.18595271
664.1,3777.8,319,-10.5,2.508837,1170.8,39.7,0.18581363
662.1,3777,-2,-0.8,2.5007517,1171,39.7,0.18567455
657.1,3776.4,-5,-0.6,2.4814724,1171.1,39.7,0.18560501
661.1,3775.7,4,-0.7,2.4961153,1171.3,39.7,0.18546592
664.1,3774.9,3,-0.8,2.5069111,1171.5,39.7,0.18532684
2254.9,3724.4,1590.8,-50.5,8.3981496,1172.1,39.7,0.1849096
2253.1,3721.6,-1.8,-2.8,8.385137,1172.8,39.7,0.18442281
2254.1,3719.2,1,-2.4,8.3834487,1173.4,39.7,0.18400556
2257.1,3716.9,3,-2.3,8.389415,1174,39.7,0.18358832
2260,3714.9,2.9,-2,8.395674,1174.6,39.7,0.18317107
2260.1,3713,0.1,-1.9,8.3917513,1175.3,39.7,0.18268428
1187.2,3744.9,-1072.9,31.9,4.4459453,1175.6,39.7,0.18247566
1186.1,3744.8,-1.1,-0.1,4.4417073,1175.9,39.7,0.18226704
1188.2,3744.3,2.1,-0.5,4.4489773,1176.3,39.7,0.18198887
1188.2,3743.8,0,-0.5,4.4483832,1176.6,39.7,0.18178025
1183.1,3743.5,-5.1,-0.3,4.4289349,1176.9,39.7,0.18157163
1186.9,3742.9,3.8,-0.6,4.442448,1177.2,39.7,0.181363
1187.1,3742.3,0.2,-0.6,4.4424843,1177.6,39.7,0.18108484
1187.1,3741.8,0,-0.5,4.4418908,1177.9,39.7,0.18087622
1185.1,3741.4,-2,-0.4,4.4339331,1178.2,39.7,0.18066759
1184.1,3741,-1,-0.4,4.4297181,1178.6,39.7,0.18038943
1222.1,3739.3,38,-1.7,4.5697985,1178.9,39.7,0.18018081
1249.2,3737.9,27.1,-1.4,4.6693847,1179.3,39.7,0.17990264
1248.1,3737.4,-1.1,-0.5,4.6646489,1179.6,39.7,0.17969402
1249.1,3736.9,1,-0.5,4.6677618,1179.9,39.7,0.1794854
372.1,3764,-877,27.1,1.4005844,1180,39.7,0.17941586
-509,3792.6,-881.1,28.6,-1.9304334,1179.9,39.7,0.1794854
-513,3794.6,-4,2,-1.9466298,1179.8,39.7,0.17955494
-514,3796.1,-1,1.5,-1.9511954,1179.6,39.7,0.17969402
-510.1,3797.2,3.9,1.1,-1.9369517,1179.5,39.7,0.17976356
-507.1,3798.3,3,1.1,-1.9261179,1179.3,39.7,0.17990264
-512,3799.4,-4.9,1.1,-1.9452928,1179.2,39.7,0.17997218
-508,3800.3,4,0.9,-1.9305524,1179.1,39.7,0.18004172
-60,3787.1,448,-13.2,-0.227226,1179,39.7,0.18011127
-53,3787.1,7,0,-0.2007163,1179,39.7,0.18011127
-59,3787.5,-6,0.4,-0.2234625,1179,39.7,0.18011127
1274,3745.7,1333,-41.8,4.7720218,1179.4,39.7,0.1798331
1276.1,3744,2.1,-1.7,4.7777184,1179.7,39.7,0.17962448
159.2,3777.8,-1116.9,33.8,0.60142576,1179.8,39.7,0.17955494
156.1,3778.5,-3.1,0.7,0.58982385,1179.8,39.7,0.17955494
154.2,3778.8,-1.9,0.3,0.58269096,1179.8,39.7,0.17955494
160.1,3778.9,5.9,0.1,0.60500189,1179.9,39.7,0.1794854
152.2,3779.4,-7.9,0.5,0.57522468,1179.9,39.7,0.1794854
153.2,3779.5,1,0.1,0.5790194,1180,39.7,0.17941586
155.1,3779.7,1.9,0.2,0.58623147,1180,39.7,0.17941586
-153,3789.7,-308.1,10,-0.5798241,1180,39.7,0.17941586
-465,3800.1,-312,10.4,-1.7670465,1179.8,39.7,0.17955494
-466,3801.1,-1,1,-1.7713126,1179.7,39.7,0.17962448
-466,3802,0,0.9,-1.771732,1179.6,39.7,0.17969402
-464,3802.6,2,0.6,-1.7644064,1179.5,39.7,0.17976356
-464,3803.4,0,0.8,-1.7647776,1179.3,39.7,0.17990264
-464,3804.1,0,0.7,-1.7651024,1179.2,39.7,0.17997218
-464,3804.7,0,0.6,-1.7653808,1179.1,39.7,0.18004172
-194.1,3796.8,269.9,-7.9,-0.73695888,1179,39.7,0.18011127
72,3788.4,266.1,-8.4,0.2727648,1179,39.7,0.18011127
70,3788.3,-2,-0.1,0.265181,1179.1,39.7,0.18004172
74,3788.1,4,-0.2,0.2803194,1179.1,39.7,0.18004172
77,3788,3,-0.1,0.291676,1179.1,39.7,0.18004172
72,3788.2,-5,0.2,0.2727504,1179.1,39.7,0.18004172
68,3788.3,-4,0.1,0.2576044,1179.1,39.7,0.18004172
73,3788.1,5,-0.2,0.2765313,1179.2,39.7,0.17997218
72,3788.2,-1,0.1,0.2727504,1179.2,39.7,0.17997218
71,3788.2,-1,0,0.2689622,1179.2,39.7,0.17997218
-535,3807.5,-606,19.3,-2.0370125,1179.1,39.7,0.18004172
-530.1,3808.3,4.9,0.8,-2.0187798,1178.9,39.7,0.18018081
-535.9,3809.2,-5.8,0.9,-2.0413503,1178.8,39.7,0.18025035
-535,3809.9,0.9,0.7,-2.0382965,1178.6,39.7,0.18038943
-535.1,3810.6,-0.1,0.7,-2.0390521,1178.5,39.7,0.18045897
-537.1,3811.2,-2,0.6,-2.0469955,1178.3,39.7,0.18059805
16,3794.2,553.1,-17,0.0607072,1178.3,39.7,0.18059805
563,3776.7,547,-17.5,2.1262821,1178.5,39.7,0.18045897
564.1,3775.7,1.1,-1,2.1298724,1178.6,39.7,0.18038943
562.1,3775,-2,-0.7,2.1219275,1178.8,39.7,0.18025035
883.1,3764.2,321,-10.8,3.324165,1179,39.7,0.18011127
880.1,3763.3,-3,-0.9,3.3120803,1179.3,39.7,0.17990264
882.1,3762.3,2,-1,3.3187248,1179.5,39.7,0.17976356
886.1,3761.3,4,-1,3.3328879,1179.8,39.7,0.17955494
887.2,3760.4,1.1,-0.9,3.3362269,1180,39.7,0.17941586
886.1,3759.7,-1.1,-0.7,3.3314702,1180.3,39.7,0.17920723
877.1,3759.3,-9,-0.4,3.297282,1180.5,39.7,0.17906815
886.1,3758.4,9,-0.9,3.3303182,1180.7,39.8,0.17892907
884.1,3757.8,-2,-0.6,3.322271,1181,39.8,0.17872045
883.1,3757.2,-1,-0.6,3.3179833,1181.2,39.7,0.17858136
908.1,3755.9,25,-1.3,3.4107328,1181.5,39.7,0.17837274
915.1,3755.1,7,-0.8,3.436292,1181.7,39.7,0.17823366
908.2,3754.7,-6.9,-0.4,3.4100185,1182,39.7,0.17802503
913.2,3754,5,-0.7,3.4281528,1182.2,39.7,0.17788595
910.1,3753.5,-3.1,-0.5,3.4160603,1182.5,39.7,0.17767733
907.1,3753.1,-3,-0.4,3.404437,1182.8,39.7,0.17746871
906.1,3752.7,-1,-0.4,3.4003215,1183,39.7,0.17732962
905.2,3752.2,-0.9,-0.5,3.3964914,1183.3,39.7,0.177121
993.1,3749,87.9,-3.2,3.7231319,1183.5,39.8,0.17698192
1077.1,3745.8,84,-3.2,4.0346012,1183.8,39.8,0.1767733
1078.2,3745.2,1.1,-0.6,4.0380746,1184.1,39.8,0.17656467
1078.1,3744.6,-0.1,-0.6,4.0370533,1184.4,39.8,0.17635605
1080.1,3744,2,-0.6,4.0438944,1184.7,39.8,0.17614743
1077.2,3743.6,-2.9,-0.4,4.0326059,1185,39.8,0.1759388
1081.1,3742.9,3.9,-0.7,4.0464492,1185.3,39.8,0.17573018
1074.1,3742.7,-7,-0.2,4.0200341,1185.6,39.8,0.17552156
1080.1,3742.1,6,-0.6,4.0418422,1185.9,39.8,0.17531293
1079.1,3741.7,-1,-0.4,4.0376685,1186.2,39.8,0.17510431
733.2,3752.1,-345.9,10.4,2.7510397,1186.4,39.8,0.17496523
735.1,3752.1,1.9,0,2.7581687,1186.6,39.8,0.17482615
734.2,3752,-0.9,-0.1,2.7547184,1186.8,39.8,0.17468707
735,3752,0.8,0,2.75772,1187,39.8,0.17454798
735.1,3751.9,0.1,-0.1,2.7580217,1187.2,39.8,0.1744089
734.2,3751.8,-0.9,-0.1,2.7545716,1187.5,39.8,0.17420028
38,3773.6,-696.2,21.8,0.1433968,1187.5,39.8,0.17420028
-654,3796.4,-692,22.8,-2.4828456,1187.3,39.8,0.17433936
-650,3797.9,4,1.5,-2.468635,1187.1,39.8,0.17447844
-316.1,3788.8,333.9,-9.1,-1.1976397,1187,39.8,0.17454798
32,3778.4,348.1,-10.4,0.1209088,1187,39.8,0.17454798
38,3778.4,6,0,0.1435792,1187,39.8,0.17454798
36,3778.8,-2,0.4,0.1360368,1187,39.8,0.17454798
40,3778.9,4,0.1,0.151156,1187.1,39.8,0.17447844
40,3779.2,0,0.3,0.151168,1187.1,39.8,0.17447844
36,3779.6,-4,0.4,0.1360656,1187.1,39.8,0.17447844
37,3779.8,1,0.2,0.1398526,1187.1,39.8,0.17447844
46,3779.8,9,0,0.1738708,1187.1,39.8,0.17447844
35,3780.4,-11,0.6,0.132314,1187.1,39.8,0.17447844
43,3780.4,8,0,0.1625572,1187.1,39.8,0.17447844
38,3780.8,-5,0.4,0.1436704,1187.1,39.8,0.17447844
41,3780.9,3,0.1,0.1550169,1187.1,39.8,0.17447844
33,3781.3,-8,0.4,0.1247829,1187.2,39.8,0.1744089
34,3781.5,1,0.2,0.128571,1187.2,39.8,0.1744089
32,3781.8,-2,0.3,0.1210176,1187.2,39.8,0.1744089
36,3781.9,4,0.1,0.1361484,1187.2,39.8,0.1744089
35,3782.1,-1,0.2,0.1323735,1187.2,39.8,0.1744089
36,3782.2,1,0.1,0.1361592,1187.2,39.8,0.1744089
38,3782.3,2,0.1,0.1437274,1187.2,39.8,0.1744089
38,3782.4,0,0.1,0.1437312,1187.2,39.8,0.1744089
35,3782.7,-3,0.3,0.1323945,1187.2,39.8,0.1744089
37,3782.8,2,0.1,0.1399636,1187.2,39.8,0.1744089
41,3782.8,4,0,0.1550948,1187.3,39.8,0.17433936
36,3783.2,-5,0.4,0.1361952,1187.3,39.8,0.17433936
42,3783.1,6,-0.1,0.1588902,1187.3,39.8,0.17433936
32,3783.5,-10,0.4,0.121072,1187.3,39.8,0.17433936
36,3783.5,4,0,0.136206,1187.3,39.8,0.17433936
41,3783.5,5,0,0.1551235,1187.3,39.8,0.17433936
37,3783.7,-4,0.2,0.1399969,1187.3,39.8,0.17433936
39,3783.8,2,0.1,0.1475682,1187.3,39.8,0.17433936
34,3784,-5,0.2,0.128656,1187.3,39.8,0.17433936
37,3784.1,3,0.1,0.1400117,1187.3,39.8,0.17433936
36,3784.2,-1,0.1,0.1362312,1187.4,39.8,0.17426982
41,3784.1,5,-0.1,0.1551481,1187.4,39.8,0.17426982
34,3784.5,-7,0.4,0.128673,1187.4,39.8,0.17426982
32,3784.6,-2,0.1,0.1211072,1187.4,39.8,0.17426982
37,3784.6,5,0,0.1400302,1187.4,39.8,0.17426982
37,3784.7,0,0.1,0.1400339,1187.4,39.8,0.17426982
42,3784.6,5,-0.1,0.1589532,1187.4,39.8,0.17426982
40,3784.7,-2,0.1,0.151388,1187.4,39.8,0.17426982
38,3784.9,-2,0.2,0.1438262,1187.4,39.8,0.17426982
37,3784.9,-1,0,0.1400413,1187.4,39.8,0.17426982
35,3785.1,-2,0.2,0.1324785,1187.5,39.8,0.17420028
38,3785.1,3,0,0.1438338,1187.5,39.8,0.17420028
39,3785.1,1,0,0.1476189,1187.5,39.8,0.17420028
36,3785.3,-3,0.2,0.1362708,1187.5,39.8,0.17420028
34,3785.4,-2,0.1,0.1287036,1187.5,39.8,0.17420028
35,3785.4,1,0,0.132489,1187.5,39.8,0.17420028
39,3785.4,4,0,0.1476306,1187.5,39.8,0.17420028
38,3785.5,-1,0.1,0.143849,1187.5,39.8,0.17420028
35,3785.7,-3,0.2,0.1324995,1187.5,39.8,0.17420028
38,3785.6,3,-0.1,0.1438528,1187.6,39.8,0.17413074
36,3785.7,-2,0.1,0.1362852,1187.6,39.8,0.17413074
38,3785.7,2,0,0.1438566,1187.6,39.8,0.17413074
34,3785.9,-4,0.2,0.1287206,1187.6,39.8,0.17413074
35,3785.9,1,0,0.1325065,1187.6,39.8,0.17413074
35,3785.9,0,0,0.1325065,1187.6,39.8,0.17413074
36,3786,1,0.1,0.136296,1187.6,39.8,0.17413074
39,3785.9,3,-0.1,0.1476501,1187.6,39.8,0.17413074
38,3786,-1,0.1,0.143868,1187.6,39.8,0.17413074
41,3786,3,0,0.155226,1187.6,39.8,0.17413074
41,3786,0,0,0.155226,1187.7,39.8,0.1740612
34,3786.2,-7,0.2,0.1287308,1187.7,39.8,0.1740612
35,3786.2,1,0,0.132517,1187.7,39.8,0.1740612
35,3786.3,0,0.1,0.1325205,1187.7,39.7,0.1740612
36,3786.4,1,0.1,0.1363104,1187.7,39.7,0.1740612
38,3786.3,2,-0.1,0.1438794,1187.7,39.7,0.1740612
38,3786.3,0,0,0.1438794,1187.7,39.7,0.1740612
37,3786.4,-1,0.1,0.1400968,1187.7,39.7,0.1740612
38,3786.4,1,0,0.1438832,1187.7,39.7,0.1740612
35,3786.5,-3,0.1,0.1325275,1187.7,39.7,0.1740612
33,3786.6,-2,0.1,0.1249578,1187.8,39.7,0.17399166
36,3786.6,3,0,0.1363176,1187.8,39.7,0.17399166
36,3786.6,0,0,0.1363176,1187.8,39.7,0.17399166
38,3786.6,2,0,0.1438908,1187.8,39.7,0.17399166
34,3786.7,-4,0.1,0.1287478,1187.8,39.7,0.17399166
-81,3790.5,-115,3.8,-0.3070305,1187.8,39.7,0.17399166
-202.1,3794.5,-121.1,4,-0.76686845,1187.7,39.7,0.1740612
-204.1,3795,-2,0.5,-0.7745595,1187.7,39.7,0.1740612
-196.1,3795,8,0,-0.7441995,1187.6,39.7,0.17413074
-191.1,3795.1,5,0.1,-0.72524361,1187.6,39.7,0.17413074
-193,3795.4,-1.9,0.3,-0.7325122,1187.5,39.7,0.17420028
-151.1,3794.3,41.9,-1.1,-0.57331873,1187.5,39.7,0.17420028
-103,3793,48.1,-1.3,-0.390679,1187.4,39.7,0.17426982
-98,3792.9,5,-0.1,-0.3717042,1187.4,39.7,0.17426982
-107.1,3793.3,-9.1,0.4,-0.40626243,1187.4,39.7,0.17426982
-102.1,3793.3,5,0,-0.38729593,1187.3,39.7,0.17433936
-97,3793.2,5.1,-0.1,-0.3679404,1187.3,39.7,0.17433936
-100,3793.4,-3,0.2,-0.37934,1187.3,39.7,0.17433936
-104.2,3793.6,-4.2,0.2,-0.39529312,1187.3,39.7,0.17433936
965.9,3759.9,1070.1,-33.7,3.6316874,1187.5,39.7,0.17420028
2039,3724.6,1073.1,-35.3,7.5944594,1188.1,39.7,0.17378303
2036.1,3721.9,-2.9,-2.7,7.5781606,1188.7,39.7,0.17336579
2042.1,3719.4,6,-2.5,7.5953867,1189.2,39.7,0.17301808
2039.1,3717.5,-3,-1.9,7.5803542,1189.8,39.7,0.17260083
2035.1,3715.7,-4,-1.8,7.5618211,1190.4,39.7,0.17218359
2037.1,3714,2,-1.7,7.5657894,1190.9,39.7,0.17183588
2036.1,3712.4,-1,-1.6,7.5588176,1191.5,39.7,0.17141864
2037.1,3710.9,1,-1.5,7.5594744,1192.1,39.7,0.17100139
932.3,3744.2,-1104.8,33.3,3.4907177,1192.3,39.7,0.17086231
941.1,3744.1,8.8,-0.1,3.5235725,1192.6,39.7,0.17065369
506.1,3757.7,-435,13.6,1.901772,1192.7,39.7,0.17058414
506.1,3758,0,0.3,1.9019238,1192.9,39.7,0.17044506
501.1,3758.4,-5,0.4,1.8833342,1193,39.7,0.17037552
511,3758.3,9.9,-0.1,1.9204913,1193.1,39.7,0.17030598
507.1,3758.5,-3.9,0.2,1.9059354,1193.3,39.7,0.1701669
509.1,3758.5,2,0,1.9134524,1193.4,39.7,0.17009736
-824,3800.6,-1333.1,42.1,-3.1316944,1193.2,39.7,0.17023644
-826,3802.7,-2,2.1,-3.1410302,1193,39.7,0.17037552
-819,3804.1,7,1.4,-3.1155579,1192.7,39.7,0.17058414
-823,3805.6,-4,1.5,-3.1320088,1192.5,39.7,0.17072323
-827,3807,-4,1.4,-3.148389,1192.3,39.7,0.17086231
-823,3808,4,1,-3.133984,1192,39.8,0.17107093
-1062,3816.7,-239,8.7,-4.0533354,1191.8,39.8,0.17121001
-1061,3818.1,1,1.4,-4.0510041,1191.5,39.8,0.17141864
-1065,3819.5,-4,1.4,-4.0677675,1191.2,39.8,0.17162726
-1064.1,3820.8,0.9,1.3,-4.0657133,1190.9,39.8,0.17183588
-1064,3821.9,0.1,1.1,-4.0665016,1190.6,39.8,0.17204451
-1059.1,3822.8,4.9,0.9,-4.0487275,1190.3,39.8,0.17225313
-1060,3823.9,-0.9,1.1,-4.053334,1190,39.8,0.17246175
1245.1,3752.2,2305.1,-71.7,4.6718642,1190.3,39.8,0.17225313
1247.1,3749.6,2,-2.6,4.6761262,1190.7,39.8,0.17197497
1239.1,3748,-8,-1.6,4.6441468,1191,39.8,0.17176634
1244.1,3746.3,5,-1.7,4.6607718,1191.4,39.8,0.17148818
2526,3704.6,1281.9,-41.7,9.3578196,1192.1,39.8,0.17100139
2527.1,3701.3,1.1,-3.3,9.3535552,1192.8,39.8,0.1705146
2534,3698.4,6.9,-2.9,9.3717456,1193.5,39.8,0.17002782
2534.1,3696,0.1,-2.4,9.3660336,1194.2,39.8,0.16954103
2530.2,3694.1,-3.9,-1.9,9.3468118,1194.9,39.8,0.16905424
2528.1,3692.3,-2.1,-1.8,9.3345036,1195.6,39.8,0.16856745
2529.1,3690.5,1,-1.8,9.3336436,1196.3,39.8,0.16808067
2530.1,3688.8,1,-1.7,9.3330329,1197,39.8,0.16759388
2528.2,3687.3,-1.9,-1.5,9.3222319,1197.7,39.8,0.16710709
2527.1,3685.8,-1.1,-1.5,9.3143852,1198.4,39.8,0.16662031
-509,3779.7,-3036.1,93.9,-1.9238673,1198.2,39.8,0.16675939
-510.1,3782.5,-1.1,2.8,-1.9294533,1198.1,39.8,0.16682893
-447,3782.5,63.1,0,-1.6907775,1198,39.8,0.16689847
-443.1,3783.8,3.9,1.3,-1.6766018,1197.9,39.8,0.16696801
-441.1,3785,2,1.2,-1.6695635,1197.7,39.8,0.16710709
-599,3791.2,-157.9,6.2,-2.2709288,1197.6,39.8,0.16717663
-599,3792.4,0,1.2,-2.2716476,1197.4,39.8,0.16731572
-599,3793.6,0,1.2,-2.2723664,1197.2,39.8,0.1674548
-591.1,3794.4,7.9,0.8,-2.2428698,1197.1,39.8,0.16752434
-606.1,3795.9,-15,1.5,-2.300695,1196.9,39.8,0.16766342
-600,3796.7,6.1,0.8,-2.27802,1196.7,39.8,0.1678025
-596,3797.5,4,0.8,-2.26331,1196.6,39.8,0.16787204
249,3771.7,845,-25.8,0.9391533,1196.6,39.8,0.16787204
248.1,3771.2,-0.9,-0.5,0.93563472,1196.7,39.8,0.1678025
252.1,3770.8,4,-0.4,0.95061868,1196.8,39.8,0.16773296
248.1,3770.8,-4,0,0.93553548,1196.8,39.8,0.16773296
244.1,3770.8,-4,0,0.92045228,1196.9,39.8,0.16766342
253.1,3770.5,9,-0.3,0.95431355,1197,39.8,0.16759388
247.1,3770.5,-6,0,0.93169055,1197.1,39.8,0.16752434
252.1,3770.4,5,-0.1,0.95051784,1197.1,39.8,0.16752434
1419,3733.6,1166.9,-36.8,5.2979784,1197.5,39.8,0.16724618
1420.1,3731.8,1.1,-1.8,5.2995292,1197.9,39.8,0.16696801
1423.2,3730.2,3.1,-1.6,5.3088206,1198.3,39.8,0.16668985
1426.2,3728.8,3,-1.4,5.3180146,1198.7,39.8,0.16641168
1416.1,3728,-10.1,-0.8,5.2792208,1199.1,39.8,0.16613352
1419.1,3726.9,3,-1.1,5.2888438,1199.5,39.8,0.16585535
1422.2,3725.8,3.1,-1.1,5.2988328,1199.9,39.8,0.16557719
1421.1,3724.9,-1.1,-0.9,5.2934554,1200.3,39.8,0.16529903
1349.1,3726.3,-72,1.4,5.0271513,1200.7,39.8,0.16502086
1276.1,3727.9,-73,1.6,4.7571732,1201,39.8,0.16481224
1278.1,3727.3,2,-0.6,4.7638621,1201.4,39.8,0.16453408
1282.1,3726.6,4,-0.7,4.7778739,1201.7,39.8,0.16432545
1280.2,3726.1,-1.9,-0.5,4.7701532,1202.1,39.8,0.16404729
1281.1,3725.5,0.9,-0.6,4.772738,1202.4,39.8,0.16383866
1282.1,3724.9,1,-0.6,4.7756943,1202.8,39.8,0.1635605
1281.2,3724.5,-0.9,-0.4,4.7718294,1203.1,39.8,0.16335188
1281.1,3723.9,-0.1,-0.6,4.7706883,1203.5,39.8,0.16307371
1280.1,3723.5,-1,-0.4,4.7664523,1203.9,39.8,0.16279555
1302.1,3722.3,22,-1.2,4.8468068,1204.2,39.8,0.16258693
1323.1,3721.2,21,-1.1,4.9235197,1204.6,39.8,0.16230876
1325.2,3720.6,2.1,-0.6,4.9305391,1205,39.8,0.1620306
1321.2,3720.2,-4,-0.4,4.9151282,1205.3,39.8,0.16182197
1331.1,3719.4,9.9,-0.8,4.9508933,1205.7,39.8,0.16154381
1330.2,3719,-0.9,-0.4,4.9470138,1206.1,39.8,0.16126565
1318.3,3718.9,-11.9,-0.1,4.9026259,1206.4,39.8,0.16105702
-46,3761.5,-1364.3,42.6,-0.173029,1206.4,39.8,0.16105702
-55,3763.2,-9,1.7,-0.206976,1206.4,39.8,0.16105702
-50,3764.1,5,0.9,-0.188205,1206.4,39.8,0.16105702
1131.1,3727.7,1181.1,-36.4,4.2164015,1206.7,39.8,0.1608484
2317.1,3689.6,1186,-38.1,8.5491722,1207.3,39.8,0.16043115
2316.1,3687.5,-1,-2.1,8.5406188,1208,39.8,0.15994437
1751.1,3703.5,-565,16,6.4851989,1208.5,39.8,0.15959666
1182.2,3720.5,-568.9,17,4.3983751,1208.8,39.8,0.15938804
1176.2,3720.7,-6,0.2,4.3762873,1209.1,39.8,0.15917942
1181,3720.3,4.8,-0.4,4.3936743,1209.5,39.8,0.15890125
1177.1,3720.3,-3.9,0,4.3791651,1209.8,39.8,0.15869263
1883.2,3697.9,706.1,-22.4,6.9638853,1210.3,39.8,0.15834492
2572,3675.2,688.8,-22.7,9.4526144,1211,39.8,0.15785814
2578.1,3673.2,6.1,-2,9.4698769,1211.7,39.8,0.15737135
1846.2,3694.5,-731.9,21.3,6.8207859,1212.3,39.8,0.1569541
1114.3,3717,-731.9,22.5,4.1418531,1212.6,39.8,0.15674548
1118.1,3717.1,3.8,0.1,4.1560895,1212.9,39.8,0.15653686
1117.1,3717.3,-1,0.2,4.1525958,1213.2,39.8,0.15632823
1113.2,3717.4,-3.9,0.1,4.1382097,1213.5,39.8,0.15611961
1114.1,3717.3,0.9,-0.1,4.1414439,1213.8,39.8,0.15591099
-397.1,3764.9,-1511.2,47.6,-1.4950418,1213.7,39.8,0.15598053
-399,3767,-1.9,2.1,-1.503033,1213.6,39.8,0.15605007
-399,3768.6,0,1.6,-1.5036714,1213.5,39.8,0.15611961
-399,3770,0,1.4,-1.50423,1213.4,39.8,0.15618915
-398,3771.2,1,1.2,-1.5009376,1213.2,39.8,0.15632823
-397.1,3772.3,0.9,1.1,-1.4979803,1213.1,39.8,0.15639777
-397.1,3773.3,0,1,-1.4983774,1213,39.8,0.15646732
-399,3774.5,-1.9,1.2,-1.5060255,1212.9,39.8,0.15653686
273.1,3754.1,672.1,-20.4,1.0252447,1213,39.8,0.15646732
949.1,3732.7,676,-21.4,3.5427056,1213.3,39.8,0.15625869
948.2,3731.8,-0.9,-0.9,3.5384928,1213.5,39.8,0.15611961
952.2,3730.9,4,-0.9,3.552563,1213.8,39.8,0.15591099
949.2,3730.4,-3,-0.5,3.5408957,1214,39.8,0.15577191
951.1,3729.9,1.9,-0.5,3.5475079,1214.3,39.8,0.15556328
-280,3768.3,-1231.1,38.4,-1.055124,1214.2,39.8,0.15563282
-287,3769.9,-7,1.6,-1.0819613,1214.2,39.8,0.15563282
-283.1,3770.9,3.9,1,-1.0675418,1214.1,39.8,0.15570236
-283.1,3771.8,0,0.9,-1.0677966,1214,39.8,0.15577191
-286,3772.7,-2.9,0.9,-1.0789922,1213.9,39.8,0.15584145
-287,3773.4,-1,0.7,-1.0829658,1213.8,39.8,0.15591099
-287,3774.2,0,0.8,-1.0831954,1213.8,39.8,0.15591099
-284,3774.7,3,0.5,-1.0720148,1213.7,39.8,0.15598053
318.1,3756.3,602.1,-18.4,1.194879,1213.8,39.8,0.15591099
325.1,3755.7,7,-0.6,1.2209781,1213.9,39.8,0.15584145
317.2,3755.9,-7.9,0.2,1.1913715,1213.9,39.8,0.15584145
318.1,3755.7,0.9,-0.2,1.1946882,1214,39.8,0.15577191
316.1,3755.7,-2,0,1.1871768,1214.1,39.8,0.15570236
316.1,3755.7,0,0,1.1871768,1214.2,39.8,0.15563282
319.1,3755.6,3,-0.1,1.198412,1214.3,39.8,0.15556328
315.1,3755.7,-4,0.1,1.1834211,1214.4,39.8,0.15549374
-56,3767.5,-371.1,11.8,-0.21098,1214.4,39.8,0.15549374
-54,3768,2,0.5,-0.203472,1214.4,39.8,0.15549374
-52,3768.4,2,0.4,-0.1959568,1214.3,39.8,0.15556328
-55,3768.8,-3,0.4,-0.207284,1214.3,39.8,0.15556328
-51,3769.1,4,0.3,-0.1922241,1214.3,39.8,0.15556328
-44,3769.2,7,0.1,-0.1658448,1214.3,39.8,0.15556328
-51,3769.7,-7,0.5,-0.1922547,1214.3,39.8,0.15556328
-50,3770,1,0.3,-0.1885,1214.3,39.8,0.15556328
-53,3770.3,-3,0.3,-0.1998259,1214.3,39.8,0.15556328
-49,3770.5,4,0.2,-0.1847545,1214.2,39.8,0.15563282
1082.1,3735.1,1131.1,-35.4,4.0417517,1214.5,39.8,0.1554242
1086.1,3733.5,4,-1.6,4.0549544,1214.8,39.8,0.15521558
1089.1,3732.3,3,-1.2,4.0648479,1215.1,39.8,0.15500695
1085.1,3731.4,-4,-0.9,4.0489421,1215.4,39.8,0.15479833
1085.2,3730.6,0.1,-0.8,4.0484471,1215.7,39.8,0.15458971
1090.2,3729.6,5,-1,4.0660099,1216.1,39.8,0.15431154
543.1,3746,-547.1,16.4,2.0344526,1216.2,39.8,0.154242
-10,3763.7,-553.1,17.7,-0.037637,1216.2,39.8,0.154242
-10,3764.4,0,0.7,-0.037644,1216.2,39.8,0.154242
36,3763.4,46,-1,0.1354824,1216.2,39.8,0.154242
40,3763.7,4,0.3,0.150548,1216.2,39.8,0.154242
41,3764,1,0.3,0.154324,1216.2,39.8,0.154242
236.1,3758.3,195.1,-5.7,0.88733463,1216.3,39.8,0.15417246
422,3752.4,185.9,-5.9,1.5835128,1216.4,39.8,0.15410292
426.1,3752,4.1,-0.4,1.5987272,1216.5,39.8,0.15403338
2473.9,3687.4,2047.8,-64.6,9.1222589,1217.2,39.8,0.15354659
2477.1,3684.4,3.2,-3,9.1266272,1217.9,39.8,0.15305981
489,3744.4,-1988.1,60,1.8310116,1218,39.8,0.15299026
482.1,3745.2,-6.9,0.8,1.8055609,1218.2,39.8,0.15285118
487.1,3745.3,5,0.1,1.8243356,1218.3,39.8,0.15278164
486,3745.5,-1.1,0.2,1.820313,1218.4,39.8,0.1527121
483.1,3745.6,-2.9,0.1,1.8094994,1218.6,39.8,0.15257302
485.1,3745.6,2,0,1.8169906,1218.7,39.8,0.15250348
492.1,3745.5,7,-0.1,1.8431605,1218.9,39.8,0.15236439
267.1,3752.5,-225,7,1.0022928,1218.9,39.8,0.15236439
273.1,3752.6,6,0.1,1.0248351,1219,39.8,0.15229485
268.1,3753,-5,0.4,1.0061793,1219.1,39.8,0.15222531
267.2,3753.2,-0.9,0.2,1.002855,1219.2,39.8,0.15215577
265.1,3753.4,-2.1,0.2,0.99502634,1219.2,39.8,0.15215577
-126,3766.1,-391.1,12.7,-0.4745286,1219.2,39.8,0.15215577
-127.1,3766.8,-1.1,0.7,-0.47876028,1219.2,39.8,0.15215577
-127.1,3767.4,0,0.6,-0.47883654,1219.1,39.8,0.15222531
-125.1,3767.9,2,0.5,-0.47136429,1219.1,39.8,0.15222531
-129.1,3768.5,-4,0.6,-0.48651335,1219,39.8,0.15229485
-129.1,3768.9,0,0.4,-0.48656499,1219,39.8,0.15229485
-124,3769.2,5.1,0.3,-0.4673808,1219,39.8,0.15229485
-122.2,3769.5,1.8,0.3,-0.4606329,1218.9,39.8,0.15236439
-130,3770.2,-7.8,0.7,-0.490126,1218.9,39.8,0.15236439
-128.1,3770.5,1.9,0.3,-0.48300105,1218.9,39.8,0.15236439
171.1,3761.3,299.2,-9.2,0.64355843,1218.9,39.8,0.15236439
178.1,3761,7,-0.3,0.6698341,1219,39.8,0.15229485
1641.9,3714.8,1463.8,-46.2,6.0993301,1219.4,39.8,0.15201669
1638.1,3712.7,-3.8,-2.1,6.0817739,1219.9,39.8,0.15166898
1637.1,3711.1,-1,-1.6,6.0754418,1220.3,39.8,0.15139082
1642,3709.5,4.9,-1.6,6.090999,1220.8,39.8,0.15104312
59,3758,-1583,48.5,0.221722,1220.8,39.8,0.15104312
59,3758.9,0,0.9,0.2217751,1220.8,39.8,0.15104312
1223.2,3723,1164.2,-35.9,4.5539736,1221.2,39.8,0.15076495
2392,3685.3,1168.8,-37.7,8.8152376,1221.8,39.8,0.15034771
2388.1,3683,-3.9,-2.3,8.7953723,1222.5,39.8,0.14986092
2393.1,3681,5,-2,8.8090011,1223.2,39.8,0.14937413
2386.1,3679.5,-7,-1.5,8.7796549,1223.8,39.8,0.14895688
2387.2,3677.9,1.1,-1.6,8.7798829,1224.5,39.8,0.1484701
2390.1,3676.4,2.9,-1.5,8.7869636,1225.1,39.8,0.14805285
2390.1,3675,0,-1.4,8.7836175,1225.8,39.8,0.14756606
2201.2,3679.7,-188.9,4.7,8.0997556,1226.4,39.8,0.14714882
2019.2,3684.3,-182,4.6,7.4393386,1227,39.8,0.14673157
2018.1,3683.6,-1.1,-0.7,7.4338732,1227.5,39.8,0.14638387
2013.1,3682.9,-5,-0.7,7.414046,1228.1,39.8,0.14596662
2017.1,3682.1,4,-0.8,7.4271639,1228.7,39.8,0.14554937
2005.1,3681.7,-12,-0.4,7.3821767,1229.2,39.8,0.14520167
2013.1,3680.6,8,-1.1,7.4094159,1229.8,39.8,0.14478442
2014,3679.9,0.9,-0.7,7.4113186,1230.3,39.8,0.14443672
1789.2,3686.2,-224.8,6.3,6.595349,1230.8,39.8,0.14408901
1784,3685.9,-5.2,-0.3,6.5756456,1231.3,39.8,0.14374131
1788.1,3685.3,4.1,-0.6,6.5896849,1231.8,39.8,0.1433936
1786.1,3684.9,-2,-0.4,6.5815999,1232.3,39.8,0.1430459
1784,3684.5,-2.1,-0.4,6.573148,1232.8,39.8,0.14269819
1780.1,3684.2,-3.9,-0.3,6.5582444,1233.3,39.8,0.14235049
1782.1,3683.7,2,-0.5,6.5647218,1233.8,39.9,0.14200278
1787,3683.1,4.9,-0.6,6.5816997,1234.3,39.9,0.14165508
1792.1,3682.5,5.1,-0.6,6.5994083,1234.8,39.9,0.14130737
1788.1,3682.2,-4,-0.3,6.5841418,1235.3,39.9,0.14095967
2475.1,3660.2,687,-22,9.059361,1236,39.9,0.14047288
2473.1,3659,-2,-1.2,9.0490729,1236.7,39.9,0.13998609
2474.1,3657.9,1,-1.1,9.0500104,1237.4,39.9,0.1394993
2469.2,3657,-4.9,-0.9,9.0298644,1238,39.9,0.13908206
2474.1,3655.9,4.9,-1.1,9.0450622,1238.7,39.9,0.13859527
-156.1,3737.8,-2630.2,81.9,-0.58347058,1238.7,39.9,0.13859527
-156,3740.4,0.1,2.6,-0.5835024,1238.6,39.9,0.13866481
-152.1,3742.2,3.9,1.8,-0.56918862,1238.6,39.9,0.13866481
-152,3743.7,0.1,1.5,-0.5690424,1238.6,39.9,0.13866481
-158,3745.3,-6,1.6,-0.5917574,1238.5,39.9,0.13873435
-154,3746.4,4,1.1,-0.5769456,1238.5,39.9,0.13873435
-155.1,3747.6,-1.1,1.2,-0.58125276,1238.4,39.9,0.13880389
-153.1,3748.6,2,1,-0.57391066,1238.4,39.9,0.13880389
23,3743.9,176.1,-4.7,0.0861097,1238.4,39.9,0.13880389
21,3744.5,-2,0.6,0.0786345,1238.4,39.9,0.13880389
26,3745.1,5,0.6,0.0973726,1238.4,39.9,0.13880389
23,3745.8,-3,0.7,0.0861534,1238.4,39.9,0.13880389
20,3746.5,-3,0.7,0.07493,1238.4,39.9,0.13880389
23,3747,3,0.5,0.086181,1238.4,39.9,0.13880389
20,3747.6,-3,0.6,0.074952,1238.4,39.9,0.13880389
-855.9,3775.8,-875.9,28.2,-3.2317072,1238.2,39.9,0.13894298
-844,3777.3,11.9,1.5,-3.1880412,1238,39.9,0.13908206
-842.1,3778.7,1.9,1.4,-3.1820433,1237.7,39.9,0.13929068
-849,3780.3,-6.9,1.6,-3.2094747,1237.5,39.9,0.13942976
-850.1,3781.6,-1.1,1.3,-3.2147382,1237.3,39.9,0.13956885
-849,3782.8,1.1,1.2,-3.2115972,1237,39.9,0.13977747
-840,3783.7,9,0.9,-3.178308,1236.8,39.9,0.13991655
-845,3784.9,-5,1.2,-3.1982405,1236.6,39.9,0.14005563
-852,3786.2,-7,1.3,-3.2258424,1236.3,39.9,0.14026426
1774,3704.8,2626,-81.4,6.5723152,1236.8,39.9,0.13991655
1767.2,3702,-6.8,-2.8,6.5421744,1237.3,39.9,0.13956885
164.2,3750,-1603,48,0.61575,1237.3,39.9,0.13956885
170.1,3750.3,5.9,0.3,0.63792603,1237.4,39.9,0.1394993
173.1,3750.5,3,0.2,0.64921155,1237.4,39.9,0.1394993
169.1,3750.8,-4,0.3,0.63426028,1237.5,39.9,0.13942976
176.2,3750.7,7.1,-0.1,0.66087334,1237.5,39.9,0.13942976
170.1,3751,-6.1,0.3,0.6380451,1237.6,39.9,0.13936022
-363,3768,-533.1,17,-1.367784,1237.5,39.9,0.13942976
-372.1,3769.1,-9.1,1.1,-1.4024821,1237.4,39.9,0.1394993
366.1,3746.6,738.2,-22.5,1.3716303,1237.5,39.9,0.13942976
1095.1,3723.3,729,-23.3,4.0773858,1237.8,39.9,0.13922114
1095.1,3721.8,0,-1.5,4.0757432,1238.1,39.9,0.13901252
1094.1,3720.8,-1,-1,4.0709273,1238.4,39.9,0.13880389
1096.1,3719.7,2,-1.1,4.0771632,1238.7,39.9,0.13859527
1099,3718.8,2.9,-0.9,4.0869612,1239,39.9,0.13838665
1096.1,3718,-2.9,-0.8,4.0752998,1239.3,39.9,0.13817803
-31,3752.8,-1127.1,34.8,-0.1163368,1239.3,39.9,0.13817803
-36,3753.9,-5,1.1,-0.1351404,1239.3,39.9,0.13817803
-37,3754.7,-1,0.8,-0.1389239,1239.3,39.9,0.13817803
-39,3755.3,-2,0.6,-0.1464567,1239.3,39.9,0.13817803
-36,3755.7,3,0.4,-0.1352052,1239.3,39.9,0.13817803
-41,3756.3,-5,0.6,-0.1540083,1239.2,39.9,0.13824757
-32,3756.4,9,0.1,-0.1202048,1239.2,39.9,0.13824757
-39,3756.9,-7,0.5,-0.1465191,1239.2,39.9,0.13824757
-33,3757.1,6,0.2,-0.1239843,1239.2,39.9,0.13824757
-40,3757.7,-7,0.6,-0.150308,1239.2,39.9,0.13824757
134.1,3752.4,174.1,-5.3,0.50319684,1239.2,39.9,0.13824757
137.1,3752.3,3,-0.1,0.51444033,1239.3,39.9,0.13817803
132.1,3752.5,-5,0.2,0.49570525,1239.3,39.9,0.13817803
129.2,3752.7,-2.9,0.2,0.48484884,1239.4,39.9,0.13810848
132.1,3752.7,2.9,0,0.49573167,1239.4,39.9,0.13810848
129.2,3752.8,-2.9,0.1,0.48486176,1239.4,39.9,0.13810848
128.2,3753,-1,0.2,0.4811346,1239.5,39.9,0.13803894
130.2,3753,2,0,0.4886406,1239.5,39.9,0.13803894
129.2,3753.1,-1,0.1,0.48490052,1239.5,39.9,0.13803894
132.1,3753.1,2.9,0,0.49578451,1239.6,39.9,0.1379694
222.1,3750.3,90,-2.8,0.83294163,1239.6,39.9,0.1379694
314.1,3747.4,92,-2.9,1.1770583,1239.7,39.9,0.13789986
322,3746.9,7.9,-0.5,1.2065018,1239.8,39.9,0.13783032
314.1,3747,-7.9,0.1,1.1769327,1239.9,39.9,0.13776078
320.1,3746.7,6,-0.3,1.1993187,1240,39.9,0.13769124
-788.9,3781.6,-1109,34.9,-2.9833042,1239.8,39.9,0.13783032
-791,3783.2,-2.1,1.6,-2.9925112,1239.5,39.9,0.13803894
-791,3784.5,0,1.3,-2.9935395,1239.3,39.9,0.13817803
-787,3785.5,4,1,-2.9791885,1239.1,39.9,0.13831711
1447.2,3716.2,2234.2,-69.3,5.3780846,1239.5,39.9,0.13803894
1165.2,3722.6,-282,6.4,4.3375735,1239.8,39.9,0.13783032
879.2,3730.1,-286,7.5,3.2795039,1240.1,39.9,0.1376217
885.2,3729.1,6,-1,3.3009993,1240.3,39.9,0.13748261
874.2,3728.7,-11,-0.4,3.2596295,1240.6,39.9,0.13727399
884.1,3727.7,9.9,-1,3.2956596,1240.8,39.9,0.13713491
878.1,3727.2,-6,-0.5,3.2728543,1241.1,39.9,0.13692629
877.1,3726.6,-1,-0.6,3.2686009,1241.3,39.9,0.1367872
882.2,3725.9,5.1,-0.7,3.286989,1241.5,39.9,0.13664812
878.1,3725.5,-4.1,-0.4,3.2713615,1241.8,39.9,0.1364395
881.1,3724.9,3,-0.6,3.2820094,1242,39.9,0.13630042
840.1,3725.7,-41,0.8,3.1299606,1242.3,39.9,0.13609179
836.1,3725.4,-4,-0.3,3.1148069,1242.5,39.9,0.13595271
832.2,3725.1,-3.9,-0.3,3.1000282,1242.7,39.9,0.13581363
833,3724.8,0.8,-0.3,3.1027584,1243,39.9,0.13560501
833.1,3724.4,0.1,-0.4,3.1027976,1243.2,39.9,0.13546592
832.1,3724.1,-1,-0.3,3.0988236,1243.4,39.9,0.13532684
836.1,3723.6,4,-0.5,3.113302,1243.7,39.9,0.13511822
839.1,3723.2,3,-0.4,3.1241371,1243.9,39.9,0.13497914
709.2,3727,-129.9,3.8,2.6431884,1244.1,39.9,0.13484006
710.1,3726.9,0.9,-0.1,2.6464717,1244.3,39.9,0.13470097
711.2,3726.7,1.1,-0.2,2.650429,1244.5,39.9,0.13456189
712.2,3726.5,1,-0.2,2.6540133,1244.7,39.9,0.13442281
709.1,3726.4,-3.1,-0.1,2.6423902,1244.9,39.9,0.13428373
703.1,3726.5,-6,0.1,2.6201021,1245.1,39.9,0.13414465
709.1,3726.2,6,-0.3,2.6422484,1245.3,39.9,0.13400556
708.2,3726,-0.9,-0.2,2.6387532,1245.5,39.9,0.13386648
-593,3766.9,-1301.2,40.9,-2.2337717,1245.3,39.9,0.13400556
-589,3768.6,4,1.7,-2.2197054,1245.1,39.9,0.13414465
-588,3770,1,1.4,-2.21676,1245,39.9,0.13421419
-596,3771.4,-8,1.4,-2.2477544,1244.8,39.9,0.13435327
-586,3772.2,10,0.8,-2.2105092,1244.6,39.9,0.13449235
-587.1,3773.2,-1.1,1,-2.2152457,1244.5,39.9,0.13456189
-591.1,3774.2,-4,1,-2.2309296,1244.3,39.9,0.13470097
-592,3775.1,-0.9,0.9,-2.2348592,1244.2,39.9,0.13477051
-590,3775.9,2,0.8,-2.227781,1244,39.9,0.1349096
1307,3716.9,1897,-59,4.8579883,1244.4,39.9,0.13463143
1304.1,3714.8,-2.9,-2.1,4.8444707,1244.7,39.9,0.13442281
1308.2,3713.1,4.1,-1.7,4.8574774,1245.1,39.9,0.13414465
1307.1,3711.7,-1.1,-1.4,4.8515631,1245.4,39.9,0.13393602
1311.1,3710.4,4,-1.3,4.8647054,1245.8,39.9,0.13365786
1313.1,3709.2,2,-1.2,4.8705505,1246.2,39.9,0.13337969
1311.1,3708.3,-2,-0.9,4.8619521,1246.5,39.9,0.13317107
1303.1,3707.7,-8,-0.6,4.8315039,1246.9,39.9,0.13289291
1309.2,3706.8,6.1,-0.9,4.8529426,1247.3,39.9,0.13261474
1683,3694.4,373.8,-12.4,6.2176752,1247.7,39.9,0.13233658
1682.1,3693.3,-0.9,-1.1,6.2124999,1248.2,39.9,0.13198887
1719.1,3691.1,37,-2.2,6.34537,1248.7,39.9,0.13164117
1719.1,3690.1,0,-1,6.3436509,1249.2,39.9,0.13129346
1719.1,3689.2,0,-0.9,6.3421037,1249.6,39.9,0.1310153
1719.1,3688.4,0,-0.8,6.3407284,1250.1,39.9,0.13066759
1716.2,3687.7,-2.9,-0.7,6.3288307,1250.6,39.9,0.13031989
-212,3747.6,-1928.2,59.9,-0.7944912,1250.5,39.9,0.13038943
-209.1,3749.4,2.9,1.8,-0.78399954,1250.5,39.9,0.13038943
1119.1,3708.9,1328.2,-40.5,4.15063,1250.8,39.9,0.13018081
2445,3666.4,1325.9,-42.5,8.964348,1251.5,39.9,0.12969402
2439.1,3664.4,-5.9,-2,8.937838,1252.1,39.9,0.12927677
2446.1,3662.4,7,-2,8.9585966,1252.8,39.9,0.12878999
146.3,3733.1,-2299.8,70.7,0.54615253,1252.9,39.9,0.12872045
150.1,3734.6,3.8,1.5,0.56056346,1252.9,39.9,0.12872045
2403,3664.9,2252.9,-69.7,8.8067547,1253.6,39.9,0.12823366
2400.2,3662.8,-2.8,-2.1,8.7914526,1254.2,39.9,0.12781641
2400.1,3661.2,-0.1,-1.6,8.7872461,1254.9,39.9,0.12732962
2401.1,3659.8,1,-1.4,8.7875458,1255.6,39.9,0.12684284
2403.2,3658.4,2.1,-1.4,8.7918669,1256.2,39.9,0.12642559
2402.1,3657.2,-1.1,-1.2,8.7849601,1256.9,39.9,0.1259388
2405.1,3656,3,-1.2,8.7930456,1257.6,39.9,0.12545202
2399.1,3655,-6,-1,8.7687105,1258.2,39.9,0.12503477
2398.1,3654,-1,-1,8.7626574,1258.9,39.9,0.12454798
2402.1,3652.8,4,-1.2,8.7743909,1259.6,39.9,0.1240612
2159.1,3659.4,-243,6.6,7.9010105,1260.2,39.9,0.12364395
2167.1,3658.5,8,-0.9,7.9283354,1260.8,39.9,0.1232267
2163.1,3657.9,-4,-0.6,7.9124035,1261.4,39.9,0.12280946
2168.1,3657.1,5,-0.8,7.9289585,1262,39.9,0.12239221
1351.2,3682.1,-816.9,25,4.9752535,1262.3,39.9,0.12218359
1354.1,3682.4,2.9,0.3,4.9863378,1262.7,39.9,0.12190542
1350.1,3682.8,-4,0.4,4.9721483,1263.1,39.9,0.12162726
1356,3682.7,5.9,-0.1,4.9937412,1263.5,39.9,0.1213491
1352.1,3682.8,-3.9,0.1,4.9795139,1263.8,39.9,0.12114047
1347.1,3683,-5,0.2,4.9613693,1264.2,39.9,0.12086231
1352.1,3682.9,5,-0.1,4.9796491,1264.6,39.9,0.12058414
996.2,3694,-355.9,11.1,3.6799628,1264.9,39.9,0.12037552
993.1,3694.5,-3.1,0.5,3.669008,1265.2,39.9,0.1201669
994.1,3694.8,1,0.3,3.6730007,1265.4,39.9,0.12002782
994,3695.1,-0.1,0.3,3.6729294,1265.7,39.9,0.11981919
988.2,3695.5,-5.8,0.4,3.6518931,1266,39.9,0.11961057
999.1,3695.4,10.9,-0.1,3.6920741,1266.3,39.9,0.11940195
996.2,3695.6,-2.9,0.2,3.6815567,1266.5,39.9,0.11926287
997.1,3695.7,0.9,0.1,3.6849825,1266.8,39.9,0.11905424
384.2,3715.2,-612.9,19.5,1.4273798,1266.9,39.9,0.1189847
383.1,3716.2,-1.1,1,1.4236762,1267,39.9,0.11891516
-184,3735.2,-567.1,19,-0.6872768,1267,39.9,0.11891516
-185,3736.8,-1,1.6,-0.691308,1266.9,39.9,0.1189847
-596.1,3751.2,-411.1,14.4,-2.2360903,1266.8,39.9,0.11905424
-595,3753,1.1,1.8,-2.233035,1266.6,39.9,0.11919332
-588,3754.4,7,1.4,-2.2075872,1266.4,39.9,0.11933241
-586,3755.8,2,1.4,-2.2008988,1266.3,39.9,0.11940195
-594,3757.5,-8,1.7,-2.231955,1266.1,39.9,0.11954103
-594,3758.8,0,1.3,-2.2327272,1265.9,39.9,0.11968011
-597,3760.1,-3,1.3,-2.2447797,1265.8,39.9,0.11974965
-591,3761.1,6,1,-2.2228101,1265.6,39.9,0.11988873
275,3734.7,866,-26.4,1.0270425,1265.7,39.9,0.11981919
279.1,3734.3,4.1,-0.4,1.0422431,1265.8,39.9,0.11974965
620.1,3723.4,341,-10.9,2.3088803,1265.9,39.9,0.11968011
620.1,3722.8,0,-0.6,2.3085083,1266.1,39.9,0.11954103
625.1,3722.1,5,-0.7,2.3266847,1266.3,39.9,0.11940195
619.1,3721.9,-6,-0.2,2.3042283,1266.4,39.9,0.11933241
611.1,3721.8,-8,-0.1,2.274392,1266.6,39.9,0.11919332
616.2,3721.4,5.1,-0.4,2.2931267,1266.8,39.9,0.11905424
620.2,3721,4,-0.4,2.3077642,1267,39.9,0.11891516
622,3720.7,1.8,-0.3,2.3142754,1267.1,39.9,0.11884562
620.1,3720.6,-1.9,-0.1,2.3071441,1267.3,39.9,0.11870654
616.2,3720.5,-3.9,-0.1,2.2925721,1267.5,39.9,0.11856745
13,3739.4,-603.2,18.9,0.0486122,1267.5,39.9,0.11856745
12,3740.2,-1,0.8,0.0448824,1267.5,39.9,0.11856745
10,3740.9,-2,0.7,0.037409,1267.5,39.9,0.11856745
12,3741.4,2,0.5,0.0448968,1267.5,39.9,0.11856745
14,3741.8,2,0.4,0.0523852,1267.5,39.9,0.11856745
8,3742.5,-6,0.7,0.02994,1267.5,39.9,0.11856745
6,3743,-2,0.5,0.022458,1267.5,39.9,0.11856745
9,3743.3,3,0.3,0.0336897,1267.5,39.9,0.11856745
8,3743.7,-1,0.4,0.0299496,1267.5,39.9,0.11856745
5,3744.2,-3,0.5,0.018721,1267.5,39.9,0.11856745
1040.1,3711.8,1035.1,-32.4,3.8606432,1267.8,39.9,0.11835883
1033.1,3710.7,-7,-1.1,3.8335242,1268.1,39.9,0.11815021
1038.1,3709.5,5,-1.2,3.8508319,1268.4,39.9,0.11794159
1035.1,3708.7,-3,-0.8,3.8388754,1268.7,39.9,0.11773296
1035.1,3707.9,0,-0.8,3.8380473,1268.9,39.9,0.11759388
1038.1,3707.1,3,-0.8,3.8483405,1269.2,39.9,0.11738526
1039.2,3706.5,1.1,-0.6,3.8517948,1269.5,39.9,0.11717663
1038.2,3706,-1,-0.5,3.8475692,1269.8,39.9,0.11696801
1033.2,3705.5,-5,-0.5,3.8285226,1270.1,39.9,0.11675939
1034.2,3705,1,-0.5,3.831711,1270.4,39.9,0.11655076
-842.9,3764,-1877.1,59,-3.1726756,1270.1,39.9,0.11675939
-838,3766.4,4.9,2.4,-3.1562432,1269.9,39.9,0.11689847
-838.1,3768.3,-0.1,1.9,-3.1582122,1269.7,39.9,0.11703755
-840,3770,-1.9,1.7,-3.1668,1269.4,39.9,0.11724618
-844,3771.7,-4,1.7,-3.1833148,1269.2,39.9,0.11738526
-840,3772.9,4,1.2,-3.169236,1269,39.9,0.11752434
1475.1,3701.1,2315.1,-71.8,5.4594926,1269.4,39.9,0.11724618
1473.1,3698.6,-2,-2.5,5.4484077,1269.8,39.9,0.11696801
1784,3686.8,310.9,-11.8,6.5772512,1270.3,39.9,0.11662031
2089.1,3675.1,305.1,-11.7,7.6776514,1270.9,39.9,0.11620306
2090.1,3672.7,1,-2.4,7.6763103,1271.5,39.9,0.11578581
2087,3671,-3.1,-1.7,7.661377,1272,39.9,0.11543811
2084.1,3669.5,-2.9,-1.5,7.6476049,1272.6,39.9,0.11502086
2089.1,3667.8,5,-1.7,7.662401,1273.2,39.9,0.11460362
2091.1,3666.3,2,-1.5,7.6665999,1273.8,39.9,0.11418637
2087.1,3665.2,-4,-1.1,7.6496389,1274.4,39.9,0.11376912
2094.1,3663.8,7,-1.4,7.6723636,1274.9,39.9,0.11342142
2099.1,3662.4,5,-1.4,7.6877438,1275.5,39.9,0.11300417
-104.1,3731,-2203.2,68.6,-0.3883971,1275.5,39.9,0.11300417
-97,3733,7.1,2,-0.362101,1275.5,39.9,0.11300417
-102.1,3734.7,-5.1,1.7,-0.38131287,1275.4,39.9,0.11307371
-105.1,3736.1,-3,1.4,-0.39266411,1275.4,39.9,0.11307371
-104.1,3737.1,1,1,-0.38903211,1275.4,39.9,0.11307371
-103.1,3738.1,1,1,-0.38539811,1275.3,39.9,0.11314325
-107.1,3739.2,-4,1.1,-0.40046832,1275.3,39.9,0.11314325
-103.1,3739.8,4,0.6,-0.38557338,1275.3,39.9,0.11314325
-576,3755.6,-472.9,15.8,-2.1632256,1275.1,39.9,0.11328234
-572,3756.9,4,1.3,-2.1489468,1275,39.9,0.11335188
-567,3758.1,5,1.2,-2.1308427,1274.8,39.9,0.11349096
-568.1,3759.3,-1.1,1.2,-2.1356583,1274.7,39.9,0.1135605
-569.9,3760.4,-1.8,1.1,-2.143052,1274.5,39.9,0.11369958
-577,3761.7,-7.1,1.3,-2.1705009,1274.3,39.9,0.11383866
-567,3762.4,10,0.7,-2.1332808,1274.2,39.9,0.11390821
-575.1,3763.6,-8.1,1.2,-2.1644464,1274,39.9,0.11404729
-574,3764.4,1.1,0.8,-2.1607656,1273.9,39.9,0.11411683
-574,3765.3,0,0.9,-2.1612822,1273.7,39.9,0.11425591
69,3745.7,643,-19.6,0.2584533,1273.7,39.9,0.11425591
66,3745.5,-3,-0.2,0.247203,1273.7,39.9,0.11425591
2258,3676.3,2192,-69.2,8.3010854,1274.4,39.9,0.11376912
2262.1,3672.5,4.1,-3.8,8.3075623,1275,39.9,0.11335188
189.2,3734.9,-2072.9,62.4,0.70664308,1275,39.9,0.11335188
192.1,3735.6,2.9,0.7,0.71760876,1275.1,39.9,0.11328234
194.1,3736,2,0.4,0.7251576,1275.2,40,0.1132128
101.1,3739.2,-93,3.2,0.37803312,1275.2,40,0.1132128
20,3742.1,-81.1,2.9,0.074842,1275.2,40,0.1132128
22,3742.5,2,0.4,0.082335,1275.2,40,0.1132128
19,3742.9,-3,0.4,0.0711151,1275.2,40,0.1132128
22,3743.2,3,0.3,0.0823504,1275.2,40,0.1132128
17,3743.7,-5,0.5,0.0636429,1275.2,40,0.1132128
18,3743.9,1,0.2,0.0673902,1275.2,40,0.1132128
19,3744.2,1,0.3,0.0711398,1275.2,39.9,0.1132128
21,3744.3,2,0.1,0.0786303,1275.2,39.9,0.1132128
24,3744.4,3,0.1,0.0898656,1275.2,39.9,0.1132128
18,3744.8,-6,0.4,0.0674064,1275.2,39.9,0.1132128
12,3745.3,-6,0.5,0.0449436,1275.2,39.9,0.1132128
20,3745.2,8,-0.1,0.074904,1275.2,39.9,0.1132128
19,3745.4,-1,0.2,0.0711626,1275.3,39.9,0.11314325
17,3745.7,-2,0.3,0.0636769,1275.3,39.9,0.11314325
20,3745.8,3,0.1,0.074916,1275.3,39.9,0.11314325
18,3746.1,-2,0.3,0.0674298,1275.3,39.9,0.11314325
20,3746.1,2,0,0.074922,1275.3,39.9,0.11314325
18,3746.4,-2,0.3,0.0674352,1275.3,39.9,0.11314325
19,3746.5,1,0.1,0.0711835,1275.3,39.9,0.11314325
15,3746.8,-4,0.3,0.056202,1275.3,39.9,0.11314325
21,3746.7,6,-0.1,0.0786807,1275.3,39.9,0.11314325
17,3747,-4,0.3,0.063699,1275.3,39.9,0.11314325
12,3747.3,-5,0.3,0.0449676,1275.3,39.9,0.11314325
20,3747.2,8,-0.1,0.074944,1275.3,39.9,0.11314325
20,3747.3,0,0.1,0.074946,1275.3,39.9,0.11314325
22,3747.3,2,0,0.0824406,1275.3,39.9,0.11314325
14,3747.7,-8,0.4,0.0524678,1275.3,39.9,0.11314325
25,3747.5,11,-0.2,0.0936875,1275.3,39.9,0.11314325
19,3747.8,-6,0.3,0.0712082,1275.3,39.9,0.11314325
19,3747.9,0,0.1,0.0712101,1275.3,39.9,0.11314325
16,3748.1,-3,0.2,0.0599696,1275.3,39.9,0.11314325
18,3748.2,2,0.1,0.0674676,1275.4,39.9,0.11307371
16,3748.3,-2,0.1,0.0599728,1275.4,39.9,0.11307371
20,3748.3,4,0,0.074966,1275.4,39.9,0.11307371
20,3748.4,0,0.1,0.074968,1275.4,39.9,0.11307371
19,3748.5,-1,0.1,0.0712215,1275.4,39.9,0.11307371
18,3748.6,-1,0.1,0.0674748,1275.4,39.9,0.11307371
21,3748.6,3,0,0.0787206,1275.4,39.9,0.11307371
16,3748.8,-5,0.2,0.0599808,1275.4,39.9,0.11307371
18,3748.9,2,0.1,0.0674802,1275.4,39.9,0.11307371
20,3748.9,2,0,0.074978,1275.4,39.9,0.11307371
16,3749,-4,0.1,0.059984,1275.4,39.9,0.11307371
19,3749.1,3,0.1,0.0712329,1275.4,39.9,0.11307371
20,3749.1,1,0,0.074982,1275.4,39.9,0.11307371
21,3749.2,1,0.1,0.0787332,1275.4,39.9,0.11307371
13,3749.5,-8,0.3,0.0487435,1275.4,39.9,0.11307371
17,3749.4,4,-0.1,0.0637398,1275.4,39.9,0.11307371
22,3749.3,5,-0.1,0.0824846,1275.4,39.9,0.11307371
16,3749.6,-6,0.3,0.0599936,1275.4,39.9,0.11307371
21,3749.5,5,-0.1,0.0787395,1275.4,39.9,0.11307371
18,3749.7,-3,0.2,0.0674946,1275.4,39.9,0.11307371
20,3749.6,2,-0.1,0.074992,1275.5,39.9,0.11300417
23,3749.6,3,0,0.0862408,1275.5,39.9,0.11300417
18,3749.8,-5,0.2,0.0674964,1275.5,39.9,0.11300417
18,3749.9,0,0.1,0.0674982,1275.5,39.9,0.11300417
23,3749.8,5,-0.1,0.0862454,1275.5,39.9,0.11300417
18,3750,-5,0.2,0.0675,1275.5,39.9,0.11300417
15,3750.1,-3,0.1,0.0562515,1275.5,39.9,0.11300417
22,3750,7,-0.1,0.0825,1275.5,39.9,0.11300417
17,3750.2,-5,0.2,0.0637534,1275.5,39.9,0.11300417
21,3750.1,4,-0.1,0.0787521,1275.5,39.9,0.11300417
21,3750.1,0,0,0.0787521,1275.5,39.9,0.11300417
21,3750.2,0,0.1,0.0787542,1275.5,39.9,0.11300417
25,3750.1,4,-0.1,0.0937525,1275.5,39.9,0.11300417
19,3750.3,-6,0.2,0.0712557,1275.5,39.9,0.11300417
20,3750.3,1,0,0.075006,1275.5,39.9,0.11300417
17,3750.5,-3,0.2,0.0637585,1275.5,39.9,0.11300417
24,3750.3,7,-0.2,0.0900072,1275.5,39.9,0.11300417
22,3750.4,-2,0.1,0.0825088,1275.5,39.9,0.11300417
19,3750.5,-3,0.1,0.0712595,1275.6,39.9,0.11293463
21,3750.5,2,0,0.0787605,1275.6,39.9,0.11293463
19,3750.6,-2,0.1,0.0712614,1275.6,39.9,0.11293463
18,3750.7,-1,0.1,0.0675126,1275.6,39.9,0.11293463
19,3750.7,1,0,0.0712633,1275.6,39.9,0.11293463
17,3750.8,-2,0.1,0.0637636,1275.6,39.9,0.11293463
18,3750.8,1,0,0.0675144,1275.6,39.9,0.11293463
20,3750.8,2,0,0.075016,1275.6,39.9,0.11293463
19,3750.9,-1,0.1,0.0712671,1275.6,39.9,0.11293463
19,3750.9,0,0,0.0712671,1275.6,39.9,0.11293463
21,3750.9,2,0,0.0787689,1275.6,39.9,0.11293463
23,3750.8,2,-0.1,0.0862684,1275.6,39.9,0.11293463
15,3751.1,-8,0.3,0.0562665,1275.6,39.9,0.11293463
13,3751.2,-2,0.1,0.0487656,1275.6,39.9,0.11293463
20,3751,7,-0.2,0.07502,1275.6,39.9,0.11293463
21,3751,1,0,0.078771,1275.6,39.9,0.11293463
17,3751.2,-4,0.2,0.0637704,1275.6,39.9,0.11293463
19,3751.2,2,0,0.0712728,1275.6,39.9,0.11293463
21,3751.1,2,-0.1,0.0787731,1275.6,39.9,0.11293463
25,3751,4,-0.1,0.093775,1275.7,39.9,0.11286509
35,3750.7,10,-0.3,0.1312745,1275.7,39.9,0.11286509
33,3750.8,-2,0.1,0.1237764,1275.7,39.9,0.11286509
34,3750.7,1,-0.1,0.1275238,1275.7,39.9,0.11286509
33,3750.8,-1,0.1,0.1237764,1275.7,39.9,0.11286509
38,3750.6,5,-0.2,0.1425228,1275.7,39.9,0.11286509
38,3750.7,0,0.1,0.1425266,1275.7,39.9,0.11286509
37,3750.7,-1,0,0.1387759,1275.7,39.9,0.11286509
35,3750.7,-2,0,0.1312745,1275.7,39.9,0.11286509
34,3750.8,-1,0.1,0.1275272,1275.7,39.9,0.11286509
36,3750.8,2,0,0.1350288,1275.8,39.9,0.11279555
36,3750.7,0,-0.1,0.1350252,1275.8,39.9,0.11279555
37,3750.7,1,0,0.1387759,1275.8,39.9,0.11279555
37,3750.8,0,0.1,0.1387796,1275.8,39.9,0.11279555
39,3750.7,2,-0.1,0.1462773,1275.8,39.8,0.11279555
37,3750.8,-2,0.1,0.1387796,1275.8,39.8,0.11279555
30,3751,-7,0.2,0.11253,1275.8,39.8,0.11279555
40,3750.7,10,-0.3,0.150028,1275.8,39.8,0.11279555
35,3750.9,-5,0.2,0.1312815,1275.8,39.8,0.11279555
36,3750.9,1,0,0.1350324,1275.8,39.8,0.11279555
36,3750.8,0,-0.1,0.1350288,1275.9,39.8,0.11272601
38,3750.8,2,0,0.1425304,1275.9,39.8,0.11272601
36,3750.9,-2,0.1,0.1350324,1275.9,39.8,0.11272601
32,3751,-4,0.1,0.120032,1275.9,39.8,0.11272601
35,3750.9,3,-0.1,0.1312815,1275.9,39.8,0.11272601
33,3751,-2,0.1,0.123783,1275.9,39.8,0.11272601
34,3751,1,0,0.127534,1275.9,39.8,0.11272601
36,3750.9,2,-0.1,0.1350324,1275.9,39.8,0.11272601
41,3750.8,5,-0.1,0.1537828,1275.9,39.8,0.11272601
34,3751,-7,0.2,0.127534,1275.9,39.8,0.11272601
38,3750.9,4,-0.1,0.1425342,1276,39.8,0.11265647
37,3750.9,-1,0,0.1387833,1276,39.8,0.11265647
36,3751,-1,0.1,0.135036,1276,39.8,0.11265647
35,3751,-1,0,0.131285,1276,39.8,0.11265647
38,3750.9,3,-0.1,0.1425342,1276,39.8,0.11265647
35,3751,-3,0.1,0.131285,1276,39.8,0.11265647
39,3750.9,4,-0.1,0.1462851,1276,39.8,0.11265647
36,3751,-3,0.1,0.135036,1276,39.8,0.11265647
36,3751,0,0,0.135036,1276,39.8,0.11265647
33,3751.1,-3,0.1,0.1237863,1276,39.8,0.11265647
39,3751,6,-0.1,0.146289,1276.1,39.8,0.11258693
37,3751,-2,0,0.138787,1276.1,39.8,0.11258693
42,3750.9,5,-0.1,0.1575378,1276.1,39.8,0.11258693
38,3751,-4,0.1,0.142538,1276.1,39.8,0.11258693
31,3751.2,-7,0.2,0.1162872,1276.1,39.8,0.11258693
39,3751,8,-0.2,0.146289,1276.1,39.8,0.11258693
32,3751.2,-7,0.2,0.1200384,1276.1,39.8,0.11258693
38,3751,6,-0.2,0.142538,1276.1,39.8,0.11258693
41,3750.9,3,-0.1,0.1537869,1276.1,39.8,0.11258693
33,3751.2,-8,0.3,0.1237896,1276.1,39.8,0.11258693
32,3751.2,-1,0,0.1200384,1276.2,39.8,0.11251739
36,3751.1,4,-0.1,0.1350396,1276.2,39.8,0.11251739
36,3751.1,0,0,0.1350396,1276.2,39.8,0.11251739
34,3751.2,-2,0.1,0.1275408,1276.2,39.8,0.11251739
32,3751.3,-2,0.1,0.1200416,1276.2,39.8,0.11251739
36,3751.2,4,-0.1,0.1350432,1276.2,39.8,0.11251739
37,3751.1,1,-0.1,0.1387907,1276.2,39.8,0.11251739
37,3751.1,0,0,0.1387907,1276.2,39.8,0.11251739
40,3751.1,3,0,0.150044,1276.2,39.8,0.11251739
34,3751.3,-6,0.2,0.1275442,1276.2,39.8,0.11251739
35,3751.2,1,-0.1,0.131292,1276.3,39.8,0.11244784
34,3751.3,-1,0.1,0.1275442,1276.3,39.8,0.11244784
33,3751.3,-1,0,0.1237929,1276.3,39.8,0.11244784
36,3751.2,3,-0.1,0.1350432,1276.3,39.8,0.11244784
37,3751.2,1,0,0.1387944,1276.3,39.8,0.11244784
32,3751.4,-5,0.2,0.1200448,1276.3,39.8,0.11244784
34,3751.3,2,-0.1,0.1275442,1276.3,39.8,0.11244784
36,3751.3,2,0,0.1350468,1276.3,39.8,0.11244784
36,3751.3,0,0,0.1350468,1276.3,39.8,0.11244784
36,3751.2,0,-0.1,0.1350432,1276.3,39.8,0.11244784
29,3751.5,-7,0.3,0.1087935,1276.4,39.8,0.1123783
34,3751.4,5,-0.1,0.1275476,1276.4,39.8,0.1123783
36,3751.3,2,-0.1,0.1350468,1276.4,39.8,0.1123783
33,3751.4,-3,0.1,0.1237962,1276.4,39.8,0.1123783
34,3751.4,1,0,0.1275476,1276.4,39.8,0.1123783
35,3751.4,1,0,0.131299,1276.4,39.8,0.1123783
41,3751.2,6,-0.2,0.1537992,1276.4,39.8,0.1123783
34,3751.4,-7,0.2,0.1275476,1276.4,39.8,0.1123783
32,3751.4,-2,0,0.1200448,1276.4,39.8,0.1123783
41,3751.2,9,-0.2,0.1537992,1276.4,39.8,0.1123783
31,3751.5,-10,0.3,0.1162965,1276.4,39.8,0.1123783
32,3751.5,1,0,0.120048,1276.5,39.8,0.11230876
40,3751.2,8,-0.3,0.150048,1276.5,39.8,0.11230876
31,3751.5,-9,0.3,0.1162965,1276.5,39.8,0.11230876
33,3751.5,2,0,0.1237995,1276.5,39.8,0.11230876
37,3751.4,4,-0.1,0.1388018,1276.5,39.8,0.11230876
40,3751.3,3,-0.1,0.150052,1276.5,39.8,0.11230876
38,3751.3,-2,0,0.1425494,1276.5,39.8,0.11230876
37,3751.3,-1,0,0.1387981,1276.5,39.8,0.11230876
28,3751.6,-9,0.3,0.1050448,1276.5,39.8,0.11230876
20,3751.9,-8,0.3,0.075038,1276.5,39.8,0.11230876
18,3752,-2,0.1,0.067536,1276.5,39.8,0.11230876
19,3752,1,0,0.071288,1276.6,39.8,0.11223922
22,3751.9,3,-0.1,0.0825418,1276.6,39.8,0.11223922
20,3752,-2,0.1,0.07504,1276.6,39.8,0.11223922
21,3752,1,0,0.078792,1276.6,39.8,0.11223922
21,3752,0,0,0.078792,1276.6,39.8,0.11223922
22,3752,1,0,0.082544,1276.6,39.8,0.11223922
24,3751.9,2,-0.1,0.0900456,1276.6,39.8,0.11223922
19,3752.1,-5,0.2,0.0712899,1276.6,39.8,0.11223922
21,3752.1,2,0,0.0787941,1276.6,39.8,0.11223922
21,3752.1,0,0,0.0787941,1276.6,39.8,0.11223922
23,3752.1,2,0,0.0862983,1276.6,39.8,0.11223922
21,3752.1,-2,0,0.0787941,1276.6,39.8,0.11223922
17,3752.3,-4,0.2,0.0637891,1276.6,39.8,0.11223922
21,3752.1,4,-0.2,0.0787941,1276.6,39.8,0.11223922
18,3752.3,-3,0.2,0.0675414,1276.6,39.8,0.11223922
23,3752.1,5,-0.2,0.0862983,1276.6,39.8,0.11223922
21,3752.2,-2,0.1,0.0787962,1276.6,39.8,0.11223922
20,3752.2,-1,0,0.075044,1276.6,39.8,0.11223922
13,3752.5,-7,0.3,0.0487825,1276.7,39.8,0.11216968
18,3752.3,5,-0.2,0.0675414,1276.7,39.8,0.11216968
19,3752.3,1,0,0.0712937,1276.7,39.8,0.11216968
21,3752.3,2,0,0.0787983,1276.7,39.8,0.11216968
22,3752.2,1,-0.1,0.0825484,1276.7,39.8,0.11216968
19,3752.4,-3,0.2,0.0712956,1276.7,39.8,0.11216968
23,3752.2,4,-0.2,0.0863006,1276.7,39.8,0.11216968
23,3752.3,0,0.1,0.0863029,1276.7,39.8,0.11216968
20,3752.4,-3,0.1,0.075048,1276.7,39.8,0.11216968
17,3752.5,-3,0.1,0.0637925,1276.7,39.8,0.11216968
18,3752.4,1,-0.1,0.0675432,1276.7,39.8,0.11216968
23,3752.3,5,-0.1,0.0863029,1276.7,39.8,0.11216968
19,3752.5,-4,0.2,0.0712975,1276.7,39.8,0.11216968
20,3752.4,1,-0.1,0.075048,1276.7,39.8,0.11216968
17,3752.5,-3,0.1,0.0637925,1276.7,39.8,0.11216968
22,3752.4,5,-0.1,0.0825528,1276.7,39.8,0.11216968
20,3752.4,-2,0,0.075048,1276.7,39.8,0.11216968
16,3752.6,-4,0.2,0.0600416,1276.7,39.8,0.11216968
17,3752.6,1,0,0.0637942,1276.8,39.8,0.11210014
16,3752.6,-1,0,0.0600416,1276.8,39.8,0.11210014
14,3752.7,-2,0.1,0.0525378,1276.8,39.8,0.11210014
20,3752.5,6,-0.2,0.07505,1276.8,39.8,0.11210014
19,3752.6,-1,0.1,0.0712994,1276.8,39.8,0.11210014
22,3752.5,3,-0.1,0.082555,1276.8,39.8,0.11210014
23,3752.4,1,-0.1,0.0863052,1276.8,39.8,0.11210014
18,3752.6,-5,0.2,0.0675468,1276.8,39.8,0.11210014
22,3752.5,4,-0.1,0.082555,1276.8,39.8,0.11210014
16,3752.7,-6,0.2,0.0600432,1276.8,39.8,0.11210014
22,3752.5,6,-0.2,0.082555,1276.8,39.8,0.11210014
19,3752.6,-3,0.1,0.0712994,1276.8,39.8,0.11210014
22,3752.5,3,-0.1,0.082555,1276.8,39.8,0.11210014
21,3752.6,-1,0.1,0.0788046,1276.8,39.8,0.11210014
21,3752.5,0,-0.1,0.0788025,1276.8,39.8,0.11210014
18,3752.7,-3,0.2,0.0675486,1276.8,39.8,0.11210014
16,3752.7,-2,0,0.0600432,1276.8,39.8,0.11210014
20,3752.6,4,-0.1,0.075052,1276.8,39.8,0.11210014
20,3752.6,0,0,0.075052,1276.8,39.8,0.11210014
17,3752.7,-3,0.1,0.0637959,1276.9,39.8,0.1120306
26,3752.5,9,-0.2,0.097565,1276.9,39.8,0.1120306
17,3752.7,-9,0.2,0.0637959,1276.9,39.8,0.1120306
23,3752.6,6,-0.1,0.0863098,1276.9,39.8,0.1120306
17,3752.7,-6,0.1,0.0637959,1276.9,39.8,0.1120306
22,3752.6,5,-0.1,0.0825572,1276.9,39.8,0.1120306
21,3752.7,-1,0.1,0.0788067,1276.9,39.8,0.1120306
27,3752.5,6,-0.2,0.1013175,1276.9,39.8,0.1120306
22,3752.6,-5,0.1,0.0825572,1276.9,39.8,0.1120306
18,3752.8,-4,0.2,0.0675504,1276.9,39.8,0.1120306
20,3752.7,2,-0.1,0.075054,1276.9,39.8,0.1120306
19,3752.7,-1,0,0.0713013,1276.9,39.8,0.1120306
21,3752.7,2,0,0.0788067,1276.9,39.8,0.1120306
15,3752.9,-6,0.2,0.0562935,1276.9,39.8,0.1120306
17,3752.8,2,-0.1,0.0637976,1276.9,39.8,0.1120306
16,3752.9,-1,0.1,0.0600464,1276.9,39.8,0.1120306
20,3752.7,4,-0.2,0.075054,1276.9,39.8,0.1120306
15,3752.9,-5,0.2,0.0562935,1276.9,39.8,0.1120306
32,3752.4,17,-0.5,0.1200768,1277,39.8,0.11196106
26,3752.5,-6,0.1,0.097565,1277,39.8,0.11196106
24,3752.6,-2,0.1,0.0900624,1277,39.8,0.11196106
20,3752.8,-4,0.2,0.075056,1277,39.8,0.11196106
22,3752.7,2,-0.1,0.0825594,1277,39.8,0.11196106
23,3752.7,1,0,0.0863121,1277,39.8,0.11196106
23,3752.7,0,0,0.0863121,1277,39.8,0.11196106
33,3752.3,10,-0.4,0.1238259,1277,39.8,0.11196106
24,3752.6,-9,0.3,0.0900624,1277,39.8,0.11196106
22,3752.7,-2,0.1,0.0825594,1277,39.8,0.11196106
22,3752.7,0,0,0.0825594,1277,39.8,0.11196106
27,3752.5,5,-0.2,0.1013175,1277,39.8,0.11196106
26,3752.6,-1,0.1,0.0975676,1277,39.8,0.11196106
24,3752.7,-2,0.1,0.0900648,1277,39.8,0.11196106
29,3752.5,5,-0.2,0.1088225,1277.1,39.8,0.11189152
26,3752.6,-3,0.1,0.0975676,1277.1,39.8,0.11189152
31,3752.4,5,-0.2,0.1163244,1277.1,39.8,0.11189152
21,3752.7,-10,0.3,0.0788067,1277.1,39.8,0.11189152
28,3752.5,7,-0.2,0.10507,1277.1,39.8,0.11189152
24,3752.7,-4,0.2,0.0900648,1277.1,39.8,0.11189152
27,3752.5,3,-0.2,0.1013175,1277.1,39.8,0.11189152
30,3752.5,3,0,0.112575,1277.1,39.8,0.11189152
23,3752.7,-7,0.2,0.0863121,1277.1,39.8,0.11189152
26,3752.5,3,-0.2,0.097565,1277.1,39.8,0.11189152
30,3752.5,4,0,0.112575,1277.1,39.8,0.11189152
29,3752.5,-1,0,0.1088225,1277.1,39.8,0.11189152
22,3752.7,-7,0.2,0.0825594,1277.1,39.8,0.11189152
22,3752.7,0,0,0.0825594,1277.1,39.8,0.11189152
18,3752.9,-4,0.2,0.0675522,1277.2,39.8,0.11182197
23,3752.7,5,-0.2,0.0863121,1277.2,39.8,0.11182197
23,3752.7,0,0,0.0863121,1277.2,39.8,0.11182197
22,3752.8,-1,0.1,0.0825616,1277.2,39.8,0.11182197
19,3752.8,-3,0,0.0713032,1277.2,39.8,0.11182197
26,3752.6,7,-0.2,0.0975676,1277.2,39.8,0.11182197
25,3752.7,-1,0.1,0.0938175,1277.2,39.8,0.11182197
24,3752.7,-1,0,0.0900648,1277.2,39.8,0.11182197
29,3752.5,5,-0.2,0.1088225,1277.2,39.8,0.11182197
29,3752.5,0,0,0.1088225,1277.2,39.8,0.11182197
27,3752.6,-2,0.1,0.1013202,1277.2,39.8,0.11182197
25,3752.6,-2,0,0.093815,1277.2,39.8,0.11182197
25,3752.6,0,0,0.093815,1277.2,39.8,0.11182197
26,3752.6,1,0,0.0975676,1277.2,39.8,0.11182197
22,3752.7,-4,0.1,0.0825594,1277.2,39.8,0.11182197
26,3752.6,4,-0.1,0.0975676,1277.3,39.8,0.11175243
19,3752.9,-7,0.3,0.0713051,1277.3,39.8,0.11175243
23,3752.7,4,-0.2,0.0863121,1277.3,39.8,0.11175243
19,3752.9,-4,0.2,0.0713051,1277.3,39.8,0.11175243
23,3752.8,4,-0.1,0.0863144,1277.3,39.8,0.11175243
26,3752.6,3,-0.2,0.0975676,1277.3,39.8,0.11175243
25,3752.7,-1,0.1,0.0938175,1277.3,39.8,0.11175243
31,3752.5,6,-0.2,0.1163275,1277.3,39.8,0.11175243
23,3752.8,-8,0.3,0.0863144,1277.3,39.8,0.11175243
31,3752.5,8,-0.3,0.1163275,1277.3,39.8,0.11175243
20,3752.8,-11,0.3,0.075056,1277.3,39.8,0.11175243
30,3752.5,10,-0.3,0.112575,1277.3,39.8,0.11175243
21,3752.8,-9,0.3,0.0788088,1277.3,39.8,0.11175243
23,3752.8,2,0,0.0863144,1277.3,39.8,0.11175243
28,3752.6,5,-0.2,0.1050728,1277.3,39.8,0.11175243
28,3752.6,0,0,0.1050728,1277.4,39.7,0.11168289
24,3752.7,-4,0.1,0.0900648,1277.4,39.7,0.11168289
25,3752.7,1,0,0.0938175,1277.4,39.7,0.11168289
27,3752.6,2,-0.1,0.1013202,1277.4,39.7,0.11168289
24,3752.7,-3,0.1,0.0900648,1277.4,39.7,0.11168289
31,3752.5,7,-0.2,0.1163275,1277.4,39.7,0.11168289
21,3752.8,-10,0.3,0.0788088,1277.4,39.7,0.11168289
23,3752.8,2,0,0.0863144,1277.4,39.7,0.11168289
24,3752.7,1,-0.1,0.0900648,1277.4,39.7,0.11168289
27,3752.6,3,-0.1,0.1013202,1277.4,39.7,0.11168289
25,3752.7,-2,0.1,0.0938175,1277.4,39.7,0.11168289
31,3752.5,6,-0.2,0.1163275,1277.4,39.7,0.11168289
20,3752.9,-11,0.4,0.075058,1277.4,39.7,0.11168289
23,3752.8,3,-0.1,0.0863144,1277.4,39.7,0.11168289
26,3752.7,3,-0.1,0.0975702,1277.5,39.7,0.11161335
25,3752.7,-1,0,0.0938175,1277.5,39.7,0.11161335
27,3752.7,2,0,0.1013229,1277.5,39.7,0.11161335
25,3752.7,-2,0,0.0938175,1277.5,39.7,0.11161335
24,3752.8,-1,0.1,0.0900672,1277.5,39.7,0.11161335
22,3752.8,-2,0,0.0825616,1277.5,39.7,0.11161335
21,3752.8,-1,0,0.0788088,1277.5,39.7,0.11161335
23,3752.8,2,0,0.0863144,1277.5,39.7,0.11161335
22,3752.8,-1,0,0.0825616,1277.5,39.7,0.11161335
24,3752.8,2,0,0.0900672,1277.5,39.7,0.11161335
21,3752.9,-3,0.1,0.0788109,1277.5,39.7,0.11161335
25,3752.8,4,-0.1,0.09382,1277.5,39.7,0.11161335
17,3753,-8,0.2,0.063801,1277.5,39.7,0.11161335
21,3752.9,4,-0.1,0.0788109,1277.5,39.7,0.11161335
20,3752.9,-1,0,0.075058,1277.5,39.7,0.11161335
21,3752.9,1,0,0.0788109,1277.5,39.7,0.11161335
21,3752.9,0,0,0.0788109,1277.6,39.7,0.11154381
21,3752.9,0,0,0.0788109,1277.6,39.7,0.11154381
24,3752.8,3,-0.1,0.0900672,1277.6,39.7,0.11154381
18,3753,-6,0.2,0.067554,1277.6,39.7,0.11154381
20,3753,2,0,0.07506,1277.6,39.7,0.11154381
23,3752.9,3,-0.1,0.0863167,1277.6,39.7,0.11154381
17,3753.1,-6,0.2,0.0638027,1277.6,39.7,0.11154381
25,3752.8,8,-0.3,0.09382,1277.6,39.7,0.11154381
22,3752.9,-3,0.1,0.0825638,1277.6,39.7,0.11154381
21,3752.9,-1,0,0.0788109,1277.6,39.7,0.11154381
23,3752.9,2,0,0.0863167,1277.6,39.7,0.11154381
14,3753.2,-9,0.3,0.0525448,1277.6,39.7,0.11154381
21,3753,7,-0.2,0.078813,1277.6,39.7,0.11154381
21,3753,0,0,0.078813,1277.6,39.7,0.11154381
17,3753.1,-4,0.1,0.0638027,1277.6,39.7,0.11154381
26,3752.8,9,-0.3,0.0975728,1277.6,39.7,0.11154381
15,3753.1,-11,0.3,0.0562965,1277.6,39.7,0.11154381
22,3752.9,7,-0.2,0.0825638,1277.7,39.7,0.11147427
22,3753,0,0.1,0.082566,1277.7,39.7,0.11147427
15,3753.1,-7,0.1,0.0562965,1277.7,39.7,0.11147427
20,3753,5,-0.1,0.07506,1277.7,39.7,0.11147427
23,3752.9,3,-0.1,0.0863167,1277.7,39.7,0.11147427
22,3752.9,-1,0,0.0825638,1277.7,39.7,0.11147427
21,3753,-1,0.1,0.078813,1277.7,39.7,0.11147427
19,3753,-2,0,0.071307,1277.7,39.7,0.11147427
17,3753.1,-2,0.1,0.0638027,1277.7,39.7,0.11147427
20,3753.1,3,0,0.075062,1277.7,39.7,0.11147427
20,3753.1,0,0,0.075062,1277.7,39.7,0.11147427
27,3752.8,7,-0.3,0.1013256,1277.7,39.7,0.11147427
24,3752.9,-3,0.1,0.0900696,1277.7,39.7,0.11147427
27,3752.8,3,-0.1,0.1013256,1277.7,39.7,0.11147427
24,3752.9,-3,0.1,0.0900696,1277.7,39.7,0.11147427
23,3752.9,-1,0,0.0863167,1277.7,39.7,0.11147427
18,3753.1,-5,0.2,0.0675558,1277.7,39.7,0.11147427
24,3752.9,6,-0.2,0.0900696,1277.8,39.7,0.11140473
23,3753,-1,0.1,0.086319,1277.8,39.7,0.11140473
21,3753,-2,0,0.078813,1277.8,39.7,0.11140473
23,3753,2,0,0.086319,1277.8,39.7,0.11140473
27,3752.8,4,-0.2,0.1013256,1277.8,39.7,0.11140473
27,3752.8,0,0,0.1013256,1277.8,39.7,0.11140473
28,3752.8,1,0,0.1050784,1277.8,39.7,0.11140473
23,3752.9,-5,0.1,0.0863167,1277.8,39.7,0.11140473
24,3752.9,1,0,0.0900696,1277.8,39.7,0.11140473
25,3752.8,1,-0.1,0.09382,1277.8,39.7,0.11140473
24,3752.9,-1,0.1,0.0900696,1277.8,39.7,0.11140473
18,3753.1,-6,0.2,0.0675558,1277.8,39.7,0.11140473
22,3753,4,-0.1,0.082566,1277.8,39.7,0.11140473
17,3753.2,-5,0.2,0.0638044,1277.8,39.7,0.11140473
18,3753.1,1,-0.1,0.0675558,1277.8,39.7,0.11140473
19,3753.1,1,0,0.0713089,1277.8,39.7,0.11140473
24,3752.9,5,-0.2,0.0900696,1277.9,39.7,0.11133519
23,3753,-1,0.1,0.086319,1277.9,39.7,0.11133519
22,3753,-1,0,0.082566,1277.9,39.7,0.11133519
20,3753.1,-2,0.1,0.075062,1277.9,39.7,0.11133519
28,3752.8,8,-0.3,0.1050784,1277.9,39.7,0.11133519
19,3753.1,-9,0.3,0.0713089,1277.9,39.7,0.11133519
26,3752.9,7,-0.2,0.0975754,1277.9,39.7,0.11133519
22,3753,-4,0.1,0.082566,1277.9,39.7,0.11133519
22,3753,0,0,0.082566,1277.9,39.7,0.11133519
23,3753,1,0,0.086319,1277.9,39.7,0.11133519
18,3753.2,-5,0.2,0.0675576,1277.9,39.7,0.11133519
19,3753.1,1,-0.1,0.0713089,1277.9,39.7,0.11133519
20,3753.1,1,0,0.075062,1277.9,39.7,0.11133519
20,3753.1,0,0,0.075062,1277.9,39.7,0.11133519
23,3753,3,-0.1,0.086319,1277.9,39.7,0.11133519
24,3753,1,0,0.090072,1277.9,39.7,0.11133519
25,3752.9,1,-0.1,0.0938225,1278,39.7,0.11126565
20,3753.1,-5,0.2,0.075062,1278,39.7,0.11126565
21,3753.1,1,0,0.0788151,1278,39.7,0.11126565
22,3753,1,-0.1,0.082566,1278,39.7,0.11126565
19,3753.1,-3,0.1,0.0713089,1278,39.7,0.11126565
24,3753,5,-0.1,0.090072,1278,39.7,0.11126565
20,3753.1,-4,0.1,0.075062,1278,39.7,0.11126565
21,3753.1,1,0,0.0788151,1278,39.7,0.11126565
23,3753,2,-0.1,0.086319,1278,39.7,0.11126565
25,3753,2,0,0.093825,1278,39.7,0.11126565
26,3752.9,1,-0.1,0.0975754,1278,39.7,0.11126565
19,3753.1,-7,0.2,0.0713089,1278,39.7,0.11126565
23,3753,4,-0.1,0.086319,1278,39.7,0.11126565
21,3753.1,-2,0.1,0.0788151,1278,39.7,0.11126565
24,3753,3,-0.1,0.090072,1278,39.7,0.11126565
25,3752.9,1,-0.1,0.0938225,1278,39.7,0.11126565
23,3753,-2,0.1,0.086319,1278.1,39.7,0.11119611
27,3752.9,4,-0.1,0.1013283,1278.1,39.7,0.11119611
28,3752.9,1,0,0.1050812,1278.1,39.7,0.11119611
25,3753,-3,0.1,0.093825,1278.1,39.7,0.11119611
18,3753.2,-7,0.2,0.0675576,1278.1,39.7,0.11119611
20,3753.1,2,-0.1,0.075062,1278.1,39.7,0.11119611
21,3753.1,1,0,0.0788151,1278.1,39.7,0.11119611
22,3753,1,-0.1,0.082566,1278.1,39.7,0.11119611
22,3753,0,0,0.082566,1278.1,39.7,0.11119611
21,3753.1,-1,0.1,0.0788151,1278.1,39.7,0.11119611
26,3752.9,5,-0.2,0.0975754,1278.1,39.7,0.11119611
20,3753.1,-6,0.2,0.075062,1278.1,39.7,0.11119611
20,3753.1,0,0,0.075062,1278.1,39.7,0.11119611
24,3753,4,-0.1,0.090072,1278.1,39.7,0.11119611
24,3753,0,0,0.090072,1278.1,39.7,0.11119611
25,3752.9,1,-0.1,0.0938225,1278.1,39.7,0.11119611
26,3752.9,1,0,0.0975754,1278.2,39.7,0.11112656
20,3753.1,-6,0.2,0.075062,1278.2,39.7,0.11112656
25,3753,5,-0.1,0.093825,1278.2,39.7,0.11112656
21,3753.1,-4,0.1,0.0788151,1278.2,39.7,0.11112656
19,3753.1,-2,0,0.0713089,1278.2,39.7,0.11112656
23,3753,4,-0.1,0.086319,1278.2,39.7,0.11112656
23,3753,0,0,0.086319,1278.2,39.7,0.11112656
23,3753,0,0,0.086319,1278.2,39.7,0.11112656
21,3753.1,-2,0.1,0.0788151,1278.2,39.7,0.11112656
23,3753,2,-0.1,0.086319,1278.2,39.7,0.11112656
21,3753.1,-2,0.1,0.0788151,1278.2,39.7,0.11112656
26,3752.9,5,-0.2,0.0975754,1278.2,39.7,0.11112656
15,3753.3,-11,0.4,0.0562995,1278.2,39.7,0.11112656
22,3753,7,-0.3,0.082566,1278.2,39.7,0.11112656
18,3753.2,-4,0.2,0.0675576,1278.2,39.7,0.11112656
19,3753.1,1,-0.1,0.0713089,1278.2,39.7,0.11112656
22,3753.1,3,0,0.0825682,1278.2,39.7,0.11112656
16,3753.2,-6,0.1,0.0600512,1278.3,39.7,0.11105702
25,3753,9,-0.2,0.093825,1278.3,39.7,0.11105702
709,3731.2,684,-21.8,2.6454208,1278.5,39.7,0.11091794
715.1,3729.9,6.1,-1.3,2.6672515,1278.7,39.7,0.11077886
321.1,3741.5,-394,11.6,1.2013957,1278.7,39.7,0.11077886
-58,3753.5,-379.1,12,-0.217703,1278.7,39.7,0.11077886
-60,3753.9,-2,0.4,-0.225234,1278.7,39.7,0.11077886
-59,3754.2,1,0.3,-0.2214978,1278.7,39.7,0.11077886
735.1,3729,794.1,-25.2,2.7411879,1278.9,39.7,0.11063978
1533,3702.5,797.9,-26.5,5.6759325,1279.3,39.7,0.11036161
1534.1,3700.2,1.1,-2.3,5.6764768,1279.8,39.7,0.11001391
1533.1,3698.3,-1,-1.9,5.6698637,1280.2,39.7,0.10973574
1533.1,3696.6,0,-1.7,5.6672575,1280.6,39.7,0.10945758
1536.1,3694.9,3,-1.7,5.6757359,1281,39.7,0.10917942
1530.1,3693.7,-6,-1.2,5.6517304,1281.5,39.7,0.10883171
803.2,3715.5,-726.9,21.8,2.9842896,1281.7,39.7,0.10869263
65,3738.9,-738.2,23.4,0.2430285,1281.7,39.7,0.10869263
66,3739.9,1,1,0.2468334,1281.7,39.7,0.10869263
68,3740.4,2,0.5,0.2543472,1281.7,39.7,0.10869263
70,3740.9,2,0.5,0.261863,1281.8,39.7,0.10862309
64,3741.5,-6,0.6,0.239456,1281.8,39.7,0.10862309
355.1,3732.5,291.1,-9,1.3254108,1281.9,39.7,0.10855355
348.1,3732.6,-7,0.1,1.2993181,1282,39.7,0.10848401
353.1,3732.4,5,-0.2,1.3179104,1282.1,39.7,0.10841446
355.1,3732.2,2,-0.2,1.3253042,1282.2,39.7,0.10834492
358.1,3732.1,3,-0.1,1.336465,1282.3,39.7,0.10827538
345.1,3732.4,-13,0.3,1.2880512,1282.4,39.7,0.10820584
356,3732,10.9,-0.4,1.328592,1282.5,39.7,0.1081363
341.1,3732.4,-14.9,0.4,1.2731216,1282.6,39.7,0.10806676
1137.1,3707,796,-25.4,4.2152297,1282.9,39.7,0.10785814
1918,3680.7,780.9,-26.3,7.0595826,1283.4,39.7,0.10751043
1918.1,3678.5,0.1,-2.2,7.0557308,1283.9,39.7,0.10716273
1914.1,3676.7,-4,-1.8,7.0375715,1284.5,39.7,0.10674548
1917.1,3674.9,3,-1.8,7.0451508,1285,39.7,0.10639777
1916,3673.4,-1.1,-1.5,7.0382344,1285.5,39.7,0.10605007
1918.1,3671.9,2.1,-1.5,7.0430714,1286.1,39.7,0.10563282
1914.1,3670.8,-4,-1.1,7.0262783,1286.6,39.7,0.10528512
1912.1,3669.6,-2,-1.2,7.0166422,1287.1,39.7,0.10493741
1918.1,3668.2,6,-1.4,7.0359744,1287.7,39.7,0.10452017
377.2,3716.3,-1540.9,48.1,1.4017884,1287.8,39.7,0.10445063
380.9,3717.4,3.7,1.1,1.4159577,1287.9,39.7,0.10438108
377.1,3718.4,-3.8,1,1.4022086,1288,39.7,0.10431154
370.2,3719.2,-6.9,0.8,1.3768478,1288.1,39.7,0.104242
374.1,3719.6,3.9,0.4,1.3915024,1288.2,39.7,0.10417246
379.1,3719.9,5,0.3,1.4102141,1288.3,39.7,0.10410292
378.1,3720.3,-1,0.4,1.4066454,1288.4,39.7,0.10403338
382.1,3720.5,4,0.2,1.421603,1288.5,39.7,0.10396384
373.1,3721,-9,0.5,1.3883051,1288.6,39.7,0.1038943
378.1,3721.1,5,0.1,1.4069479,1288.7,39.7,0.10382476
1047.1,3700,669,-21.1,3.87427,1289,39.7,0.10361613
1042.2,3699.3,-4.9,-0.7,3.8554105,1289.3,39.7,0.10340751
-58,3733.9,-1100.2,34.6,-0.2165662,1289.3,39.7,0.10340751
-58,3735.1,0,1.2,-0.2166358,1289.3,39.7,0.10340751
-126.1,3738.2,-68.1,3.1,-0.47138702,1289.2,39.7,0.10347705
-124.1,3739.1,2,0.9,-0.46402231,1289.2,39.7,0.10347705
222,3728.6,346.1,-10.5,0.8277492,1289.2,39.7,0.10347705
224.1,3728.7,2.1,0.1,0.83560167,1289.3,39.7,0.10340751
228.1,3728.8,4,0.1,0.85053928,1289.4,39.7,0.10333797
221.1,3729.2,-7,0.4,0.82452612,1289.4,39.7,0.10333797
220.1,3729.4,-1,0.2,0.82084094,1289.5,39.7,0.10326843
227.1,3729.4,7,0,0.84694674,1289.6,39.7,0.10319889
218.1,3729.9,-9,0.5,0.81349119,1289.6,39.7,0.10319889
227.1,3729.7,9,-0.2,0.84701487,1289.7,39.7,0.10312935
215.2,3730.3,-11.9,0.6,0.80276056,1289.7,39.7,0.10312935
220.1,3730.3,4.9,0,0.82103903,1289.8,39.7,0.10305981
909,3708.4,688.9,-21.9,3.3709356,1290.1,39.7,0.10285118
911.1,3707.4,2.1,-1,3.3778121,1290.3,39.7,0.1027121
912.1,3706.6,1,-0.8,3.3807899,1290.6,39.7,0.10250348
916.1,3705.7,4,-0.9,3.3947918,1290.8,39.7,0.10236439
913.2,3705.2,-2.9,-0.5,3.3835886,1291.1,39.7,0.10215577
984.1,3702.4,70.9,-2.8,3.6435318,1291.3,39.7,0.10201669
1050.1,3699.7,66,-2.7,3.885055,1291.6,39.7,0.10180807
1050.1,3699,0,-0.7,3.8843199,1291.9,39.7,0.10159944
1051.1,3698.4,1,-0.6,3.8873882,1292.2,39.8,0.10139082
1048.2,3697.9,-2.9,-0.5,3.8761388,1292.5,39.8,0.1011822
2615,3647.4,1566.8,-50.5,9.537951,1293.2,39.8,0.10069541
2620.2,3644.4,5.2,-3,9.5490569,1294,39.8,0.10013908
2627.2,3641.8,7,-2.6,9.567737,1294.7,39.8,0.099652295
2618.2,3639.9,-9,-1.9,9.5299862,1295.4,39.8,0.099165508
1926.1,3659.9,-692.1,20,7.0493334,1296,39.8,0.098748261
1231.2,3681.3,-694.9,21.4,4.5324166,1296.3,39.8,0.098539638
1232.1,3681.4,0.9,0.1,4.5358529,1296.6,39.8,0.098331015
1224.1,3681.5,-8,0.1,4.5065241,1297,39.8,0.098052851
1232.1,3681.1,8,-0.4,4.5354833,1297.3,39.8,0.097844228
582.1,3701.6,-650,20.5,2.1547014,1297.5,39.8,0.097705146
-73,3723.6,-655.1,22,-0.2718228,1297.5,39.8,0.097705146
-63,3724.9,10,1.3,-0.2346687,1297.4,39.8,0.097774687
-66,3726.3,-3,1.4,-0.2459358,1297.4,39.8,0.097774687
-65,3727.4,1,1.1,-0.242281,1297.4,39.8,0.097774687
-69,3728.5,-4,1.1,-0.2572665,1297.4,39.8,0.097774687
-68,3729.4,1,0.9,-0.2535992,1297.4,39.8,0.097774687
-69,3730.3,-1,0.9,-0.2573907,1297.4,39.8,0.097774687
-64,3730.9,5,0.6,-0.2387776,1297.3,39.8,0.097844228
-68,3731.8,-4,0.9,-0.2537624,1297.3,39.8,0.097844228
-110.1,3733.8,-42.1,2,-0.41109138,1297.3,39.8,0.097844228
-160,3736.2,-49.9,2.4,-0.597792,1297.2,39.8,0.097913769
-157.1,3736.8,2.9,0.6,-0.58705128,1297.2,39.8,0.097913769
-156,3737.5,1.1,0.7,-0.58305,1297.2,39.8,0.097913769
-161.1,3738.3,-5.1,0.8,-0.60224013,1297.1,39.8,0.09798331
-159.1,3738.9,2,0.6,-0.59485899,1297.1,39.8,0.09798331
-155.1,3739.4,4,0.5,-0.57998094,1297,39.8,0.098052851
-408,3748.1,-252.9,8.7,-1.5292248,1296.9,39.8,0.098122392
-411,3749.2,-3,1.1,-1.5409212,1296.8,39.8,0.098191933
-408,3750,3,0.8,-1.53,1296.7,39.8,0.098261474
-412,3750.9,-4,0.9,-1.5453708,1296.6,39.8,0.098331015
-702,3761,-290,10.1,-2.640222,1296.4,39.8,0.098470097
-708,3762.5,-6,1.5,-2.66385,1296.2,39.8,0.098609179
-708,3763.6,0,1.1,-2.6646288,1296,39.8,0.098748261
293,3732.6,1001,-31,1.0936518,1296.1,39.8,0.09867872
1284.9,3700.2,991.9,-32.4,4.754387,1296.4,39.8,0.098470097
1286.1,3697.9,1.2,-2.3,4.7558692,1296.8,39.8,0.098191933
1285.1,3696.1,-1,-1.8,4.7498581,1297.1,39.8,0.09798331
-417.9,3749.2,-1703,53.1,-1.5667907,1297,39.8,0.098052851
-412,3750.5,5.9,1.3,-1.545206,1296.9,39.8,0.098122392
-416,3751.8,-4,1.3,-1.5607488,1296.8,39.8,0.098191933
-412.1,3752.6,3.9,0.8,-1.5464465,1296.7,39.8,0.098261474
-411,3753.4,1.1,0.8,-1.5426474,1296.6,39.8,0.098331015
-441,3755.2,-30,1.8,-1.6560432,1296.4,39.8,0.098470097
-439,3755.9,2,0.7,-1.6488401,1296.3,39.8,0.098539638
-436.1,3756.5,2.9,0.6,-1.6382096,1296.2,39.8,0.098609179
-440,3757.3,-3.9,0.8,-1.653212,1296.1,39.8,0.09867872
-440.1,3757.9,-0.1,0.6,-1.6538518,1295.9,39.8,0.098817803
-437,3758.5,3.1,0.6,-1.6424645,1295.8,39.8,0.098887344
-438,3759.1,-1,0.6,-1.6464858,1295.7,39.8,0.098956885
-143,3750.2,295,-8.9,-0.5362786,1295.7,39.8,0.098956885
-147.1,3750.4,-4.1,0.2,-0.55168384,1295.6,39.8,0.099026426
154,3740.8,301.1,-9.6,0.5760832,1295.7,39.8,0.098956885
158.1,3740.3,4.1,-0.5,0.59134143,1295.7,39.8,0.098956885
-404.9,3758.1,-563,17.8,-1.5216547,1295.6,39.8,0.099026426
-409.1,3759,-4.2,0.9,-1.5378069,1295.5,39.8,0.099095967
-406.1,3759.5,3,0.5,-1.5267329,1295.4,39.8,0.099165508
-402.1,3759.9,4,0.4,-1.5118558,1295.3,39.8,0.099235049
-281,3756.6,121.1,-3.3,-1.0556046,1295.2,39.8,0.09930459
-156.1,3752.9,124.9,-3.7,-0.58582769,1295.1,39.8,0.099374131
-158,3753,-1.9,0.1,-0.592974,1295.1,39.8,0.099374131
-158,3753.1,0,0.1,-0.5929898,1295,39.8,0.099443672
-155.2,3753.2,2.8,0.1,-0.58249664,1295,39.8,0.099443672
-159,3753.4,-3.8,0.2,-0.5967906,1295,39.8,0.099443672
-160,3753.6,-1,0.2,-0.600576,1294.9,39.8,0.099513213
-157.1,3753.6,2.9,0,-0.58969056,1294.9,39.8,0.099513213
-154.1,3753.7,3,0.1,-0.57844517,1294.8,39.8,0.099582754
-152,3753.8,2.1,0.1,-0.5705776,1294.8,39.8,0.099582754
2318.9,3675.2,2470.9,-78.6,8.5224213,1295.4,39.8,0.099165508
2321.1,3670.8,2.2,-4.4,8.5202939,1296.1,39.8,0.09867872
1174.2,3703.9,-1146.9,33.1,4.3491194,1296.4,39.8,0.098470097
27,3739.5,-1147.2,35.6,0.1009665,1296.4,39.8,0.098470097
25,3740.4,-2,0.9,0.09351,1296.4,39.8,0.098470097
30,3740.7,5,0.3,0.112221,1296.4,39.8,0.098470097
26,3741.1,-4,0.4,0.0972686,1296.4,39.8,0.098470097
26,3741.4,0,0.3,0.0972764,1296.4,39.8,0.098470097
30,3741.5,4,0.1,0.112245,1296.4,39.8,0.098470097
26,3741.8,-4,0.3,0.0972868,1296.5,39.8,0.098400556
28,3741.9,2,0.1,0.1047732,1296.5,39.8,0.098400556
26,3742,-2,0.1,0.097292,1296.5,39.8,0.098400556
24,3742.3,-2,0.3,0.0898152,1296.5,39.8,0.098400556
28,3742.3,4,0,0.1047844,1296.5,39.8,0.098400556
28,3742.3,0,0,0.1047844,1296.5,39.8,0.098400556
26,3742.6,-2,0.3,0.0973076,1296.5,39.8,0.098400556
27,3742.6,1,0,0.1010502,1296.5,39.8,0.098400556
29,3742.6,2,0,0.1085354,1296.5,39.8,0.098400556
28,3742.7,-1,0.1,0.1047956,1296.5,39.8,0.098400556
26,3742.9,-2,0.2,0.0973154,1296.5,39.8,0.098400556
28,3742.9,2,0,0.1048012,1296.5,39.8,0.098400556
27,3743,-1,0.1,0.101061,1296.5,39.8,0.098400556
29,3743,2,0,0.108547,1296.6,39.8,0.098331015
25,3743.2,-4,0.2,0.09358,1296.6,39.8,0.098331015
28,3743.2,3,0,0.1048096,1296.6,39.8,0.098331015
25,3743.3,-3,0.1,0.0935825,1296.6,39.8,0.098331015
24,3743.4,-1,0.1,0.0898416,1296.6,39.8,0.098331015
29,3743.3,5,-0.1,0.1085557,1296.6,39.8,0.098331015
30,3743.3,1,0,0.112299,1296.6,39.8,0.098331015
24,3743.6,-6,0.3,0.0898464,1296.6,39.8,0.098331015
28,3743.5,4,-0.1,0.104818,1296.6,39.8,0.098331015
32,3743.4,4,-0.1,0.1197888,1296.6,39.8,0.098331015
27,3743.6,-5,0.2,0.1010772,1296.6,39.8,0.098331015
28,3743.6,1,0,0.1048208,1296.6,39.8,0.098331015
30,3743.6,2,0,0.112308,1296.6,39.8,0.098331015
33,3743.6,3,0,0.1235388,1296.7,39.8,0.098261474
26,3743.8,-7,0.2,0.0973388,1296.7,39.8,0.098261474
27,3743.9,1,0.1,0.1010853,1296.7,39.8,0.098261474
31,3743.8,4,-0.1,0.1160578,1296.7,39.8,0.098261474
30,3743.8,-1,0,0.112314,1296.7,39.8,0.098261474
30,3743.9,0,0.1,0.112317,1296.7,39.8,0.098261474
20,3744.2,-10,0.3,0.074884,1296.7,39.8,0.098261474
25,3744.1,5,-0.1,0.0936025,1296.7,39.8,0.098261474
29,3744,4,-0.1,0.108576,1296.7,39.8,0.098261474
32,3744,3,0,0.119808,1296.7,39.8,0.098261474
27,3744.1,-5,0.1,0.1010907,1296.7,39.8,0.098261474
32,3744,5,-0.1,0.119808,1296.7,39.8,0.098261474
28,3744.2,-4,0.2,0.1048376,1296.7,39.8,0.098261474
25,3744.3,-3,0.1,0.0936075,1296.8,39.8,0.098191933
27,3744.3,2,0,0.1010961,1296.8,39.8,0.098191933
30,3744.2,3,-0.1,0.112326,1296.8,39.8,0.098191933
24,3744.4,-6,0.2,0.0898656,1296.8,39.8,0.098191933
22,3744.5,-2,0.1,0.082379,1296.8,39.8,0.098191933
26,3744.4,4,-0.1,0.0973544,1296.8,39.8,0.098191933
29,3744.4,3,0,0.1085876,1296.8,39.8,0.098191933
24,3744.6,-5,0.2,0.0898704,1296.8,39.8,0.098191933
27,3744.5,3,-0.1,0.1011015,1296.8,39.8,0.098191933
28,3744.5,1,0,0.104846,1296.8,39.8,0.098191933
28,3744.5,0,0,0.104846,1296.8,39.8,0.098191933
26,3744.6,-2,0.1,0.0973596,1296.8,39.8,0.098191933
29,3744.5,3,-0.1,0.1085905,1296.8,39.8,0.098191933
25,3744.7,-4,0.2,0.0936175,1296.9,39.8,0.098122392
26,3744.7,1,0,0.0973622,1296.9,39.8,0.098122392
24,3744.8,-2,0.1,0.0898752,1296.9,39.8,0.098122392
29,3744.6,5,-0.2,0.1085934,1296.9,39.8,0.098122392
27,3744.7,-2,0.1,0.1011069,1296.9,39.8,0.098122392
31,3744.5,4,-0.2,0.1160795,1296.9,39.8,0.098122392
24,3744.9,-7,0.4,0.0898776,1296.9,39.8,0.098122392
26,3744.8,2,-0.1,0.0973648,1296.9,39.8,0.098122392
29,3744.7,3,-0.1,0.1085963,1296.9,39.8,0.098122392
26,3744.8,-3,0.1,0.0973648,1296.9,39.8,0.098122392
27,3744.8,1,0,0.1011096,1296.9,39.8,0.098122392
25,3744.8,-2,0,0.09362,1296.9,39.8,0.098122392
895,3717.1,870,-27.7,3.3268045,1297.2,39.8,0.097913769
1772,3687.6,877,-29.5,6.5344272,1297.7,39.8,0.097566064
1767.1,3685,-4.9,-2.6,6.5117635,1298.2,39.8,0.097218359
1769.1,3682.6,2,-2.4,6.5148877,1298.7,39.8,0.096870654
1767.1,3680.5,-2,-2.1,6.5038115,1299.1,39.8,0.09659249
1767.1,3678.6,0,-1.9,6.5004541,1299.6,39.8,0.096244784
1764.1,3676.9,-3,-1.7,6.4864193,1300.1,39.8,0.095897079
346.1,3720.6,-1418,43.7,1.2876997,1300.2,39.8,0.095827538
342.1,3721.5,-4,0.9,1.2731252,1300.3,39.8,0.095757997
343.1,3722,1,0.5,1.2770182,1300.4,39.8,0.095688456
337.1,3722.4,-6,0.4,1.254821,1300.5,39.8,0.095618915
342.1,3722.5,5,0.1,1.2734673,1300.6,39.8,0.095549374
340.1,3722.7,-2,0.2,1.2660903,1300.7,39.8,0.095479833
31,3732.7,-309.1,10,0.1157137,1300.7,39.8,0.095479833
33,3733.2,2,0.5,0.1231956,1300.7,39.8,0.095479833
584.1,3716.1,551.1,-17.1,2.170574,1300.9,39.8,0.095340751
583.1,3715.6,-1,-0.5,2.1665664,1301,39.8,0.09527121
581.1,3715.3,-2,-0.3,2.1589608,1301.2,39.8,0.095132128
583.1,3714.9,2,-0.4,2.1661582,1301.4,39.8,0.094993046
580.1,3714.6,-3,-0.3,2.1548395,1301.5,39.8,0.094923505
586.1,3714.2,6,-0.4,2.1768926,1301.7,39.8,0.094784423
578.1,3714.2,-8,0,2.147179,1301.8,39.8,0.094714882
2020.9,3667.7,1442.8,-46.5,7.4120549,1302.4,39.8,0.094297636
2023,3665,2.1,-2.7,7.414295,1303,39.8,0.093880389
2024.1,3662.8,1.1,-2.2,7.4138735,1303.5,39.8,0.093532684
2023.1,3661,-1,-1.8,7.4065691,1304.1,39.8,0.093115438
2020.1,3659.3,-3,-1.7,7.3921519,1304.7,39.8,0.092698192
2017.1,3657.7,-3,-1.6,7.3779467,1305.2,39.8,0.092350487
2019.1,3656.2,2,-1.5,7.3822334,1305.8,39.8,0.091933241
2022,3654.6,2.9,-1.6,7.3896012,1306.3,39.8,0.091585535
2020,3653.2,-2,-1.4,7.379464,1306.9,39.8,0.091168289
1861.1,3657,-158.9,3.8,6.8060427,1307.4,39.8,0.090820584
1700.1,3661,-161,4,6.2240661,1307.9,39.8,0.090472879
1702.1,3660.1,2,-0.9,6.2298562,1308.4,39.8,0.090125174
-319.1,3724.4,-2021.2,64.3,-1.188456,1308.3,39.8,0.090194715
-321.1,3727.1,-2,2.7,-1.1967718,1308.2,39.8,0.090264256
-321,3729.1,0.1,2,-1.1970411,1308.1,39.8,0.090333797
-321,3730.8,0,1.7,-1.1975868,1308,39.8,0.090403338
-322,3732.2,-1,1.4,-1.2017684,1307.9,39.8,0.090472879
-316,3733.3,6,1.1,-1.1797228,1307.8,39.8,0.09054242
-326,3734.8,-10,1.5,-1.2175448,1307.7,39.8,0.090611961
-317,3735.7,9,0.9,-1.1842169,1307.6,39.8,0.090681502
-131.1,3730.7,185.9,-5,-0.48909477,1307.6,39.8,0.090681502
-129.1,3731.3,2,0.6,-0.48171083,1307.6,39.8,0.090681502
-158.1,3732.9,-29,1.6,-0.59017149,1307.5,39.8,0.090751043
-183.1,3734.4,-25,1.5,-0.68376864,1307.5,39.8,0.090751043
-186.1,3735.2,-3,0.8,-0.69512072,1307.4,39.8,0.090820584
986.1,3698.2,1172.2,-37,3.646795,1307.7,39.8,0.090611961
2153,3659.2,1166.9,-39,7.8782576,1308.3,39.8,0.090194715
2154,3655.9,1,-3.3,7.8748086,1308.9,39.8,0.089777469
2161.1,3653,7.1,-2.9,7.8944983,1309.5,39.8,0.089360223
2159.1,3650.7,-2,-2.3,7.8822264,1310.1,39.8,0.088942976
2161.2,3648.6,2.1,-2.1,7.8853543,1310.7,39.8,0.08852573
2154.1,3646.9,-7.1,-1.7,7.8557873,1311.3,39.8,0.088108484
2158.1,3644.9,4,-2,7.8660587,1311.9,39.8,0.087691238
2158.1,3643.2,0,-1.7,7.8623899,1312.5,39.8,0.087273992
2158.1,3641.6,0,-1.6,7.858937,1313.1,39.8,0.086856745
732.2,3685.9,-1425.9,44.3,2.698816,1313.3,39.8,0.086717663
732.1,3686.8,-0.1,0.9,2.6991063,1313.5,39.8,0.086578581
724.2,3687.6,-7.9,0.8,2.6705599,1313.7,39.8,0.086439499
727.2,3687.9,3,0.3,2.6818409,1313.9,39.8,0.086300417
726.1,3688.2,-1.1,0.3,2.678002,1314.1,39.8,0.086161335
2042,3645.9,1315.9,-42.3,7.4449278,1314.7,39.8,0.085744089
2044,3643.7,2,-2.2,7.4477228,1315.2,39.8,0.085396384
2047.1,3641.8,3.1,-1.9,7.4551288,1315.8,39.8,0.084979138
2043,3640.2,-4.1,-1.6,7.4369286,1316.4,39.8,0.084561892
2042.1,3638.7,-0.9,-1.5,7.4305893,1316.9,39.8,0.084214186
2046,3637.1,3.9,-1.6,7.4415066,1317.5,39.8,0.08379694
2047.1,3635.6,1.1,-1.5,7.4424368,1318.1,39.8,0.083379694
2046,3634.3,-1.1,-1.3,7.4357778,1318.7,39.8,0.082962448
2042.1,3633,-3.9,-1.3,7.4189493,1319.2,39.8,0.082614743
2048.1,3631.5,6,-1.5,7.4376751,1319.8,39.8,0.082197497
217.2,3689.5,-1830.9,58,0.8013594,1319.8,39.8,0.082197497
218.1,3691.6,0.9,2.1,0.80513796,1319.9,39.8,0.082127955
218.1,3693.2,0,1.6,0.80548692,1320,39.8,0.082058414
218.1,3694.5,0,1.3,0.80577045,1320,39.8,0.082058414
216.1,3695.6,-2,1.1,0.79861916,1320.1,39.8,0.081988873
432,3689.6,215.9,-6,1.5939072,1320.2,39.8,0.081919332
437.1,3690,5.1,0.4,1.612899,1320.3,39.8,0.081849791
438.1,3690.4,1,0.4,1.6167642,1320.5,39.8,0.081710709
1076.1,3670.2,638,-20.2,3.9495022,1320.8,39.8,0.081502086
1087.2,3669,11.1,-1.2,3.9889368,1321.1,39.8,0.081293463
9,3703.3,-1078.2,34.3,0.0333297,1321.1,39.8,0.081293463
15,3704.6,6,1.3,0.055569,1321.1,39.8,0.081293463
9,3706,-6,1.4,0.033354,1321.1,39.9,0.081293463
10,3707,1,1,0.03707,1321.1,39.9,0.081293463
13,3707.8,3,0.8,0.0482014,1321.1,39.9,0.081293463
5,3709,-8,1.2,0.018545,1321.1,39.9,0.081293463
13,3709.5,8,0.5,0.0482235,1321.1,39.9,0.081293463
98,3707.6,85,-1.9,0.3633448,1321.1,39.9,0.081293463
187.2,3705.2,89.2,-2.4,0.69361344,1321.2,39.9,0.081223922
191.1,3705.5,3.9,0.3,0.70812105,1321.2,39.9,0.081223922
186.1,3706,-5,0.5,0.6896866,1321.3,39.9,0.081154381
-105,3716,-291.1,10,-0.39018,1321.2,39.9,0.081223922
-401.9,3726.5,-296.9,10.5,-1.4976803,1321.1,39.9,0.081293463
-405,3727.9,-3.1,1.4,-1.5097995,1321,39.9,0.081363004
-403,3729.1,2,1.2,-1.5028273,1320.9,39.9,0.081432545
-404,3730.3,-1,1.2,-1.5070412,1320.8,39.9,0.081502086
-402,3731.3,2,1,-1.4999826,1320.7,39.9,0.081571627
-410,3732.6,-8,1.3,-1.530366,1320.6,39.9,0.081641168
-404,3733.4,6,0.8,-1.5082936,1320.4,39.9,0.08178025
-406.9,3734.4,-2.9,1,-1.5195274,1320.3,39.9,0.081849791
381,3709.8,787.9,-24.6,1.4134338,1320.4,39.9,0.08178025
381.1,3709.2,0.1,-0.6,1.4135761,1320.5,39.9,0.081710709
383.1,3708.7,2,-0.5,1.420803,1320.6,39.9,0.081641168
382.2,3708.4,-0.9,-0.3,1.4173505,1320.8,39.9,0.081502086
383.1,3708.1,0.9,-0.3,1.4205731,1320.9,39.9,0.081432545
376.2,3708.1,-6.9,0,1.3949872,1321,39.9,0.081363004
374.1,3708,-2.1,-0.1,1.3871628,1321.1,39.9,0.081293463
-91,3722.9,-465.1,14.9,-0.3387839,1321,39.9,0.081363004
-566.1,3739,-475.1,16.1,-2.1166479,1320.9,39.9,0.081432545
-567,3740.5,-0.9,1.5,-2.1208635,1320.7,39.9,0.081571627
-565,3741.7,2,1.2,-2.1140605,1320.6,39.9,0.081641168
-566,3742.9,-1,1.2,-2.1184814,1320.4,39.9,0.08178025
-265,3734.3,301,-8.6,-0.9895895,1320.3,39.9,0.081849791
-257.1,3734.5,7.9,0.2,-0.96013995,1320.3,39.9,0.081849791
-261,3735.1,-3.9,0.6,-0.9748611,1320.2,39.9,0.081919332
-258.1,3735.5,2.9,0.4,-0.96413255,1320.1,39.9,0.081988873
1322,3685.1,1580.1,-50.4,4.8717022,1320.5,39.9,0.081710709
1324.1,3682.5,2.1,-2.6,4.8759983,1320.9,39.9,0.081432545
1319.1,3680.6,-5,-1.9,4.8550795,1321.2,39.9,0.081223922
1323.1,3678.7,4,-1.9,4.867288,1321.6,39.9,0.080945758
1324.1,3677,1,-1.7,4.8687157,1322,39.9,0.080667594
1321.2,3675.6,-2.9,-1.4,4.8562027,1322.3,39.9,0.080458971
1320.1,3674.2,-1.1,-1.4,4.8503114,1322.7,39.9,0.080180807
-223.1,3722.7,-1543.2,48.5,-0.83053437,1322.6,39.9,0.080250348
-222.1,3724.2,1,1.5,-0.82714482,1322.6,39.9,0.080250348
-219.1,3725.4,3,1.2,-0.81623514,1322.5,39.9,0.080319889
-224.1,3726.5,-5,1.1,-0.83510865,1322.5,39.9,0.080319889
-217.2,3727.2,6.9,0.7,-0.80954784,1322.4,39.9,0.08038943
-223.1,3728.2,-5.9,1,-0.83176142,1322.3,39.9,0.080458971
-224,3728.9,-0.9,0.7,-0.8352736,1322.3,39.9,0.080458971
526,3705.4,750,-23.5,1.9490404,1322.4,39.9,0.08038943
520.1,3704.7,-5.9,-0.7,1.9268145,1322.6,39.9,0.080250348
527.1,3703.9,7,-0.8,1.9523257,1322.7,39.9,0.080180807
526.1,3703.4,-1,-0.5,1.9483587,1322.8,39.9,0.080111266
528,3702.9,1.9,-0.5,1.9551312,1323,39.9,0.079972184
527.1,3702.5,-0.9,-0.4,1.9515878,1323.1,39.9,0.079902643
523.2,3702.3,-3.9,-0.2,1.9370434,1323.3,39.9,0.079763561
515.1,3702.2,-8.1,-0.1,1.9070032,1323.4,39.9,0.079694019
525,3701.6,9.9,-0.6,1.94334,1323.6,39.9,0.079554937
-276,3727.2,-801,25.6,-1.0287072,1323.5,39.9,0.079624478
-273.1,3728.3,2.9,1.1,-1.0181987,1323.4,39.9,0.079694019
-276.1,3729.3,-3,1,-1.0296597,1323.3,39.9,0.079763561
-276.1,3730.2,0,0.9,-1.0299082,1323.3,39.9,0.079763561
-268,3730.7,8.1,0.5,-0.9998276,1323.2,39.9,0.079833102
-269,3731.5,-1,0.8,-1.0037735,1323.1,39.9,0.079902643
-272,3732.2,-3,0.7,-1.0151584,1323,39.9,0.079972184
-271.1,3732.8,0.9,0.6,-1.0119621,1323,39.9,0.079972184
693.1,3702.3,964.2,-30.5,2.5660641,1323.2,39.9,0.079833102
691.1,3701.1,-2,-1.2,2.5578302,1323.4,39.9,0.079694019
692.1,3700,1,-1.1,2.56077,1323.5,39.9,0.079624478
698.1,3699,6,-1,2.5822719,1323.7,39.9,0.079485396
691.1,3698.5,-7,-0.5,2.5560334,1323.9,39.9,0.079346314
554.1,3702.2,-137,3.7,2.051389,1324.1,39.9,0.079207232
558.1,3701.6,4,-0.6,2.065863,1324.2,39.9,0.079137691
558.1,3701.3,0,-0.3,2.0656955,1324.4,39.9,0.078998609
555.1,3700.9,-3,-0.4,2.0543696,1324.6,39.8,0.078859527
559.2,3700.4,4.1,-0.5,2.0692637,1324.7,39.8,0.078789986
560.1,3700,0.9,-0.4,2.07237,1324.9,39.8,0.078650904
552.1,3699.9,-8,-0.1,2.0427148,1325,39.8,0.078581363
560.1,3699.3,8,-0.6,2.0719779,1325.2,39.8,0.078442281
560.1,3698.9,0,-0.4,2.0717539,1325.3,39.8,0.07837274
563,3698.5,2.9,-0.4,2.0822555,1325.5,39.8,0.078233658
2430.1,3638,1867.1,-60.5,8.8407038,1326.2,39.8,0.077746871
2433.1,3634,3,-4,8.8418854,1326.8,39.8,0.077329624
2434.1,3630.7,1,-3.3,8.8374869,1327.5,39.8,0.076842837
2432.1,3627.7,-2,-3,8.8229292,1328.2,39.8,0.07635605
2434.1,3624.9,2,-2.8,8.8233691,1328.9,39.8,0.075869263
2429.1,3622.4,-5,-2.5,8.7991718,1329.5,39.8,0.075452017
2430.1,3619.8,1,-2.6,8.796476,1330.2,39.8,0.074965229
2430.1,3617.3,0,-2.5,8.7904007,1330.9,39.9,0.074478442
2431.1,3614.9,1,-2.4,8.7881834,1331.6,39.9,0.073991655
2431.1,3612.5,0,-2.4,8.7823487,1332.2,39.9,0.073574409
2051.2,3622.5,-379.9,10,7.430472,1332.8,39.9,0.073157163
2049.1,3621,-2.1,-1.5,7.4197911,1333.4,39.9,0.072739917
835.2,3659,-1213.9,38,3.0559968,1333.6,39.9,0.072600834
838.1,3659.7,2.9,0.7,3.0671946,1333.8,39.9,0.072461752
837.1,3660.1,-1,0.4,3.0638697,1334.1,39.9,0.072253129
830.1,3660.6,-7,0.5,3.0386641,1334.3,39.9,0.072114047
830.1,3660.7,0,0.1,3.0387471,1334.5,39.9,0.071974965
834.1,3660.7,4,0,3.0533899,1334.8,39.9,0.071766342
1399,3642.3,564.9,-18.4,5.0955777,1335.2,39.9,0.071488178
1400.1,3641,1.1,-1.3,5.0977641,1335.5,39.9,0.071279555
1397.1,3640.1,-3,-0.9,5.0855837,1335.9,39.9,0.071001391
1399.1,3639,2,-1.1,5.0913249,1336.3,39.9,0.070723227
1529.1,3633.8,130,-5.2,5.5564436,1336.7,39.9,0.070445063
1527.1,3632.6,-2,-1.2,5.5473435,1337.2,39.9,0.070097357
-583,3700.5,-2110.1,67.9,-2.1573915,1337,39.9,0.070236439
-578.1,3703.5,4.9,3,-2.1409934,1336.8,39.9,0.070375522
-584.1,3706.2,-6,2.7,-2.1647914,1336.7,39.9,0.070445063
-579.1,3708.2,5,2,-2.1474186,1336.5,39.9,0.070584145
-584.1,3710.4,-5,2.2,-2.1672446,1336.4,39.9,0.070653686
1533,3643.4,2117.1,-67,5.5853322,1336.8,39.9,0.070375522
1538.1,3640.5,5.1,-2.9,5.599453,1337.2,39.9,0.070097357
1533.2,3638.6,-4.9,-1.9,5.5787015,1337.6,39.9,0.069819193
1536.1,3636.7,2.9,-1.9,5.5863349,1338.1,39.9,0.069471488
1536.1,3635.1,0,-1.6,5.5838771,1338.5,39.9,0.069193324
1535.1,3633.6,-1,-1.5,5.5779394,1338.9,39.9,0.06891516
1535.1,3632.2,0,-1.4,5.5757902,1339.3,39.9,0.068636996
1158.2,3643.1,-376.9,10.9,4.2194384,1339.7,39.9,0.068358832
1158.1,3642.5,-0.1,-0.6,4.2183792,1340,39.9,0.068150209
588.1,3660.4,-570,17.9,2.1526812,1340.2,39.9,0.068011127
20,3679.5,-568.1,19.1,0.07359,1340.2,39.9,0.068011127
25,3680.8,5,1.3,0.09202,1340.2,39.9,0.068011127
19,3682.2,-6,1.4,0.0699618,1340.2,39.9,0.068011127
20,3683.2,1,1,0.073664,1340.2,39.9,0.068011127
26,3683.9,6,0.7,0.0957814,1340.2,39.9,0.068011127
23,3684.9,-3,1,0.0847527,1340.2,39.9,0.068011127
23,3685.7,0,0.8,0.0847711,1340.2,39.9,0.068011127
20,3686.6,-3,0.9,0.073732,1340.2,39.9,0.068011127
21,3687.2,1,0.6,0.0774312,1340.2,39.9,0.068011127
25,3687.8,4,0.6,0.092195,1340.2,39.9,0.068011127
19,3688.6,-6,0.8,0.0700834,1340.2,39.9,0.068011127
22,3689,3,0.4,0.081158,1340.2,39.9,0.068011127
19,3689.7,-3,0.7,0.0701043,1340.2,39.9,0.068011127
21,3690.1,2,0.4,0.0774921,1340.2,39.9,0.068011127
30,3690.4,9,0.3,0.110712,1340.2,39.9,0.068011127
26,3691,-4,0.6,0.095966,1340.3,39.9,0.067941586
25,3691.5,-1,0.5,0.0922875,1340.3,39.9,0.067941586
21,3692,-4,0.5,0.077532,1340.3,39.9,0.067941586
22,3692.5,1,0.5,0.081235,1340.3,39.9,0.067941586
23,3692.9,1,0.4,0.0849367,1340.3,39.9,0.067941586
16,3693.5,-7,0.6,0.059096,1340.3,39.9,0.067941586
24,3693.6,8,0.1,0.0886464,1340.3,39.9,0.067941586
26,3694,2,0.4,0.096044,1340.3,39.9,0.067941586
21,3694.5,-5,0.5,0.0775845,1340.3,39.9,0.067941586
18,3694.9,-3,0.4,0.0665082,1340.3,39.9,0.067941586
28,3694.9,10,0,0.1034572,1340.3,39.9,0.067941586
19,3695.5,-9,0.6,0.0702145,1340.3,39.9,0.067941586
22,3695.8,3,0.3,0.0813076,1340.3,39.9,0.067941586
21,3696.1,-1,0.3,0.0776181,1340.3,39.9,0.067941586
22,3696.3,1,0.2,0.0813186,1340.3,39.9,0.067941586
18,3696.8,-4,0.5,0.0665424,1340.3,39.9,0.067941586
21,3697,3,0.2,0.077637,1340.3,39.9,0.067941586
17,3697.3,-4,0.3,0.0628541,1340.4,39.9,0.067872045
16,3697.7,-1,0.4,0.0591632,1340.4,39.9,0.067872045
19,3697.8,3,0.1,0.0702582,1340.4,39.9,0.067872045
21,3698,2,0.2,0.077658,1340.4,39.9,0.067872045
23,3698.1,2,0.1,0.0850563,1340.4,39.9,0.067872045
21,3698.4,-2,0.3,0.0776664,1340.4,39.9,0.067872045
19,3698.7,-2,0.3,0.0702753,1340.4,39.9,0.067872045
17,3699,-2,0.3,0.062883,1340.4,39.9,0.067872045
19,3699.1,2,0.1,0.0702829,1340.4,39.9,0.067872045
22,3699.2,3,0.1,0.0813824,1340.4,39.9,0.067872045
26,3699.3,4,0.1,0.0961818,1340.4,39.9,0.067872045
18,3699.7,-8,0.4,0.0665946,1340.4,39.9,0.067872045
27,3699.6,9,-0.1,0.0998892,1340.4,39.9,0.067872045
22,3699.9,-5,0.3,0.0813978,1340.4,39.9,0.067872045
22,3700.1,0,0.2,0.0814022,1340.4,39.9,0.067872045
17,3700.4,-5,0.3,0.0629068,1340.4,39.9,0.067872045
20,3700.6,3,0.2,0.074012,1340.4,39.9,0.067872045
20,3700.7,0,0.1,0.074014,1340.5,39.9,0.067802503
20,3700.8,0,0.1,0.074016,1340.5,39.9,0.067802503
21,3700.9,1,0.1,0.0777189,1340.5,39.9,0.067802503
23,3701,2,0.1,0.085123,1340.5,39.9,0.067802503
26,3701,3,0,0.096226,1340.5,39.9,0.067802503
20,3701.4,-6,0.4,0.074028,1340.5,39.9,0.067802503
20,3701.5,0,0.1,0.07403,1340.5,39.9,0.067802503
23,3701.5,3,0,0.0851345,1340.5,39.9,0.067802503
20,3701.8,-3,0.3,0.074036,1340.5,39.9,0.067802503
19,3701.9,-1,0.1,0.0703361,1340.5,39.9,0.067802503
23,3701.9,4,0,0.0851437,1340.5,39.9,0.067802503
21,3702,-2,0.1,0.077742,1340.5,39.9,0.067802503
27,3702,6,0,0.099954,1340.5,39.9,0.067802503
22,3702.2,-5,0.2,0.0814484,1340.5,39.9,0.067802503
23,3702.3,1,0.1,0.0851529,1340.5,39.9,0.067802503
17,3702.6,-6,0.3,0.0629442,1340.5,39.9,0.067802503
29,3702.3,12,-0.3,0.1073667,1340.5,39.9,0.067802503
26,3702.5,-3,0.2,0.096265,1340.6,39.9,0.067732962
18,3702.9,-8,0.4,0.0666522,1340.6,39.9,0.067732962
22,3702.8,4,-0.1,0.0814616,1340.6,39.9,0.067732962
22,3702.9,0,0.1,0.0814638,1340.6,39.9,0.067732962
22,3703,0,0.1,0.081466,1340.6,39.9,0.067732962
22,3703.1,0,0.1,0.0814682,1340.6,39.9,0.067732962
23,3703.1,1,0,0.0851713,1340.6,39.9,0.067732962
22,3703.2,-1,0.1,0.0814704,1340.6,39.9,0.067732962
20,3703.3,-2,0.1,0.074066,1340.6,39.9,0.067732962
23,3703.3,3,0,0.0851759,1340.6,39.9,0.067732962
25,3703.4,2,0.1,0.092585,1340.6,39.9,0.067732962
19,3703.6,-6,0.2,0.0703684,1340.6,39.9,0.067732962
15,3703.8,-4,0.2,0.055557,1340.6,39.9,0.067732962
26,3703.5,11,-0.3,0.096291,1340.6,39.9,0.067732962
21,3703.7,-5,0.2,0.0777777,1340.6,39.9,0.067732962
19,3703.9,-2,0.2,0.0703741,1340.6,39.9,0.067732962
18,3704,-1,0.1,0.066672,1340.7,39.9,0.067663421
19,3704,1,0,0.070376,1340.7,39.9,0.067663421
20,3704.1,1,0.1,0.074082,1340.7,39.9,0.067663421
24,3704,4,-0.1,0.088896,1340.7,39.9,0.067663421
25,3704,1,0,0.0926,1340.7,39.9,0.067663421
26,3704,1,0,0.096304,1340.7,39.9,0.067663421
19,3704.3,-7,0.3,0.0703817,1340.7,39.9,0.067663421
26,3704.1,7,-0.2,0.0963066,1340.7,39.9,0.067663421
25,3704.2,-1,0.1,0.092605,1340.7,39.9,0.067663421
21,3704.4,-4,0.2,0.0777924,1340.7,39.9,0.067663421
19,3704.5,-2,0.1,0.0703855,1340.7,39.9,0.067663421
24,3704.4,5,-0.1,0.0889056,1340.7,39.9,0.067663421
-433,3719.4,-457,15,-1.6105002,1340.6,39.9,0.067732962
-437.1,3720.5,-4.1,1.1,-1.6262305,1340.5,39.9,0.067802503
-434,3721.3,3.1,0.8,-1.6150442,1340.4,39.9,0.067872045
-433,3722,1,0.7,-1.611626,1340.2,39.9,0.068011127
-432,3722.7,1,0.7,-1.6082064,1340.1,39.9,0.068080668
-430,3723.3,2,0.6,-1.601019,1340,39.9,0.068150209
-439,3724.3,-9,1,-1.6349677,1339.9,39.9,0.06821975
-443,3725.1,-4,0.8,-1.6502193,1339.8,39.9,0.068289291
-434.1,3725.4,8.9,0.3,-1.6171961,1339.6,39.9,0.068428373
793.1,3686.1,1227.2,-39.3,2.9234459,1339.9,39.9,0.06821975
2025,3644.2,1231.9,-41.9,7.379505,1340.4,39.9,0.067872045
2019.1,3640.1,-5.9,-4.1,7.3497259,1341,39.9,0.067454798
2023.1,3636.5,4,-3.6,7.3570031,1341.5,39.9,0.067107093
2015.1,3633.4,-8,-3.1,7.3216643,1342.1,39.9,0.066689847
2017.1,3630.2,2,-3.2,7.3224764,1342.7,39.9,0.066272601
2023.1,3627.1,6,-3.1,7.337986,1343.2,39.9,0.065924896
2025.1,3624.2,2,-2.9,7.3393674,1343.8,39.9,0.06550765
2023.1,3621.5,-2,-2.7,7.3266567,1344.3,39.9,0.065159944
2023.1,3618.7,0,-2.8,7.320992,1344.9,39.9,0.064742698
1998.1,3617,-25,-1.7,7.2271277,1345.5,39.9,0.064325452
2000.1,3614.4,2,-2.6,7.2291614,1346,39.9,0.063977747
1999.1,3611.9,-1,-2.5,7.2205493,1346.6,39.9,0.063560501
2001.1,3609.4,2,-2.5,7.2227703,1347.1,39.9,0.063212796
1996.2,3607.1,-4.9,-2.3,7.200493,1347.7,39.9,0.062795549
1991.1,3604.9,-5.1,-2.2,7.1777164,1348.2,39.9,0.062447844
1871.2,3606.4,-119.9,1.5,6.7482957,1348.8,39.9,0.062030598
1753.1,3608.2,-118.1,1.8,6.3255354,1349.2,39.9,0.061752434
1754.1,3606.4,1,-1.8,6.3259862,1349.7,39.9,0.061404729
1753.1,3604.6,-1,-1.8,6.3192243,1350.2,39.9,0.061057024
1753.1,3602.7,0,-1.9,6.3158934,1350.7,39.9,0.060709318
840.2,3630.9,-912.9,28.2,3.0506822,1350.9,39.9,0.060570236
841.1,3631,0.9,0.1,3.0540341,1351.2,39.9,0.060361613
838.2,3631,-2.9,0,3.0435042,1351.4,39.9,0.060222531
839.1,3630.8,0.9,-0.2,3.0466043,1351.6,39.9,0.060083449
838.1,3630.5,-1,-0.3,3.0427221,1351.9,39.9,0.059874826
640.2,3636.6,-197.9,6.1,2.3281513,1352,39.9,0.059805285
641.1,3636.7,0.9,0.1,2.3314884,1352.2,39.9,0.059666203
642.1,3636.5,1,-0.2,2.3349966,1352.4,39.9,0.059527121
643.2,3636.4,1.1,-0.1,2.3389325,1352.6,39.9,0.059388039
646.1,3636.1,2.9,-0.3,2.3492842,1352.8,39.9,0.059248957
1995,3591.4,1348.9,-44.7,7.164843,1353.3,39.9,0.058901252
1998,3588,3,-3.4,7.168824,1353.9,39.9,0.058484006
-473,3666.8,-2471,78.8,-1.7343964,1353.7,39.9,0.058623088
-477.1,3669.8,-4.1,3,-1.7508616,1353.6,39.9,0.058692629
-477.1,3672.1,0,2.3,-1.7519589,1353.5,39.9,0.05876217
-470.1,3673.8,7,1.7,-1.7270534,1353.3,39.9,0.058901252
-475,3675.6,-4.9,1.8,-1.74591,1353.2,39.9,0.058970793
-473,3677.2,2,1.6,-1.7393156,1353.1,39.9,0.059040334
-478,3678.8,-5,1.6,-1.7584664,1352.9,39.9,0.059179416
-478,3680.2,0,1.4,-1.7591356,1352.8,39.9,0.059248957
-478,3681.5,0,1.3,-1.759757,1352.7,39.9,0.059318498
-470.1,3682.5,7.9,1,-1.7311433,1352.6,39.9,0.059388039
-167.1,3673.8,303,-8.7,-0.61389198,1352.5,39.9,0.05945758
-169.1,3674.4,-2,0.6,-0.62134104,1352.5,39.9,0.05945758
-166.1,3674.8,3,0.4,-0.61038428,1352.4,39.9,0.059527121
-169,3675.5,-2.9,0.7,-0.6211595,1352.4,39.9,0.059527121
-167,3676,2,0.5,-0.613892,1352.3,39.9,0.059596662
-172,3676.6,-5,0.6,-0.6323752,1352.3,39.9,0.059596662
-167.1,3677.1,4.9,0.5,-0.61444341,1352.2,39.9,0.059666203
-176.1,3677.9,-9,0.8,-0.64767819,1352.2,39.9,0.059666203
-170.1,3678.2,6,0.3,-0.62566182,1352.1,39.9,0.059735744
-168.1,3678.7,2,0.5,-0.61838947,1352.1,39.9,0.059735744
-382.1,3686.2,-214,7.5,-1.408497,1352,39.9,0.059805285
-383.1,3687.2,-1,1,-1.4125663,1351.9,39.9,0.059874826
-385,3688.1,-1.9,0.9,-1.4199185,1351.8,39.9,0.059944367
-386,3689,-1,0.9,-1.423954,1351.7,39.9,0.060013908
-391,3689.9,-5,0.9,-1.4427509,1351.5,39.9,0.06015299
-393,3690.8,-2,0.9,-1.4504844,1351.4,39.9,0.060222531
-398.1,3691.7,-5.1,0.9,-1.4696658,1351.3,39.9,0.060292072
-392,3692.3,6.1,0.6,-1.4473816,1351.2,39.9,0.060361613
-394.1,3693,-2.1,0.7,-1.4554113,1351.1,39.9,0.060431154
-159.1,3686.1,235,-6.9,-0.58645851,1351.1,39.9,0.060431154
-159.1,3686.2,0,0.1,-0.58647442,1351,39.9,0.060500695
-157.1,3686.4,2,0.2,-0.57913344,1351,39.9,0.060500695
-156.1,3686.6,1,0.2,-0.57547826,1350.9,39.9,0.060570236
-158.1,3686.9,-2,0.3,-0.58289889,1350.9,39.9,0.060570236
-162.1,3687.3,-4,0.4,-0.59771133,1350.8,39.9,0.060639777
-157.1,3687.4,5,0.1,-0.57929054,1350.8,39.9,0.060639777
-159.1,3687.7,-2,0.3,-0.58671307,1350.8,39.9,0.060639777
-156.1,3687.9,3,0.2,-0.57568119,1350.7,39.9,0.060709318
541,3665.3,697.1,-22.6,1.9829273,1350.9,39.9,0.060570236
547.1,3663.8,6.1,-1.5,2.004465,1351,39.9,0.060500695
542.1,3662.8,-5,-1,1.9856039,1351.2,39.9,0.060361613
540.1,3661.9,-2,-0.9,1.9777922,1351.3,39.9,0.060292072
545,3660.8,4.9,-1.1,1.995136,1351.5,39.9,0.06015299
2025,3611.5,1480,-49.3,7.3132875,1352,39.9,0.059805285
2029,3607.3,4,-4.2,7.3192117,1352.6,39.9,0.059388039
2027.1,3603.6,-1.9,-3.7,7.3048576,1353.2,39.9,0.058970793
2026.1,3600.2,-1,-3.4,7.2943652,1353.7,39.9,0.058623088
2025.1,3597,-1,-3.2,7.2842847,1354.3,39.9,0.058205841
2024,3593.8,-1.1,-3.2,7.2738512,1354.8,39.9,0.057858136
2025.1,3590.8,1.1,-3,7.2717291,1355.4,39.9,0.05744089
2022.1,3588,-3,-2.8,7.2552948,1356,39.9,0.057023644
2027,3584.9,4.9,-3.1,7.2665923,1356.5,39.9,0.056675939
2025.2,3582.1,-1.8,-2.8,7.2544689,1357.1,39.9,0.056258693
636.2,3625.2,-1389,43.1,2.3063522,1357.3,39.9,0.056119611
636.2,3625.7,0,0.5,2.3066703,1357.4,39.9,0.05605007
633.1,3625.9,-3.1,0.2,2.2955573,1357.6,39.9,0.055910987
638.1,3625.6,5,-0.3,2.3134954,1357.8,39.9,0.055771905
635.1,3625.5,-3,-0.1,2.3025551,1358,39.9,0.055632823
637.1,3625.1,2,-0.4,2.3095512,1358.2,39.9,0.055493741
641.1,3624.7,4,-0.4,2.3237952,1358.3,39.9,0.0554242
-1014.9,3679.1,-1656,54.4,-3.7339186,1358,39.9,0.055632823
-1016,3682.7,-1.1,3.6,-3.7416232,1357.8,39.9,0.055771905
-1006.1,3685.2,9.9,2.5,-3.7076797,1357.5,39.9,0.055980529
-1015.1,3688,-9,2.8,-3.7436888,1357.2,39.9,0.056189152
-1016,3690.4,-0.9,2.4,-3.7494464,1356.9,39.9,0.056397775
-1019.1,3692.8,-3.1,2.4,-3.7633325,1356.6,39.9,0.056606398
-1016.1,3694.8,3,2,-3.7542863,1356.4,39.9,0.05674548
-1012.2,3696.7,3.9,1.9,-3.7417997,1356.1,39.9,0.056954103
-446.1,3680,566.1,-16.7,-1.641648,1356,39.9,0.057023644
126.1,3661.6,572.2,-18.4,0.46172776,1356,39.9,0.057023644
127.1,3660.9,1,-0.7,0.46530039,1356,39.9,0.057023644
124.1,3660.7,-3,-0.2,0.45429287,1356.1,39.9,0.056954103
133.1,3660.1,9,-0.6,0.48715931,1356.1,39.9,0.056954103
129.1,3660.1,-4,0,0.47251891,1356.1,39.9,0.056954103
130.1,3659.9,1,-0.2,0.47615299,1356.2,39.9,0.056884562
23,3663.3,-107.1,3.4,0.0842559,1356.2,39.9,0.056884562
33,3663.1,10,-0.2,0.1208823,1356.2,39.9,0.056884562
27,3663.4,-6,0.3,0.0989118,1356.2,39.9,0.056884562
2306,3588.4,2279,-75,8.2748504,1356.8,39.9,0.056467316
2308.1,3583.2,2.1,-5.2,8.2703839,1357.5,39.9,0.055980529
2305,3578.7,-3.1,-4.5,8.2489035,1358.1,39.9,0.055563282
2310.1,3574.4,5.1,-4.3,8.2572214,1358.8,39.9,0.055076495
2306.1,3570.6,-4,-3.8,8.2341607,1359.4,39.9,0.054659249
2306.1,3566.8,0,-3.8,8.2253975,1360,39.9,0.054242003
2310.1,3563,4,-3.8,8.2308863,1360.7,39.9,0.053755216
2308.1,3559.6,-2,-3.4,8.2159128,1361.3,39.9,0.053337969
2312.1,3555.8,4,-3.8,8.2213652,1362,39.9,0.052851182
2311.1,3552.4,-1,-3.4,8.2099516,1362.6,39.9,0.052433936
1928.1,3561.8,-383,9.4,6.8675066,1363.1,39.9,0.052086231
1930.1,3559.3,2,-2.5,6.8698049,1363.7,39.9,0.051668985
1926,3556.9,-4.1,-2.4,6.8505894,1364.2,39.9,0.05132128
1932.1,3554.2,6.1,-2.7,6.8670698,1364.7,39.9,0.050973574
1931.1,3551.7,-1,-2.5,6.8586879,1365.3,39.9,0.050556328
1933.1,3549.1,2,-2.6,6.8607652,1365.8,39.9,0.050208623
-53,3613.2,-1986.1,64.1,-0.1914996,1365.8,39.9,0.050208623
-53,3615.6,0,2.4,-0.1916268,1365.8,39.9,0.050208623
-46,3617.1,7,1.5,-0.1663866,1365.8,39.9,0.050208623
-55,3618.9,-9,1.8,-0.1990395,1365.8,39.9,0.050208623
-63,3620.4,-8,1.5,-0.2280852,1365.7,39.9,0.050278164
-51,3621.1,12,0.7,-0.1846761,1365.7,39.9,0.050278164
-57,3622.3,-6,1.2,-0.2064711,1365.7,39.9,0.050278164
468.1,3605.6,525.1,-16.7,1.6877814,1365.8,39.9,0.050208623
474.2,3604.9,6.1,-0.7,1.7094436,1366,39.9,0.050069541
247.2,3612.1,-227,7.2,0.89291112,1366,39.9,0.050069541
14,3620.2,-233.2,8.1,0.0506828,1366,39.9,0.050069541
12,3621,-2,0.8,0.043452,1366.1,39.9,0.05
16,3621.6,4,0.6,0.0579456,1366.1,39.9,0.05
9,3622.4,-7,0.8,0.0326016,1366.1,39.9,0.05
11,3623,2,0.6,0.039853,1366.1,39.9,0.05
12,3623.5,1,0.5,0.043482,1366.1,39.9,0.05
14,3623.9,2,0.4,0.0507346,1366.1,39.9,0.05
12,3624.4,-2,0.5,0.0434928,1366.1,39.9,0.05
11,3624.9,-1,0.5,0.0398739,1366.1,39.9,0.05
18,3625.1,7,0.2,0.0652518,1366.1,39.9,0.05
14,3625.6,-4,0.5,0.0507584,1366.1,39.9,0.05
13,3626,-1,0.4,0.047138,1366.1,39.9,0.05
16,3626.2,3,0.2,0.0580192,1366.1,40,0.05
9,3626.9,-7,0.7,0.0326421,1366.1,40,0.05
15,3627,6,0.1,0.054405,1366.1,39.9,0.05
15,3627.3,0,0.3,0.0544095,1366.1,39.9,0.05
12,3627.7,-3,0.4,0.0435324,1366.1,40,0.05
14,3627.9,2,0.2,0.0507906,1366.1,40,0.05
15,3628.1,1,0.2,0.0544215,1366.1,40,0.05
13,3628.5,-2,0.4,0.0471705,1366.1,40,0.05
16,3628.6,3,0.1,0.0580576,1366.1,40,0.05
12,3629,-4,0.4,0.043548,1366.1,40,0.05
11,3629.3,-1,0.3,0.0399223,1366.1,39.9,0.05
12,3629.5,1,0.2,0.043554,1366.1,39.9,0.05
13,3629.7,1,0.2,0.0471861,1366.1,39.9,0.05
16,3629.8,3,0.1,0.0580768,1366.1,39.9,0.05
10,3630.2,-6,0.4,0.036302,1366.1,39.9,0.05
11,3630.4,1,0.2,0.0399344,1366.1,39.9,0.05
12,3630.5,1,0.1,0.043566,1366.1,39.9,0.05
15,3630.6,3,0.1,0.054459,1366.2,39.9,0.049930459
13,3630.9,-2,0.3,0.0472017,1366.2,39.9,0.049930459
13,3631,0,0.1,0.047203,1366.2,39.9,0.049930459
19,3631,6,0,0.068989,1366.2,39.9,0.049930459
13,3631.3,-6,0.3,0.0472069,1366.2,39.9,0.049930459
15,3631.4,2,0.1,0.054471,1366.2,39.9,0.049930459
10,3631.7,-5,0.3,0.036317,1366.2,39.9,0.049930459
12,3631.8,2,0.1,0.0435816,1366.2,39.9,0.049930459
17,3631.7,5,-0.1,0.0617389,1366.2,39.9,0.049930459
16,3631.9,-1,0.2,0.0581104,1366.2,39.9,0.049930459
13,3632.1,-3,0.2,0.0472173,1366.2,39.9,0.049930459
12,3632.3,-1,0.2,0.0435876,1366.2,39.9,0.049930459
17,3632.2,5,-0.1,0.0617474,1366.2,39.9,0.049930459
16,3632.4,-1,0.2,0.0581184,1366.2,39.9,0.049930459
14,3632.6,-2,0.2,0.0508564,1366.2,39.9,0.049930459
15,3632.6,1,0,0.054489,1366.2,39.9,0.049930459
11,3632.9,-4,0.3,0.0399619,1366.2,39.9,0.049930459
13,3632.9,2,0,0.0472277,1366.2,39.9,0.049930459
20,3632.8,7,-0.1,0.072656,1366.2,39.9,0.049930459
12,3633.1,-8,0.3,0.0435972,1366.2,39.9,0.049930459
17,3633,5,-0.1,0.061761,1366.2,39.9,0.049930459
14,3633.2,-3,0.2,0.0508648,1366.2,39.9,0.049930459
11,3633.4,-3,0.2,0.0399674,1366.2,39.9,0.049930459
16,3633.3,5,-0.1,0.0581328,1366.2,39.9,0.049930459
14,3633.5,-2,0.2,0.050869,1366.2,39.9,0.049930459
18,3633.4,4,-0.1,0.0654012,1366.3,39.9,0.049860918
18,3633.5,0,0.1,0.065403,1366.3,39.9,0.049860918
7,3633.9,-11,0.4,0.0254373,1366.3,39.9,0.049860918
15,3633.8,8,-0.1,0.054507,1366.3,39.9,0.049860918
13,3633.8,-2,0,0.0472394,1366.3,39.9,0.049860918
10,3634,-3,0.2,0.03634,1366.3,39.9,0.049860918
17,3633.9,7,-0.1,0.0617763,1366.3,39.9,0.049860918
16,3633.9,-1,0,0.0581424,1366.3,39.9,0.049860918
14,3634.1,-2,0.2,0.0508774,1366.3,39.9,0.049860918
9,3634.3,-5,0.2,0.0327087,1366.3,39.9,0.049860918
18,3634.1,9,-0.2,0.0654138,1366.3,39.9,0.049860918
17,3634.2,-1,0.1,0.0617814,1366.3,39.9,0.049860918
15,3634.3,-2,0.1,0.0545145,1366.3,39.9,0.049860918
17,3634.3,2,0,0.0617831,1366.3,39.9,0.049860918
18,3634.2,1,-0.1,0.0654156,1366.3,39.9,0.049860918
18,3634.3,0,0.1,0.0654174,1366.3,39.9,0.049860918
15,3634.4,-3,0.1,0.054516,1366.3,39.9,0.049860918
16,3634.4,1,0,0.0581504,1366.3,39.9,0.049860918
18,3634.4,2,0,0.0654192,1366.3,39.9,0.049860918
19,3634.4,1,0,0.0690536,1366.3,39.9,0.049860918
18,3634.5,-1,0.1,0.065421,1366.3,39.9,0.049860918
17,3634.5,-1,0,0.0617865,1366.3,39.9,0.049860918
15,3634.6,-2,0.1,0.054519,1366.3,39.9,0.049860918
13,3634.8,-2,0.2,0.0472524,1366.4,39.9,0.049791377
13,3634.8,0,0,0.0472524,1366.4,39.9,0.049791377
16,3634.7,3,-0.1,0.0581552,1366.4,39.9,0.049791377
16,3634.8,0,0.1,0.0581568,1366.4,39.9,0.049791377
16,3634.8,0,0,0.0581568,1366.4,39.9,0.049791377
18,3634.8,2,0,0.0654264,1366.4,39.9,0.049791377
22,3634.7,4,-0.1,0.0799634,1366.4,39.9,0.049791377
8,3635.1,-14,0.4,0.0290808,1366.4,39.9,0.049791377
18,3634.8,10,-0.3,0.0654264,1366.4,39.9,0.049791377
13,3635.1,-5,0.3,0.0472563,1366.4,39.9,0.049791377
13,3635.1,0,0,0.0472563,1366.4,39.9,0.049791377
12,3635.2,-1,0.1,0.0436224,1366.4,39.9,0.049791377
13,3635.1,1,-0.1,0.0472563,1366.4,39.9,0.049791377
14,3635.2,1,0.1,0.0508928,1366.4,39.9,0.049791377
18,3635,4,-0.2,0.06543,1366.4,39.9,0.049791377
15,3635.2,-3,0.2,0.054528,1366.4,39.9,0.049791377
13,3635.2,-2,0,0.0472576,1366.4,39.9,0.049791377
20,3635,7,-0.2,0.0727,1366.4,39.9,0.049791377
19,3635.1,-1,0.1,0.0690669,1366.4,39.9,0.049791377
24,3634.9,5,-0.2,0.0872376,1366.4,39.9,0.049791377
11,3635.4,-13,0.5,0.0399894,1366.4,39.9,0.049791377
18,3635.1,7,-0.3,0.0654318,1366.4,39.9,0.049791377
15,3635.3,-3,0.2,0.0545295,1366.4,39.9,0.049791377
17,3635.2,2,-0.1,0.0617984,1366.5,39.9,0.049721836
21,3635.1,4,-0.1,0.0763371,1366.5,39.9,0.049721836
14,3635.4,-7,0.3,0.0508956,1366.5,39.9,0.049721836
18,3635.3,4,-0.1,0.0654354,1366.5,39.9,0.049721836
13,3635.4,-5,0.1,0.0472602,1366.5,39.9,0.049721836
17,3635.3,4,-0.1,0.0618001,1366.5,39.9,0.049721836
14,3635.4,-3,0.1,0.0508956,1366.5,39.9,0.049721836
16,3635.4,2,0,0.0581664,1366.5,39.9,0.049721836
13,3635.5,-3,0.1,0.0472615,1366.5,39.9,0.049721836
18,3635.3,5,-0.2,0.0654354,1366.5,39.9,0.049721836
18,3635.4,0,0.1,0.0654372,1366.5,39.9,0.049721836
13,3635.5,-5,0.1,0.0472615,1366.5,39.9,0.049721836
18,3635.4,5,-0.1,0.0654372,1366.5,39.9,0.049721836
15,3635.5,-3,0.1,0.0545325,1366.5,39.9,0.049721836
16,3635.5,1,0,0.058168,1366.5,39.9,0.049721836
15,3635.5,-1,0,0.0545325,1366.5,39.9,0.049721836
15,3635.6,0,0.1,0.054534,1366.5,39.9,0.049721836
13,3635.6,-2,0,0.0472628,1366.5,39.9,0.049721836
18,3635.5,5,-0.1,0.065439,1366.5,39.9,0.049721836
10,3635.7,-8,0.2,0.036357,1366.5,39.9,0.049721836
16,3635.5,6,-0.2,0.058168,1366.5,39.9,0.049721836
11,3635.7,-5,0.2,0.0399927,1366.5,39.9,0.049721836
14,3635.7,3,0,0.0508998,1366.5,39.9,0.049721836
21,3635.4,7,-0.3,0.0763434,1366.6,39.9,0.049652295
32,3635.1,11,-0.3,0.1163232,1366.6,39.9,0.049652295
32,3635,0,-0.1,0.11632,1366.6,39.9,0.049652295
28,3635.1,-4,0.1,0.1017828,1366.6,39.9,0.049652295
32,3635,4,-0.1,0.11632,1366.6,39.9,0.049652295
34,3634.9,2,-0.1,0.1235866,1366.6,39.9,0.049652295
34,3634.9,0,0,0.1235866,1366.6,39.9,0.049652295
30,3635,-4,0.1,0.10905,1366.6,39.9,0.049652295
31,3634.9,1,-0.1,0.1126819,1366.6,39.9,0.049652295
29,3635,-2,0.1,0.105415,1366.6,39.9,0.049652295
28,3635,-1,0,0.10178,1366.6,39.9,0.049652295
30,3635,2,0,0.10905,1366.6,39.9,0.049652295
28,3635,-2,0,0.10178,1366.7,39.9,0.049582754
32,3634.9,4,-0.1,0.1163168,1366.7,39.9,0.049582754
29,3634.9,-3,0,0.1054121,1366.7,39.9,0.049582754
30,3634.9,1,0,0.109047,1366.7,39.9,0.049582754
32,3634.8,2,-0.1,0.1163136,1366.7,39.9,0.049582754
29,3634.9,-3,0.1,0.1054121,1366.7,39.9,0.049582754
30,3634.9,1,0,0.109047,1366.7,39.9,0.049582754
33,3634.7,3,-0.2,0.1199451,1366.7,39.9,0.049582754
27,3634.9,-6,0.2,0.0981423,1366.7,39.9,0.049582754
28,3634.9,1,0,0.1017772,1366.7,39.9,0.049582754
28,3634.9,0,0,0.1017772,1366.7,39.9,0.049582754
29,3634.9,1,0,0.1054121,1366.7,39.9,0.049582754
32,3634.7,3,-0.2,0.1163104,1366.8,39.9,0.049513213
31,3634.7,-1,0,0.1126757,1366.8,39.9,0.049513213
27,3634.9,-4,0.2,0.0981423,1366.8,39.9,0.049513213
33,3634.6,6,-0.3,0.1199418,1366.8,39.9,0.049513213
32,3634.7,-1,0.1,0.1163104,1366.8,39.9,0.049513213
30,3634.7,-2,0,0.109041,1366.8,39.9,0.049513213
34,3634.6,4,-0.1,0.1235764,1366.8,39.9,0.049513213
31,3634.6,-3,0,0.1126726,1366.8,39.9,0.049513213
24,3634.9,-7,0.3,0.0872376,1366.8,39.9,0.049513213
32,3634.6,8,-0.3,0.1163072,1366.8,39.9,0.049513213
30,3634.6,-2,0,0.109038,1366.8,39.9,0.049513213
30,3634.6,0,0,0.109038,1366.8,39.8,0.049513213
32,3634.5,2,-0.1,0.116304,1366.9,39.8,0.049443672
29,3634.7,-3,0.2,0.1054063,1366.9,39.8,0.049443672
30,3634.6,1,-0.1,0.109038,1366.9,39.8,0.049443672
35,3634.4,5,-0.2,0.127204,1366.9,39.8,0.049443672
34,3634.4,-1,0,0.1235696,1366.9,39.8,0.049443672
34,3634.4,0,0,0.1235696,1366.9,39.8,0.049443672
25,3634.7,-9,0.3,0.0908675,1366.9,39.8,0.049443672
32,3634.4,7,-0.3,0.1163008,1366.9,39.8,0.049443672
29,3634.5,-3,0.1,0.1054005,1366.9,39.8,0.049443672
30,3634.5,1,0,0.109035,1366.9,39.8,0.049443672
28,3634.5,-2,0,0.101766,1366.9,39.8,0.049443672
34,3634.3,6,-0.2,0.1235662,1366.9,39.8,0.049443672
31,3634.4,-3,0.1,0.1126664,1367,39.8,0.049374131
32,3634.3,1,-0.1,0.1162976,1367,39.8,0.049374131
27,3634.5,-5,0.2,0.0981315,1367,39.8,0.049374131
31,3634.4,4,-0.1,0.1126664,1367,39.8,0.049374131
27,3634.5,-4,0.1,0.0981315,1367,39.8,0.049374131
30,3634.4,3,-0.1,0.109032,1367,39.8,0.049374131
31,3634.3,1,-0.1,0.1126633,1367,39.8,0.049374131
30,3634.4,-1,0.1,0.109032,1367,39.8,0.049374131
33,3634.2,3,-0.2,0.1199286,1367,39.8,0.049374131
27,3634.4,-6,0.2,0.0981288,1367,39.8,0.049374131
28,3634.4,1,0,0.1017632,1367,39.8,0.049374131
31,3634.3,3,-0.1,0.1126633,1367,39.8,0.049374131
26,3634.4,-5,0.1,0.0944944,1367.1,39.8,0.04930459
33,3634.2,7,-0.2,0.1199286,1367.1,39.8,0.04930459
34,3634.1,1,-0.1,0.1235594,1367.1,39.8,0.04930459
33,3634.2,-1,0.1,0.1199286,1367.1,39.8,0.04930459
31,3634.2,-2,0,0.1126602,1367.1,39.8,0.04930459
34,3634.1,3,-0.1,0.1235594,1367.1,39.8,0.04930459
34,3634,0,-0.1,0.123556,1367.1,39.8,0.04930459
27,3634.2,-7,0.2,0.0981234,1367.1,39.8,0.04930459
33,3634,6,-0.2,0.119922,1367.1,39.8,0.04930459
36,3634,3,0,0.130824,1367.1,39.8,0.04930459
31,3634.1,-5,0.1,0.1126571,1367.1,39.8,0.04930459
29,3634.1,-2,0,0.1053889,1367.2,39.8,0.049235049
35,3633.9,6,-0.2,0.1271865,1367.2,39.8,0.049235049
32,3634,-3,0.1,0.116288,1367.2,39.8,0.049235049
30,3634,-2,0,0.10902,1367.2,39.8,0.049235049
30,3634,0,0,0.10902,1367.2,39.8,0.049235049
31,3634,1,0,0.112654,1367.2,39.8,0.049235049
31,3634,0,0,0.112654,1367.2,39.8,0.049235049
496.1,3618.4,465.1,-15.6,1.7950882,1367.3,39.8,0.049165508
955.1,3601.8,459,-16.6,3.4400792,1367.6,39.8,0.048956885
956.1,3599.6,1,-2.2,3.4415776,1367.9,39.8,0.048748261
959.1,3597.6,3,-2,3.4504582,1368.1,39.8,0.048609179
958.1,3595.8,-1,-1.8,3.445136,1368.4,39.8,0.048400556
955.2,3594.2,-2.9,-1.6,3.4331798,1368.7,39.8,0.048191933
960.2,3592.4,5,-1.8,3.4494225,1368.9,39.8,0.048052851
959.1,3590.8,-1.1,-1.6,3.4439363,1369.2,39.8,0.047844228
963.1,3589.1,4,-1.7,3.4566622,1369.5,39.8,0.047635605
1184,3580.2,220.9,-8.9,4.2389568,1369.8,39.8,0.047426982
1186,3578,2,-2.2,4.243508,1370.1,39.8,0.047218359
1182.1,3576.1,-3.9,-1.9,4.2273078,1370.5,39.8,0.046940195
1180.1,3574.3,-2,-1.8,4.2180314,1370.8,39.8,0.046731572
1188.1,3572.1,8,-2.2,4.244012,1371.1,39.8,0.046522949
1186.1,3570.3,-2,-1.8,4.2347328,1371.4,39.8,0.046314325
597.2,3588.4,-588.9,18.1,2.1429925,1371.6,39.8,0.046175243
18,3607.7,-579.2,19.3,0.0649386,1371.6,39.8,0.046175243
17,3608.7,-1,1,0.0613479,1371.6,39.8,0.046175243
18,3609.5,1,0.8,0.064971,1371.6,39.8,0.046175243
16,3610.1,-2,0.6,0.0577616,1371.6,39.8,0.046175243
19,3610.5,3,0.4,0.0685995,1371.6,39.8,0.046175243
16,3611,-3,0.5,0.057776,1371.6,39.8,0.046175243
19,3611.4,3,0.4,0.0686166,1371.6,39.8,0.046175243
-541,3630.8,-560,19.4,-1.9642628,1371.5,39.8,0.046244784
-545,3632.6,-4,1.8,-1.979767,1371.3,39.8,0.046383866
-545,3634.1,0,1.5,-1.9805845,1371.2,39.8,0.046453408
-759,3642.8,-214,8.7,-2.7648852,1371,39.8,0.04659249
-978,3652,-219,9.2,-3.571656,1370.7,39.8,0.046801113
-975,3654.2,3,2.2,-3.562845,1370.4,39.8,0.047009736
1085.9,3586.8,2060.9,-67.4,3.8949061,1370.7,39.8,0.046801113
1078.1,3583.9,-7.8,-2.9,3.8638026,1371,39.8,0.04659249
1079.1,3581.2,1,-2.7,3.8644729,1371.3,39.8,0.046383866
1080.1,3578.9,1,-2.3,3.8655699,1371.6,39.8,0.046175243
1083,3578,2.9,-0.9,3.874974,1371.8,39.8,0.046036161
699.8,3593,-383.2,15,2.5143814,1371.8,39.8,0.046036161
700,3591,0.2,-2,2.5137,1372,39.8,0.045897079
700,3589.5,0,-1.5,2.51265,1372.2,39.8,0.045757997
700.1,3588.1,0.1,-1.4,2.5120288,1372.4,39.8,0.045618915
700.1,3586.9,0,-1.2,2.5111887,1372.6,39.8,0.045479833
700.1,3585.8,0,-1.1,2.5104186,1372.8,39.8,0.045340751
700.1,3584.6,0,-1.2,2.5095785,1373,39.8,0.045201669
700.1,3583.5,0,-1.1,2.5088083,1373.2,39.8,0.045062587
700.1,3582.4,0,-1.1,2.5080382,1373.4,39.8,0.044923505
700.1,3581.4,0,-1,2.5073381,1373.6,39.8,0.044784423
700.1,3580.4,0,-1,2.506638,1373.7,39.8,0.044714882
700.1,3579.4,0,-1,2.5059379,1373.9,39.8,0.0445758
700.1,3578.4,0,-1,2.5052378,1374.1,39.8,0.044436718
700.1,3577.3,0,-1.1,2.5044677,1374.3,39.8,0.044297636
700.1,3576.4,0,-0.9,2.5038376,1374.5,39.8,0.044158554
700.1,3575.4,0,-1,2.5031375,1374.7,39.8,0.044019471
700.1,3574.4,0,-1,2.5024374,1374.9,39.8,0.043880389
700.1,3573.5,0,-0.9,2.5018073,1375.1,39.8,0.043741307
700.1,3572.5,0,-1,2.5011072,1375.3,39.8,0.043602225
700.1,3571.5,0,-1,2.5004071,1375.5,39.8,0.043463143
700.1,3570.6,0,-0.9,2.4997771,1375.7,39.8,0.043324061
700.1,3569.6,0,-1,2.499077,1375.9,39.8,0.043184979
700.1,3568.7,0,-0.9,2.4984469,1376.1,39.8,0.043045897
700.1,3567.8,0,-0.9,2.4978168,1376.3,39.8,0.042906815
700.1,3566.9,0,-0.9,2.4971867,1376.5,39.8,0.042767733
700.1,3566,0,-0.9,2.4965566,1376.7,39.8,0.042628651
700.1,3565,0,-1,2.4958565,1376.9,39.8,0.042489569
700.1,3564.1,0,-0.9,2.4952264,1377.1,39.8,0.042350487
700.1,3563.2,0,-0.9,2.4945963,1377.2,39.8,0.042280946
700.1,3562.3,0,-0.9,2.4939662,1377.4,39.8,0.042141864
700.1,3561.3,0,-1,2.4932661,1377.6,39.8,0.042002782
700.1,3560.5,0,-0.8,2.492706,1377.8,39.8,0.0418637
700.1,3559.5,0,-1,2.4920059,1378,39.8,0.041724618
700.1,3558.6,0,-0.9,2.4913759,1378.2,39.8,0.041585535
700.1,3557.7,0,-0.9,2.4907458,1378.4,39.8,0.041446453
700.1,3556.8,0,-0.9,2.4901157,1378.6,39.8,0.041307371
700.1,3555.9,0,-0.9,2.4894856,1378.8,39.8,0.041168289
700.1,3555,0,-0.9,2.4888555,1379,39.8,0.041029207
700.1,3554.1,0,-0.9,2.4882254,1379.2,39.8,0.040890125
700.1,3553.2,0,-0.9,2.4875953,1379.4,39.8,0.040751043
700.1,3552.3,0,-0.9,2.4869652,1379.6,39.8,0.040611961
700.1,3551.4,0,-0.9,2.4863351,1379.8,39.8,0.040472879
700.1,3550.5,0,-0.9,2.485705,1380,39.8,0.040333797
700.1,3549.6,0,-0.9,2.485075,1380.2,39.8,0.040194715
700.1,3548.7,0,-0.9,2.4844449,1380.4,39.8,0.040055633
700.1,3547.8,0,-0.9,2.4838148,1380.6,39.8,0.039916551
700.1,3546.8,0,-1,2.4831147,1380.7,39.8,0.03984701
700.1,3546,0,-0.8,2.4825546,1380.9,39.8,0.039707928
700.1,3545.1,0,-0.9,2.4819245,1381.1,39.8,0.039568846
700.1,3544.2,0,-0.9,2.4812944,1381.3,39.8,0.039429764
700.1,3543.3,0,-0.9,2.4806643,1381.5,39.8,0.039290682
700.1,3542.3,0,-1,2.4799642,1381.7,39.8,0.039151599
700.1,3541.5,0,-0.8,2.4794041,1381.9,39.8,0.039012517
700.1,3540.5,0,-1,2.4787041,1382.1,39.8,0.038873435
700.1,3539.6,0,-0.9,2.478074,1382.3,39.8,0.038734353
700.1,3538.7,0,-0.9,2.4774439,1382.5,39.8,0.038595271
700.1,3537.8,0,-0.9,2.4768138,1382.7,39.8,0.038456189
700.1,3536.9,0,-0.9,2.4761837,1382.9,39.8,0.038317107
700.1,3536,0,-0.9,2.4755536,1383.1,39.8,0.038178025
700.1,3535.1,0,-0.9,2.4749235,1383.3,39.8,0.038038943
700.1,3534.2,0,-0.9,2.4742934,1383.5,39.8,0.037899861
700.1,3533.2,0,-1,2.4735933,1383.7,39.8,0.037760779
700.1,3532.3,0,-0.9,2.4729632,1383.9,39.8,0.037621697
700.1,3531.4,0,-0.9,2.4723331,1384.1,39.8,0.037482615
700.1,3530.4,0,-1,2.471633,1384.2,39.8,0.037413074
700.1,3529.5,0,-0.9,2.4710029,1384.4,39.8,0.037273992
700.1,3528.6,0,-0.9,2.4703729,1384.6,39.8,0.03713491
700.1,3527.7,0,-0.9,2.4697428,1384.8,39.8,0.036995828
700.1,3526.7,0,-1,2.4690427,1385,39.8,0.036856745
700.1,3525.8,0,-0.9,2.4684126,1385.2,39.8,0.036717663
700.1,3524.8,0,-1,2.4677125,1385.4,39.8,0.036578581
700.1,3523.9,0,-0.9,2.4670824,1385.6,39.8,0.036439499
700.1,3522.9,0,-1,2.4663823,1385.8,39.8,0.036300417
700.1,3522,0,-0.9,2.4657522,1386,39.8,0.036161335
700.1,3521.1,0,-0.9,2.4651221,1386.2,39.8,0.036022253
700.1,3520.1,0,-1,2.464422,1386.4,39.9,0.035883171
700.1,3519.2,0,-0.9,2.4637919,1386.6,39.9,0.035744089
700.1,3518.2,0,-1,2.4630918,1386.8,39.9,0.035605007
700.1,3517.3,0,-0.9,2.4624617,1387,39.9,0.035465925
700.1,3516.3,0,-1,2.4617616,1387.2,39.9,0.035326843
700.1,3515.3,0,-1,2.4610615,1387.4,39.9,0.035187761
700.1,3514.4,0,-0.9,2.4604314,1387.6,39.9,0.035048679
700.1,3513.4,0,-1,2.4597313,1387.7,39.9,0.034979138
700.1,3512.5,0,-0.9,2.4591012,1387.9,39.9,0.034840056
700.1,3511.5,0,-1,2.4584011,1388.1,39.9,0.034700974
700.1,3510.5,0,-1,2.457701,1388.3,39.9,0.034561892
700.1,3509.5,0,-1,2.4570009,1388.5,39.9,0.034422809
700.1,3508.6,0,-0.9,2.4563709,1388.7,39.9,0.034283727
700.1,3507.5,0,-1.1,2.4556007,1388.9,39.9,0.034144645
700.1,3506.6,0,-0.9,2.4549707,1389.1,39.9,0.034005563
700.1,3505.5,0,-1.1,2.4542005,1389.3,39.9,0.033866481
700.1,3504.6,0,-0.9,2.4535705,1389.5,39.9,0.033727399
700.1,3503.6,0,-1,2.4528704,1389.7,39.9,0.033588317
700.1,3502.6,0,-1,2.4521703,1389.9,39.9,0.033449235
700.1,3501.6,0,-1,2.4514702,1390.1,39.9,0.033310153
700.1,3500.6,0,-1,2.4507701,1390.3,39.9,0.033171071
700.1,3499.6,0,-1,2.45007,1390.5,39.9,0.033031989
700.1,3498.6,0,-1,2.4493699,1390.7,39.9,0.032892907
700.1,3497.6,0,-1,2.4486698,1390.9,39.9,0.032753825
700.1,3496.5,0,-1.1,2.4478997,1391.1,39.9,0.032614743
700.1,3495.5,0,-1,2.4471995,1391.2,39.9,0.032545202
700.1,3494.5,0,-1,2.4464994,1391.4,39.9,0.03240612
700.1,3493.5,0,-1,2.4457993,1391.6,39.9,0.032267038
700.1,3492.4,0,-1.1,2.4450292,1391.8,39.9,0.032127955
700.1,3491.4,0,-1,2.4443291,1392,39.9,0.031988873
700.1,3490.4,0,-1,2.443629,1392.2,39.9,0.031849791
700.1,3489.3,0,-1.1,2.4428589,1392.4,39.9,0.031710709
700.1,3488.3,0,-1,2.4421588,1392.6,39.9,0.031571627
700.1,3487.2,0,-1.1,2.4413887,1392.8,39.9,0.031432545
700.1,3486.2,0,-1,2.4406886,1393,39.9,0.031293463
700.1,3485.1,0,-1.1,2.4399185,1393.2,39.9,0.031154381
700.1,3484.1,0,-1,2.4392184,1393.4,39.9,0.031015299
700.1,3483,0,-1.1,2.4384483,1393.6,39.9,0.030876217
700.1,3481.9,0,-1.1,2.4376782,1393.8,39.9,0.030737135
700.1,3480.9,0,-1,2.4369781,1394,39.9,0.030598053
700.1,3479.8,0,-1.1,2.436208,1394.2,39.9,0.030458971
700.1,3478.7,0,-1.1,2.4354379,1394.4,39.9,0.030319889
700.1,3477.6,0,-1.1,2.4346678,1394.6,39.9,0.030180807
700.1,3476.5,0,-1.1,2.4338977,1394.7,39.9,0.030111266
700.1,3475.4,0,-1.1,2.4331275,1394.9,39.9,0.029972184
700.1,3474.4,0,-1,2.4324274,1395.1,39.9,0.029833102
700.1,3473.2,0,-1.2,2.4315873,1395.3,39.9,0.029694019
700.1,3472.1,0,-1.1,2.4308172,1395.5,39.9,0.029554937
700.1,3471,0,-1.1,2.4300471,1395.7,39.9,0.029415855
700.1,3469.9,0,-1.1,2.429277,1395.9,39.9,0.029276773
700.1,3468.8,0,-1.1,2.4285069,1396.1,39.9,0.029137691
700.1,3467.6,0,-1.2,2.4276668,1396.3,39.9,0.028998609
700.1,3466.5,0,-1.1,2.4268966,1396.5,39.9,0.028859527
700.1,3465.4,0,-1.1,2.4261265,1396.7,39.9,0.028720445
700.1,3464.3,0,-1.1,2.4253564,1396.9,39.9,0.028581363
700.1,3463.1,0,-1.2,2.4245163,1397.1,39.9,0.028442281
700.1,3462,0,-1.1,2.4237462,1397.3,39.9,0.028303199
700.1,3460.8,0,-1.2,2.4229061,1397.5,39.9,0.028164117
700.1,3459.7,0,-1.1,2.422136,1397.7,39.9,0.028025035
700.1,3458.5,0,-1.2,2.4212958,1397.9,39.9,0.027885953
700.1,3457.3,0,-1.2,2.4204557,1398.1,39.9,0.027746871
700.1,3456.2,0,-1.1,2.4196856,1398.2,39.9,0.02767733
700.1,3455,0,-1.2,2.4188455,1398.4,39.9,0.027538248
700.1,3453.8,0,-1.2,2.4180054,1398.6,39.9,0.027399166
700.1,3452.6,0,-1.2,2.4171653,1398.8,39.9,0.027260083
700.1,3451.5,0,-1.1,2.4163951,1399,39.9,0.027121001
700.1,3450.3,0,-1.2,2.415555,1399.2,39.9,0.026981919
700.1,3449.1,0,-1.2,2.4147149,1399.4,39.9,0.026842837
700.1,3447.9,0,-1.2,2.4138748,1399.6,39.9,0.026703755
700.1,3446.7,0,-1.2,2.4130347,1399.8,39.9,0.026564673
700.1,3445.5,0,-1.2,2.4121945,1400,39.9,0.026425591
700.1,3444.2,0,-1.3,2.4112844,1400.2,39.9,0.026286509
700.1,3443,0,-1.2,2.4104443,1400.4,39.9,0.026147427
700.1,3441.8,0,-1.2,2.4096042,1400.6,39.9,0.026008345
700.1,3440.5,0,-1.3,2.408694,1400.8,39.9,0.025869263
700.1,3439.3,0,-1.2,2.4078539,1401,39.9,0.025730181
700.1,3438.1,0,-1.2,2.4070138,1401.2,39.9,0.025591099
700.1,3436.8,0,-1.3,2.4061037,1401.4,39.9,0.025452017
700.1,3435.5,0,-1.3,2.4051935,1401.6,39.9,0.025312935
700.1,3434.2,0,-1.3,2.4042834,1401.7,39.9,0.025243394
700.1,3433,0,-1.2,2.4034433,1401.9,39.9,0.025104312
700.1,3431.7,0,-1.3,2.4025332,1402.1,39.9,0.024965229
700.1,3430.4,0,-1.3,2.401623,1402.3,39.9,0.024826147
700.1,3429.2,0,-1.2,2.4007829,1402.5,39.9,0.024687065
700.1,3427.8,0,-1.4,2.3998028,1402.7,39.9,0.024547983
700.1,3426.6,0,-1.2,2.3989627,1402.9,39.9,0.024408901
700.1,3425.2,0,-1.4,2.3979825,1403.1,39.9,0.024269819
700.1,3424,0,-1.2,2.3971424,1403.3,39.9,0.024130737
700.1,3422.6,0,-1.4,2.3961623,1403.5,39.9,0.023991655
700.1,3421.3,0,-1.3,2.3952521,1403.7,39.9,0.023852573
700.1,3420,0,-1.3,2.394342,1403.9,39.9,0.023713491
700.1,3418.6,0,-1.4,2.3933619,1404.1,39.9,0.023574409
700.1,3417.3,0,-1.3,2.3924517,1404.3,39.9,0.023435327
700.1,3415.9,0,-1.4,2.3914716,1404.5,39.9,0.023296245
700.1,3414.5,0,-1.4,2.3904914,1404.7,39.9,0.023157163
700.1,3413.2,0,-1.3,2.3895813,1404.9,39.9,0.023018081
700.1,3411.8,0,-1.4,2.3886012,1405.1,39.9,0.022878999
700.1,3410.5,0,-1.3,2.387691,1405.2,39.9,0.022809458
700.1,3409.1,0,-1.4,2.3867109,1405.4,39.9,0.022670376
700.1,3407.6,0,-1.5,2.3856608,1405.6,39.9,0.022531293
700.1,3406.3,0,-1.3,2.3847506,1405.8,39.9,0.022392211
700.1,3404.8,0,-1.5,2.3837005,1406,39.9,0.022253129
700.1,3403.4,0,-1.4,2.3827203,1406.2,39.9,0.022114047
700.1,3402,0,-1.4,2.3817402,1406.4,39.9,0.021974965
700.1,3400.6,0,-1.4,2.3807601,1406.6,39.9,0.021835883
700.1,3399.1,0,-1.5,2.3797099,1406.8,39.9,0.021696801
700.1,3397.7,0,-1.4,2.3787298,1407,39.9,0.021557719
700.1,3396.2,0,-1.5,2.3776796,1407.2,39.9,0.021418637
700.1,3394.8,0,-1.4,2.3766995,1407.4,39.9,0.021279555
700.1,3393.3,0,-1.5,2.3756493,1407.6,39.9,0.021140473
700.1,3391.8,0,-1.5,2.3745992,1407.8,39.9,0.021001391
700.1,3390.3,0,-1.5,2.373549,1408,39.9,0.020862309
700.1,3388.8,0,-1.5,2.3724989,1408.2,39.9,0.020723227
700.1,3387.3,0,-1.5,2.3714487,1408.4,39.9,0.020584145
700.1,3385.8,0,-1.5,2.3703986,1408.6,39.9,0.020445063
700.1,3384.3,0,-1.5,2.3693484,1408.7,39.9,0.020375522
700.1,3382.8,0,-1.5,2.3682983,1408.9,39.9,0.020236439
700.1,3381.2,0,-1.6,2.3671781,1409.1,39.9,0.020097357
700.1,3379.6,0,-1.6,2.366058,1409.3,39.9,0.019958275
700.1,3378.1,0,-1.5,2.3650078,1409.5,39.9,0.019819193
700.1,3376.6,0,-1.5,2.3639577,1409.7,39.9,0.019680111
700.1,3375,0,-1.6,2.3628375,1409.9,39.9,0.019541029
700.1,3373.4,0,-1.6,2.3617173,1410.1,39.9,0.019401947
700.1,3371.8,0,-1.6,2.3605972,1410.3,39.9,0.019262865
700.1,3370.2,0,-1.6,2.359477,1410.5,39.9,0.019123783
700.1,3368.6,0,-1.6,2.3583569,1410.7,39.9,0.018984701
700.1,3366.9,0,-1.7,2.3571667,1410.9,39.9,0.018845619
700.1,3365.3,0,-1.6,2.3560465,1411.1,39.9,0.018706537
700.1,3363.6,0,-1.7,2.3548564,1411.3,39.9,0.018567455
700.1,3362,0,-1.6,2.3537362,1411.5,39.9,0.018428373
700.1,3360.3,0,-1.7,2.352546,1411.7,39.9,0.018289291
700.1,3358.6,0,-1.7,2.3513559,1411.9,39.9,0.018150209
700.1,3357,0,-1.6,2.3502357,1412.1,39.9,0.018011127
700.1,3355.3,0,-1.7,2.3490455,1412.2,39.9,0.017941586
700.1,3353.5,0,-1.8,2.3477853,1412.4,39.9,0.017802503
700.1,3351.8,0,-1.7,2.3465952,1412.6,39.9,0.017663421
700.1,3350.1,0,-1.7,2.345405,1412.8,39.9,0.017524339
700.1,3348.3,0,-1.8,2.3441448,1413,39.9,0.017385257
700.1,3346.6,0,-1.7,2.3429547,1413.2,39.9,0.017246175
700.1,3344.8,0,-1.8,2.3416945,1413.4,39.9,0.017107093
700.1,3343,0,-1.8,2.3404343,1413.6,39.9,0.016968011
700.1,3341.2,0,-1.8,2.3391741,1413.8,39.9,0.016828929
700.1,3339.4,0,-1.8,2.3379139,1414,39.9,0.016689847
700.1,3337.7,0,-1.7,2.3367238,1414.2,39.9,0.016550765
700.1,3335.8,0,-1.9,2.3353936,1414.4,39.9,0.016411683
700.1,3333.9,0,-1.9,2.3340634,1414.6,39.9,0.016272601
700.1,3332.1,0,-1.8,2.3328032,1414.8,39.9,0.016133519
700.1,3330.2,0,-1.9,2.331473,1415,39.9,0.015994437
700.1,3328.4,0,-1.8,2.3302128,1415.2,39.9,0.015855355
700.1,3326.4,0,-2,2.3288126,1415.4,40,0.015716273
700.1,3324.5,0,-1.9,2.3274824,1415.6,40,0.015577191
700.1,3322.6,0,-1.9,2.3261523,1415.8,40,0.015438108
700.1,3320.7,0,-1.9,2.3248221,1415.9,40,0.015368567
700.1,3318.7,0,-2,2.3234219,1416.1,40,0.015229485
700.1,3316.7,0,-2,2.3220217,1416.3,40,0.015090403
700.1,3314.7,0,-2,2.3206215,1416.5,40,0.014951321
700.1,3312.7,0,-2,2.3192213,1416.7,40,0.014812239
700.1,3310.8,0,-1.9,2.3178911,1416.9,40,0.014673157
700.1,3308.7,0,-2.1,2.3164209,1417.1,40,0.014534075
700.1,3306.6,0,-2.1,2.3149507,1417.3,40,0.014394993
700.1,3304.6,0,-2,2.3135505,1417.5,40,0.014255911
700.1,3302.4,0,-2.2,2.3120102,1417.7,40,0.014116829
700.1,3300.3,0,-2.1,2.31054,1417.9,40,0.013977747
700.1,3298.3,0,-2,2.3091398,1418.1,40,0.013838665
700.1,3296.1,0,-2.2,2.3075996,1418.3,40,0.013699583
700.1,3294,0,-2.1,2.3061294,1418.5,40,0.013560501
700.1,3291.7,0,-2.3,2.3045192,1418.7,40,0.013421419
700.1,3289.6,0,-2.1,2.303049,1418.9,40,0.013282337
700.1,3287.4,0,-2.2,2.3015087,1419.1,40,0.013143255
700.1,3285.2,0,-2.2,2.2999685,1419.3,40,0.013004172
700.1,3282.9,0,-2.3,2.2983583,1419.4,40,0.012934631
700.1,3280.6,0,-2.3,2.2967481,1419.6,40,0.012795549
700.1,3278.4,0,-2.2,2.2952078,1419.8,40,0.012656467
700.1,3276,0,-2.4,2.2935276,1420,40,0.012517385
700.1,3273.7,0,-2.3,2.2919174,1420.2,40,0.012378303
700.1,3271.4,0,-2.3,2.2903071,1420.4,40,0.012239221
700.1,3269,0,-2.4,2.2886269,1420.6,40,0.012100139
700.1,3266.6,0,-2.4,2.2869467,1420.8,40,0.011961057
700.1,3264.2,0,-2.4,2.2852664,1421,40,0.011821975
700.1,3261.7,0,-2.5,2.2835162,1421.2,40,0.011682893
700.1,3259.3,0,-2.4,2.2818359,1421.4,40,0.011543811
700.1,3256.8,0,-2.5,2.2800857,1421.6,40,0.011404729
700.1,3254.2,0,-2.6,2.2782654,1421.8,40,0.011265647
700.1,3251.7,0,-2.5,2.2765152,1422,40,0.011126565
700.1,3249.1,0,-2.6,2.2746949,1422.2,40,0.010987483
700.1,3246.5,0,-2.6,2.2728746,1422.4,40,0.010848401
700.1,3243.9,0,-2.6,2.2710544,1422.6,40,0.010709318
700.1,3241.3,0,-2.6,2.2692341,1422.8,40,0.010570236
700.1,3238.6,0,-2.7,2.2673439,1422.9,40,0.010500695
700.1,3235.8,0,-2.8,2.2653836,1423.1,40,0.010361613
700.1,3233.1,0,-2.7,2.2634933,1423.3,40,0.010222531
700.1,3230.4,0,-2.7,2.261603,1423.5,40,0.010083449
700.1,3227.5,0,-2.9,2.2595727,1423.7,40,0.0099443672
700.1,3224.7,0,-2.8,2.2576125,1423.9,40,0.0098052851
700.1,3221.8,0,-2.9,2.2555822,1424.1,40,0.0096662031
700.1,3218.8,0,-3,2.2534819,1424.3,40,0.009527121
700.1,3216,0,-2.8,2.2515216,1424.5,40,0.0093880389
700.1,3212.9,0,-3.1,2.2493513,1424.7,40,0.0092489569
700.1,3209.8,0,-3.1,2.247181,1424.9,40,0.0091098748
700.1,3206.7,0,-3.1,2.2450107,1425.1,40,0.0089707928
700.1,3203.6,0,-3.1,2.2428404,1425.3,40,0.0088317107
700.1,3200.3,0,-3.3,2.24053,1425.5,40,0.0086926287
700.1,3197.1,0,-3.2,2.2382897,1425.7,40,0.0085535466
700.1,3193.8,0,-3.3,2.2359794,1425.9,40,0.0084144645
700.1,3190.4,0,-3.4,2.233599,1426.1,40,0.0082753825
700.1,3187,0,-3.4,2.2312187,1426.3,40,0.0081363004
700.1,3183.4,0,-3.6,2.2286983,1426.4,40,0.0080667594
700.1,3179.9,0,-3.5,2.226248,1426.6,40,0.0079276773
700.1,3176.3,0,-3.6,2.2237276,1426.8,40,0.0077885953
700.1,3172.5,0,-3.8,2.2210672,1427,40,0.0076495132
700.1,3168.7,0,-3.8,2.2184069,1427.2,40,0.0075104312
700.1,3164.8,0,-3.9,2.2156765,1427.4,40,0.0073713491
700.1,3160.8,0,-4,2.2128761,1427.6,40,0.007232267
700.1,3156.8,0,-4,2.2100757,1427.8,40,0.007093185
700.1,3152.5,0,-4.3,2.2070652,1428,40,0.0069541029
700.1,3148.3,0,-4.2,2.2041248,1428.2,40,0.0068150209
700.1,3143.9,0,-4.4,2.2010444,1428.4,40,0.0066759388
700.1,3139.3,0,-4.6,2.1978239,1428.6,40,0.0065368567
700.1,3134.8,0,-4.5,2.1946735,1428.8,40,0.0063977747
700.1,3130,0,-4.8,2.191313,1429,40,0.0062586926
700.1,3125.1,0,-4.9,2.1878825,1429.2,40,0.0061196106
700.1,3120.3,0,-4.8,2.184522,1429.4,40,0.0059805285
700.1,3115.1,0,-5.2,2.1808815,1429.6,40,0.0058414465
700.1,3109.9,0,-5.2,2.177241,1429.8,40,0.0057023644
700.1,3104.6,0,-5.3,2.1735305,1429.9,40,0.0056328234
700.1,3099.1,0,-5.5,2.1696799,1430.1,40,0.0054937413
700.1,3093.5,0,-5.6,2.1657594,1430.3,40,0.0053546592
700.1,3087.8,0,-5.7,2.1617688,1430.5,40,0.0052155772
700.1,3081.9,0,-5.9,2.1576382,1430.7,40,0.0050764951
700.1,3075.9,0,-6,2.1534376,1430.9,40,0.0049374131
700.1,3069.7,0,-6.2,2.149097,1431.1,40,0.004798331
700.1,3063.3,0,-6.4,2.1446163,1431.3,40,0.004659249
700.1,3057,0,-6.3,2.1402057,1431.5,40,0.0045201669
700.1,3050.3,0,-6.7,2.135515,1431.7,40,0.0043810848
700.1,3043.4,0,-6.9,2.1306843,1431.9,40,0.0042420028
700.1,3036.4,0,-7,2.1257836,1432.1,40,0.0041029207
700.1,3029.1,0,-7.3,2.1206729,1432.3,40,0.0039638387
700.1,3021.7,0,-7.4,2.1154922,1432.5,40,0.0038247566
700.1,3014,0,-7.7,2.1101014,1432.7,40,0.0036856745
700.1,3006.1,0,-7.9,2.1045706,1432.9,40,0.0035465925
700.1,2998.1,0,-8,2.0989698,1433.1,40,0.0034075104
700.1,2989.7,0,-8.4,2.093089,1433.3,40,0.0032684284
700.1,2981.1,0,-8.6,2.0870681,1433.4,40,0.0031988873
700.1,2972.5,0,-8.6,2.0810473,1433.6,40,0.0030598053
700.1,2963.5,0,-9,2.0747463,1433.8,40,0.0029207232
700.1,2954.4,0,-9.1,2.0683754,1434,40,0.0027816412
700.1,2945.3,0,-9.1,2.0620045,1434.2,40,0.0026425591
700.1,2935.7,0,-9.6,2.0552836,1434.4,40,0.0025034771
700.1,2926.2,0,-9.5,2.0486326,1434.6,40,0.002364395
700.1,2916.7,0,-9.5,2.0419817,1434.8,40,0.0022253129
700.1,2906.8,0,-9.9,2.0350507,1435,40,0.0020862309
700.1,2896.9,0,-9.9,2.0281197,1435.2,40,0.0019471488
700.1,2887.1,0,-9.8,2.0212587,1435.4,40,0.0018080668
700.1,2876.9,0,-10.2,2.0141177,1435.6,40,0.0016689847
700.1,2866.8,0,-10.1,2.0070467,1435.8,40,0.0015299026
700.1,2856.5,0,-10.3,1.9998356,1436,40,0.0013908206
700.1,2846.1,0,-10.4,1.9925546,1436.2,40,0.0012517385
700.1,2835.9,0,-10.2,1.9854136,1436.4,40,0.0011126565
700.1,2825.3,0,-10.6,1.9779925,1436.6,40,0.00097357441
700.1,2814.7,0,-10.6,1.9705715,1436.8,40,0.00083449235
700.1,2804.2,0,-10.5,1.9632204,1436.9,40,0.00076495132
700.1,2793.5,0,-10.7,1.9557293,1437.1,40,0.00062586926
700.1,2782.8,0,-10.7,1.9482383,1437.3,40,0.0004867872
700.1,2772.3,0,-10.5,1.9408872,1437.5,40,0.00034770515
700.1,2761.6,0,-10.7,1.9333962,1437.7,40,0.00020862309
700.1,2751.1,0,-10.5,1.9260451,1437.9,40,6.9541029e-05
700.1,2749,0,-2.1,1.9245749,1438,40,0
